# HSM/GeV  HNSM/GeV  HS/GeV  T/GeV
1.352939E-04  4.712255E-05  7.384333E-04  8.129759E+01
1.352929E-04  4.712225E-05  7.363599E-04  8.130135E+01
1.352895E-04  4.712098E-05  7.030692E-04  8.130888E+01
1.288470E-04  4.712094E-05  7.030855E-04  8.130903E+01
1.227114E-04  4.712093E-05  7.030770E-04  8.130919E+01
1.227292E-04  4.712687E-05  7.087511E-04  8.134891E+01
1.250717E-04  4.566924E-05  2.391470E-04  8.406054E+01
1.294884E-04  4.713571E-05  -3.341619E-04  8.677217E+01
1.693194E-04  6.011748E-05  -3.282021E-05  1.012342E+02
1.280125E-04  4.595753E-05  1.485820E-04  1.156962E+02
-2.981280E-05  -1.248169E-05  4.101742E-06  1.542616E+02
-1.341811E-05  -5.120064E-06  1.585203E-05  1.868656E+02
-1.020021E-03  -3.308078E-04  -1.786285E-03  2.024377E+02
2.079828E-05  2.774607E-05  3.132542E-06  2.180099E+02
7.674179E-05  2.616305E-05  1.342091E-04  2.491541E+02
7.797808E-05  2.667952E-05  1.232166E-04  2.492541E+02
7.921438E-05  2.719599E-05  1.245457E-04  2.493541E+02
-1.481200E-07  -9.977763E-07  -3.429415E-05  2.690958E+02
-8.759409E-07  -1.696923E-06  -6.169657E-05  2.896743E+02
2.096917E-04  5.952428E-05  6.969527E-04  2.962992E+02
-1.923251E-04  -7.791015E-05  -9.674701E-04  3.029242E+02
-5.832937E-04  -2.153696E-04  -9.669474E-04  3.128339E+02
-1.253979E-06  -2.105853E-06  -9.461064E-06  3.227437E+02
-7.947957E-05  -2.285269E-05  -3.288373E-05  3.343891E+02
-4.589298E-06  -5.043701E-06  5.867926E-05  3.460345E+02
-2.328182E-06  8.631556E-07  1.028271E-05  3.721017E+02
8.189646E-06  1.397466E-06  7.548330E-06  4.116808E+02
1.734500E-03  5.472385E-04  -1.212769E-03  4.314703E+02
-3.444167E-05  -1.214861E-05  3.322612E-05  4.413651E+02
-3.085740E-04  -1.089202E-04  1.160189E-03  4.463125E+02
-8.156319E-06  -3.564802E-06  -2.757945E-05  4.512599E+02
-1.245401E-05  5.577713E-07  -1.088307E-05  4.581171E+02
4.699909E-06  9.548346E-06  -7.122564E-05  4.621665E+02
-2.810670E-04  -8.996469E-05  5.177300E-05  4.662159E+02
2.154505E-06  -2.889625E-06  -6.209131E-05  4.745888E+02
-1.053982E-04  -2.955226E-05  -3.677626E-05  4.821471E+02
3.020620E-05  4.367300E-06  2.286128E-06  4.898085E+02
-4.592745E-07  -4.135039E-06  -4.165420E-05  4.988267E+02
3.660541E-05  9.207337E-06  -6.209369E-05  5.066402E+02
8.149931E-06  -8.259791E-07  3.409425E-05  5.144600E+02
-1.727579E-05  -1.162094E-05  2.897336E-05  5.258556E+02
-1.971688E-03  -7.324469E-04  6.521058E-04  5.332898E+02
-2.650777E-05  5.583305E-06  -2.634129E-05  5.407240E+02
-7.704852E-04  -1.874922E-04  1.172283E-03  5.485062E+02
-4.360506E-06  4.269400E-05  9.935885E-04  5.513854E+02
6.768416E-04  2.303722E-04  1.663005E-03  5.542646E+02
3.495433E-05  7.026326E-06  -9.707289E-06  5.746873E+02
-2.898257E-05  -6.739979E-06  -6.313859E-05  5.835541E+02
1.377245E-05  1.328760E-05  -6.346172E-07  5.924208E+02
-3.986663E-05  -1.689115E-05  -5.122770E-06  5.964542E+02
-2.444272E-04  -1.069464E-04  7.855948E-05  5.984709E+02
-8.956864E-05  -2.941295E-05  1.400288E-03  6.004876E+02
-3.234944E-04  -1.639836E-04  1.119226E-05  6.040465E+02
-1.204930E-05  -9.662816E-07  1.455122E-05  6.076055E+02
-1.775434E-04  -5.277646E-05  -3.268128E-05  6.099869E+02
3.947813E-04  9.681448E-05  -9.941420E-04  6.123684E+02
-5.030671E-05  -2.447538E-05  1.663535E-05  6.144666E+02
6.807235E-05  -3.898099E-05  -1.801850E-03  6.165648E+02
-2.642403E-06  8.187908E-06  5.080804E-05  6.189285E+02
1.322626E-04  1.133941E-04  -1.795189E-03  6.208556E+02
-5.641776E-05  -1.372742E-05  -6.011777E-05  6.227827E+02
-4.278089E-05  -2.287634E-05  -8.675747E-04  6.270921E+02
-4.407099E-05  2.561759E-05  -1.736233E-03  6.305572E+02
2.733765E-05  9.665032E-06  1.199858E-03  6.340222E+02
-1.646938E-04  -9.957719E-05  -1.106441E-05  6.383954E+02
-2.302138E-05  2.829804E-06  6.745134E-05  6.427030E+02
8.894904E-06  -6.786624E-07  -3.271339E-05  6.470107E+02
7.558868E-06  1.065738E-05  -9.852908E-06  6.518064E+02
1.033943E-04  6.562273E-05  1.644248E-05  6.554121E+02
-5.540837E-05  2.469841E-05  2.484485E-04  6.590178E+02
-9.329292E-08  -5.850791E-07  1.053138E-05  6.625212E+02
1.481692E-05  -8.605887E-07  -2.623574E-05  6.659152E+02
8.104103E-04  8.368693E-05  -9.432587E-04  6.685945E+02
1.690268E-04  1.063351E-04  -4.145775E-05  6.712738E+02
5.041648E-05  1.585294E-05  3.001482E-05  6.778919E+02
2.940297E-05  2.005688E-05  -2.486315E-05  6.844906E+02
-1.577307E-03  -5.271194E-04  -9.917719E-04  6.878149E+02
-3.404328E-04  -1.463586E-04  -2.937182E-06  6.911392E+02
2.201256E-04  1.374594E-04  -3.426682E-06  6.940281E+02
1.377343E-05  1.071312E-06  5.841282E-05  6.967009E+02
-1.800942E-03  -8.497302E-04  -1.682374E-03  7.018333E+02
1.905834E-05  2.114776E-05  -4.965384E-05  7.100773E+02
1.075620E-03  2.042575E-04  -5.452330E-05  7.141993E+02
6.602432E-08  -8.909300E-06  -3.508725E-05  7.162603E+02
1.219887E-03  5.734921E-04  -2.552112E-04  7.183213E+02
-1.719009E-05  -8.576027E-06  4.096056E-05  7.207056E+02
2.193094E-05  1.187305E-05  1.274309E-05  7.228556E+02
-2.814913E-04  -2.100675E-04  -8.033336E-05  7.249556E+02
1.025916E-05  -9.087308E-06  -1.588592E-05  7.270458E+02
9.732313E-06  7.344386E-06  -1.960306E-05  7.301785E+02
2.758745E-05  2.854571E-06  -9.889701E-05  7.339586E+02
7.645677E-06  -7.744192E-06  -6.766808E-04  7.377387E+02
1.165517E-04  -2.197980E-04  1.686792E-03  7.409012E+02
-1.637408E-05  9.450400E-07  6.095696E-05  7.424825E+02
2.969423E-05  1.846139E-05  4.762609E-05  7.440637E+02
1.393093E-05  3.131630E-06  -1.382540E-05  7.460780E+02
-2.730551E-05  -1.600041E-05  2.607323E-05  7.480989E+02
1.243068E-03  3.133423E-04  1.155891E-03  7.515412E+02
-2.600701E-08  -1.052179E-05  -2.784311E-05  7.542783E+02
-1.413318E-03  -4.030387E-04  1.614984E-03  7.570154E+02
-4.408298E-05  -2.591558E-06  -5.522519E-04  7.619481E+02
2.794089E-05  1.191968E-05  -2.791779E-05  7.668808E+02
4.078556E-05  7.352225E-06  6.128701E-05  7.721520E+02
4.715506E-05  6.682976E-06  -2.239643E-05  7.771901E+02
9.580864E-04  2.702890E-04  7.443486E-04  7.791873E+02
7.154749E-04  3.871304E-04  1.247904E-03  7.811844E+02
-2.490386E-04  -2.513418E-04  -7.335841E-05  7.850481E+02
-2.357239E-04  -1.961799E-04  1.450775E-04  7.889118E+02
3.500808E-05  9.745292E-06  6.257395E-04  7.912016E+02
-1.252321E-03  -5.406136E-04  -1.704971E-03  7.934915E+02
2.512588E-04  1.971702E-04  7.130984E-06  7.961198E+02
-1.702690E-05  7.801370E-06  3.345228E-05  7.987480E+02
-1.956112E-05  -1.328677E-06  4.239327E-05  8.011715E+02
3.320470E-05  -1.234979E-05  -7.202665E-04  8.036030E+02
1.209800E-05  -2.178597E-05  -2.556466E-05  8.091360E+02
-5.429536E-05  -4.507365E-05  1.419353E-03  8.146691E+02
1.015059E-05  -9.127878E-06  2.014792E-05  8.164399E+02
-2.153721E-04  -1.312432E-04  2.837823E-05  8.182107E+02
-6.565196E-05  -1.688969E-04  -1.755857E-03  8.201563E+02
2.169621E-05  1.897874E-05  5.413175E-05  8.237034E+02
-5.550108E-06  -1.923715E-05  1.666567E-05  8.272505E+02
-6.178433E-04  -2.727368E-04  1.395382E-04  8.314890E+02
-3.802195E-05  -1.595817E-05  4.005777E-06  8.346583E+02
-3.014304E-06  -6.819466E-06  -3.256938E-05  8.378277E+02
1.610096E-06  4.319982E-06  -2.939501E-05  8.396443E+02
-1.587485E-03  -5.109396E-04  5.283404E-04  8.414608E+02
2.357210E-05  2.563126E-05  -3.341359E-05  8.431129E+02
6.387907E-04  5.833033E-04  -7.982729E-04  8.449565E+02
-2.256627E-05  1.032677E-05  6.038045E-05  8.503520E+02
2.483212E-04  6.829482E-05  5.280302E-05  8.579696E+02
-5.216732E-05  -6.897889E-05  2.135253E-03  8.631770E+02
-1.846878E-05  1.546221E-06  -7.719998E-05  8.683845E+02
2.099087E-05  1.234703E-06  -4.275599E-06  8.742465E+02
1.729280E-05  7.289450E-06  -1.131268E-05  8.784364E+02
-4.026601E-05  -6.250261E-05  1.728317E-03  8.805313E+02
-1.515543E-03  -7.604779E-05  3.138529E-04  8.826262E+02
9.975039E-06  1.129587E-05  4.368069E-05  8.842655E+02
-1.949178E-05  -9.338681E-06  6.768825E-06  8.859049E+02
1.354180E-05  -5.366376E-07  -4.946592E-05  8.877021E+02
-1.132529E-03  -4.347121E-04  1.123753E-03  8.894992E+02
-4.920264E-04  -3.810687E-04  1.632137E-04  8.911478E+02
1.101767E-04  1.144447E-04  -4.358557E-06  8.927964E+02
1.520690E-03  7.317558E-04  -5.325132E-04  8.947200E+02
5.590530E-06  1.373262E-05  3.949148E-05  8.966437E+02
6.723335E-05  2.633149E-05  4.285584E-06  8.993180E+02
-8.835022E-07  -3.866005E-06  4.213189E-06  9.025488E+02
8.489827E-06  1.372429E-05  4.020260E-05  9.063025E+02
7.486984E-04  3.677256E-05  3.599920E-04  9.072958E+02
4.587382E-04  -4.872207E-05  1.549980E-03  9.082891E+02
-9.522792E-06  -5.713404E-07  7.247614E-05  9.093934E+02
2.704703E-05  1.909695E-05  2.171812E-05  9.104977E+02
2.056633E-05  2.470880E-05  -4.935023E-05  9.119726E+02
-1.380165E-05  1.176211E-05  4.874072E-05  9.134476E+02
-1.227384E-05  -9.524245E-06  -3.154226E-05  9.145419E+02
8.684983E-05  -2.159207E-04  -1.612544E-03  9.156363E+02
-6.055496E-06  1.425444E-05  3.561225E-05  9.196322E+02
4.914689E-05  4.008381E-06  -6.737978E-05  9.250869E+02
-7.535838E-06  1.647537E-05  -6.272650E-05  9.278143E+02
9.813624E-07  5.567286E-07  -3.462915E-05  9.305416E+02
-2.909553E-04  -2.725761E-04  -1.527419E-03  9.344919E+02
-3.876960E-05  -2.158861E-05  -2.753370E-05  9.384423E+02
-3.059121E-05  1.128125E-06  -5.181778E-05  9.435917E+02
-5.303353E-05  -2.840102E-05  5.236464E-05  9.471342E+02
5.155474E-06  -8.798276E-06  -3.709339E-05  9.506767E+02
5.798718E-05  3.042279E-06  6.789278E-05  9.524985E+02
9.171078E-06  -1.035109E-05  7.852425E-06  9.543203E+02
-2.070038E-05  -1.680219E-06  8.544318E-06  9.573412E+02
3.108951E-05  8.734407E-05  5.814110E-05  9.603412E+02
7.691230E-07  -9.771585E-06  9.871843E-05  9.649433E+02
2.108255E-05  2.015846E-05  8.779071E-06  9.695453E+02
5.780035E-05  2.268427E-05  8.226354E-04  9.734669E+02
8.472935E-05  -1.430712E-05  1.010845E-03  9.746082E+02
2.141059E-05  6.387020E-06  -2.084851E-05  9.757495E+02
5.314888E-05  1.575223E-05  -9.782290E-05  9.785004E+02
-2.826224E-05  -1.156169E-05  -3.635013E-05  9.811161E+02
3.385490E-05  7.550570E-05  -1.559156E-03  9.836945E+02
-3.804772E-04  -8.625382E-05  -7.387401E-05  9.847541E+02
-7.170013E-04  -4.365438E-04  1.827481E-03  9.858137E+02
-1.623445E-05  -6.521996E-06  -6.311221E-05  9.867184E+02
-4.186967E-04  -1.490195E-04  1.302295E-03  9.876231E+02
3.410589E-05  2.379812E-05  1.191000E-05  9.894443E+02
2.399424E-04  2.269338E-04  -1.142117E-04  9.912655E+02
6.628474E-05  4.384441E-05  2.067779E-03  9.945543E+02
6.618628E-05  6.869951E-06  -4.792031E-05  9.961987E+02
1.339955E-04  1.945881E-04  9.791542E-05  9.978431E+02
-2.062564E-05  3.721934E-06  -8.432228E-05  9.989226E+02
-7.450540E-04  -5.324227E-04  -1.126921E-03  1.000000E+03
