# HSM/GeV  HNSM/GeV  HS/GeV  T/GeV
-4.173799E-05  -1.365978E-05  1.831375E-02  2.844873E+02
-4.099975E-05  -1.511865E-05  1.672839E-02  2.844877E+02
-4.200425E-05  -1.485522E-05  1.606633E-02  2.844880E+02
-4.202221E-05  -1.485597E-05  1.547749E-02  2.844907E+02
-4.207341E-05  -1.486429E-05  1.578071E-02  2.844961E+02
-4.513234E-05  -1.420467E-05  1.481104E-02  2.844986E+02
-4.709984E-05  -1.395362E-05  1.369337E-02  2.845011E+02
-5.028691E-05  -1.429324E-05  1.100261E-02  2.845213E+02
-5.283886E-05  -1.541904E-05  5.339854E-03  2.846637E+02
-6.390502E-05  -1.845317E-05  3.884178E-03  2.848060E+02
-3.170109E-05  -8.369747E-06  -2.040322E-04  2.850858E+02
-5.413441E-06  4.685053E-07  -2.073294E-04  2.853655E+02
1.371287E-04  5.053464E-05  -1.957304E-03  2.864846E+02
1.021134E-04  4.180124E-05  1.698335E-04  2.873987E+02
1.133507E-06  -5.625679E-07  5.477893E-05  2.881160E+02
-1.380406E-04  -4.514254E-05  -3.387574E-04  2.888334E+02
-8.007069E-05  -3.081628E-05  -2.200095E-04  2.899044E+02
-2.730903E-05  -5.125982E-06  -1.632815E-03  2.905307E+02
5.458363E-05  2.169056E-05  -2.625682E-05  2.911570E+02
4.848964E-05  1.805595E-05  2.304383E-04  2.925168E+02
-3.355350E-05  -8.007105E-06  -1.233762E-04  2.933173E+02
2.541787E-07  4.583237E-07  1.312713E-03  2.941178E+02
9.287227E-06  3.351971E-06  2.646443E-04  2.942178E+02
1.832027E-05  6.267444E-06  -7.834243E-04  2.943178E+02
5.040327E-05  2.240463E-05  3.910125E-05  2.948968E+02
1.282793E-04  4.256989E-05  1.532000E-04  2.958221E+02
-9.715382E-06  -3.311598E-06  -4.471086E-05  2.966483E+02
3.403156E-05  1.028964E-05  -3.833730E-05  2.975944E+02
5.971078E-05  2.164312E-05  -3.217443E-05  2.985191E+02
4.383582E-06  2.339240E-06  -1.294313E-03  2.997982E+02
1.752188E-05  7.915907E-06  9.686732E-05  3.006084E+02
7.941670E-05  2.462850E-05  7.209892E-04  3.014186E+02
5.891844E-05  1.520620E-05  1.366626E-04  3.025225E+02
5.266953E-06  6.936476E-07  -4.816400E-05  3.038113E+02
9.969922E-07  -9.602671E-07  1.056182E-04  3.082622E+02
-1.579249E-05  -4.795377E-06  -3.292808E-05  3.146281E+02
-5.980284E-06  -2.757191E-06  -9.944981E-05  3.177009E+02
9.192877E-05  3.325693E-05  6.722257E-05  3.207737E+02
6.880292E-06  -1.696162E-06  4.260921E-05  3.240310E+02
-1.975144E-05  -5.346317E-06  4.985107E-05  3.272883E+02
-4.117577E-06  1.910205E-06  1.858827E-05  3.309624E+02
2.763126E-06  1.723401E-05  2.310761E-05  3.332202E+02
-7.139848E-05  -2.313290E-05  4.942447E-05  3.354780E+02
-3.025099E-04  -1.274678E-04  -1.621391E-04  3.389226E+02
2.500711E-06  6.478851E-07  1.545805E-05  3.423672E+02
-1.894256E-05  -5.308861E-06  2.804135E-05  3.456605E+02
6.782855E-05  2.532049E-05  -1.360980E-05  3.488966E+02
3.628854E-04  1.822053E-04  -1.557450E-03  3.546717E+02
-2.476808E-05  -6.996146E-06  5.462213E-06  3.597713E+02
-1.663589E-04  -6.051362E-05  6.721311E-05  3.648709E+02
-2.931267E-04  -1.005783E-04  1.608463E-03  3.716583E+02
-8.494327E-05  -3.887144E-05  -7.082986E-05  3.770410E+02
-2.005806E-04  -4.478789E-05  -3.114174E-04  3.824238E+02
2.964858E-04  1.262797E-04  -9.008686E-05  3.910865E+02
5.212380E-04  1.874934E-04  4.186837E-04  3.992725E+02
4.842329E-08  3.583984E-06  -2.381218E-05  4.069979E+02
-2.264551E-05  -8.205146E-06  -2.337526E-05  4.105179E+02
-1.718485E-04  -5.775374E-05  6.053425E-06  4.140379E+02
2.387342E-06  -5.205406E-07  -5.096068E-05  4.186407E+02
-8.214192E-04  -2.563800E-04  1.392374E-03  4.232265E+02
-1.144896E-03  -3.793075E-04  1.655091E-04  4.255194E+02
1.066448E-05  4.547474E-06  5.641411E-05  4.278124E+02
-6.028190E-06  3.440024E-05  -1.405201E-04  4.315381E+02
3.269765E-06  1.722007E-06  -4.554191E-05  4.372663E+02
2.135518E-05  3.793732E-06  5.535325E-06  4.423632E+02
5.192389E-06  9.012480E-06  -5.420128E-05  4.474426E+02
-1.292134E-05  1.119571E-06  3.889830E-05  4.520415E+02
-1.876919E-04  -8.869053E-05  -4.915048E-06  4.543753E+02
1.815639E-05  8.344136E-06  -4.879001E-05  4.567090E+02
-2.328894E-04  -2.208381E-05  -1.178659E-03  4.593491E+02
9.795326E-06  5.367398E-06  -6.667227E-05  4.622879E+02
-6.283940E-04  -1.034086E-04  -1.493130E-03  4.652267E+02
8.404859E-04  5.763677E-04  2.484767E-04  4.703322E+02
2.336651E-05  1.007208E-05  1.325098E-05  4.754376E+02
6.723315E-06  -3.699492E-06  2.294310E-05  4.793487E+02
2.489068E-05  1.060209E-05  -6.775721E-04  4.832597E+02
8.816998E-05  -7.301228E-05  9.773647E-04  4.879645E+02
-3.343645E-05  -2.045830E-05  -2.266976E-05  4.926693E+02
7.028407E-05  4.429221E-05  -1.139852E-05  4.960806E+02
2.851139E-04  1.720109E-04  1.834505E-03  4.994920E+02
-1.206110E-04  -3.429616E-05  -9.209448E-06  5.026614E+02
1.022378E-05  1.923154E-06  -4.942928E-05  5.058308E+02
-1.577508E-04  -9.872036E-05  -1.413365E-05  5.116463E+02
-1.940151E-05  2.615590E-06  -3.203416E-05  5.175179E+02
2.459911E-05  1.336131E-05  -1.707597E-05  5.230208E+02
-2.462400E-04  -1.273852E-04  1.565923E-05  5.257759E+02
-1.493140E-03  -4.478722E-04  -6.146926E-04  5.285310E+02
1.652771E-05  9.528051E-07  -2.516057E-05  5.348444E+02
-6.369695E-04  -2.675635E-04  4.312943E-04  5.369023E+02
-1.608839E-05  -2.902731E-06  2.753451E-06  5.389602E+02
5.937238E-04  2.617710E-04  -1.345202E-03  5.427957E+02
-1.239692E-05  1.326238E-05  -4.524413E-05  5.466312E+02
1.691063E-04  1.246041E-04  1.333027E-04  5.548700E+02
-2.530765E-05  -1.248426E-05  -2.421699E-05  5.745338E+02
-1.369200E-03  -4.261799E-04  -2.855939E-05  5.794579E+02
2.034961E-05  -1.309405E-06  -3.789775E-05  5.843819E+02
-2.767495E-05  1.485957E-06  7.110634E-06  5.896882E+02
1.184055E-03  3.811269E-04  -7.647600E-04  5.951402E+02
-2.096492E-05  -2.975028E-06  1.913966E-05  5.991012E+02
-1.526556E-05  -4.030603E-06  -4.279796E-07  6.030623E+02
5.067865E-06  -6.530827E-05  -1.271660E-04  6.059443E+02
-5.643849E-06  9.317200E-06  -3.404079E-06  6.088263E+02
1.370397E-05  -6.021661E-06  -2.993700E-05  6.136496E+02
-3.688149E-05  -5.113977E-05  1.072302E-03  6.199437E+02
-1.634209E-05  9.899368E-07  2.200657E-05  6.262379E+02
5.866342E-06  9.367098E-06  -4.407944E-05  6.374905E+02
9.139253E-06  1.008413E-05  -1.385947E-05  6.576402E+02
-3.124651E-04  -2.938626E-04  1.558101E-04  6.626802E+02
6.709198E-05  5.393053E-05  -5.434782E-05  6.652002E+02
1.882049E-04  6.356074E-05  -9.308922E-05  6.677202E+02
-2.220820E-05  6.404501E-06  -1.049247E-05  6.727821E+02
-8.428739E-06  -6.764194E-06  -2.500684E-05  6.778085E+02
2.605040E-04  1.782869E-04  -1.032013E-04  6.800802E+02
6.349834E-04  3.606372E-04  1.389434E-03  6.823519E+02
1.516969E-05  1.964771E-05  5.015835E-05  6.888567E+02
1.763713E-05  -4.548876E-06  -5.716625E-06  6.953615E+02
9.987459E-06  -4.020864E-06  -3.017733E-05  6.992964E+02
-2.786256E-05  -2.605205E-05  1.044725E-05  7.032312E+02
6.574794E-09  -5.578934E-06  -2.255908E-05  7.079628E+02
6.107967E-05  5.323500E-06  -9.632252E-05  7.135909E+02
2.267035E-05  6.297724E-06  -3.169005E-05  7.192190E+02
-4.032442E-04  -1.506049E-04  1.126968E-04  7.239013E+02
-9.392251E-06  -7.677166E-06  -1.423786E-04  7.285836E+02
9.135513E-04  2.823266E-04  1.356261E-03  7.306039E+02
-5.362349E-05  -2.272480E-05  -1.515985E-05  7.326242E+02
1.371081E-03  5.304101E-04  -9.571218E-04  7.373291E+02
-1.537246E-04  -5.890855E-05  7.098376E-05  7.420340E+02
-3.695687E-05  -3.054704E-06  -2.668971E-05  7.475336E+02
2.302593E-05  -3.905636E-07  1.036246E-05  7.544626E+02
-1.218040E-03  -3.819404E-04  1.761186E-03  7.562895E+02
-4.583830E-04  -1.150078E-04  -4.524435E-04  7.581164E+02
-1.042192E-05  -1.550883E-05  2.906651E-05  7.616682E+02
-2.474756E-05  -2.385090E-05  3.409337E-06  7.638696E+02
-7.088945E-04  -4.478818E-04  -1.489877E-04  7.649703E+02
1.928722E-05  2.770692E-06  2.081849E-05  7.660709E+02
-3.083347E-05  -1.158926E-05  -9.854818E-06  7.691549E+02
-3.452617E-05  -9.108954E-06  -4.399622E-05  7.708611E+02
-1.410192E-03  -7.098643E-04  1.345266E-03  7.725672E+02
-3.846991E-05  -2.619635E-06  -2.201066E-05  7.744896E+02
3.435908E-04  1.250802E-04  -8.183469E-05  7.764121E+02
8.315206E-07  -1.340700E-05  3.837511E-05  7.788115E+02
-6.265256E-06  1.488104E-05  -1.962225E-07  7.812065E+02
1.276591E-03  5.041883E-04  1.040564E-04  7.836236E+02
3.407579E-05  -5.137514E-07  2.946131E-05  7.902719E+02
-5.800849E-05  -7.946525E-05  -7.316622E-06  7.969202E+02
-4.269081E-04  -2.056565E-04  5.707978E-04  7.987311E+02
1.164807E-05  1.543558E-05  5.651955E-05  8.005420E+02
-9.037047E-04  -3.365811E-04  1.685863E-03  8.031223E+02
-1.288118E-03  -4.525953E-04  -3.950491E-04  8.074896E+02
-1.824992E-03  -3.544989E-04  -1.156194E-03  8.096733E+02
4.418766E-05  5.249130E-06  1.266107E-05  8.118569E+02
2.240511E-05  8.233261E-06  -3.523659E-05  8.176686E+02
9.362348E-06  -6.990960E-06  2.662268E-05  8.245457E+02
1.159491E-04  4.372857E-05  6.232900E-05  8.262184E+02
5.189801E-06  -5.902887E-07  2.827542E-05  8.278911E+02
-2.232953E-05  -2.361889E-05  -5.938387E-05  8.302971E+02
3.253082E-05  -2.429749E-06  7.108135E-05  8.327031E+02
2.543226E-05  2.202587E-06  -1.912765E-05  8.352552E+02
-2.092068E-05  -2.914407E-06  1.314308E-05  8.378295E+02
8.649847E-04  1.860215E-04  1.541872E-04  8.418579E+02
-3.953055E-06  2.147991E-06  -5.829625E-05  8.458212E+02
-3.285256E-05  -1.137614E-05  -1.923331E-05  8.497846E+02
3.325106E-05  2.550749E-05  -6.456988E-05  8.531162E+02
-5.064666E-05  -3.706483E-05  7.351453E-05  8.564332E+02
2.489849E-05  2.257091E-05  3.309253E-05  8.615612E+02
-3.012709E-06  -2.098088E-07  -7.504732E-06  8.641373E+02
-3.943326E-05  -2.951791E-05  -2.900849E-06  8.667134E+02
4.937815E-05  3.420605E-06  -3.455720E-04  8.699006E+02
-7.665034E-05  3.037985E-05  1.212704E-03  8.730879E+02
-9.123609E-06  -4.609553E-06  2.862632E-05  8.747153E+02
-6.242658E-05  -1.751594E-05  2.111053E-05  8.763427E+02
-2.613461E-04  -7.668761E-05  -1.673079E-05  8.806674E+02
8.426322E-06  1.914151E-05  5.978350E-06  8.822526E+02
-2.241970E-06  -1.957873E-06  -3.112242E-05  8.838379E+02
9.460183E-05  1.874612E-04  -1.403963E-05  8.854026E+02
1.858723E-04  1.514995E-04  7.447964E-05  8.869762E+02
-3.419091E-05  -2.086636E-05  3.938442E-05  8.888214E+02
4.229243E-05  2.029709E-06  5.493021E-06  8.912343E+02
-1.732702E-05  2.165517E-05  -5.454472E-05  8.936473E+02
-5.351140E-04  -2.045337E-04  1.356674E-04  8.955953E+02
1.851960E-05  7.840743E-06  1.268543E-04  8.975434E+02
-3.300322E-04  -1.363855E-04  -2.138314E-05  8.991964E+02
6.528586E-06  1.372371E-05  -2.929425E-06  9.009091E+02
-8.531970E-05  -1.578636E-04  2.605251E-05  9.034829E+02
-1.804601E-05  3.138037E-06  -6.212205E-05  9.086600E+02
2.297919E-05  -1.432185E-05  -5.212382E-05  9.137095E+02
1.291276E-04  1.491548E-04  1.308329E-04  9.164775E+02
-3.588753E-05  1.530118E-06  6.424753E-05  9.178615E+02
-1.885827E-05  -2.332255E-06  -2.543936E-05  9.192455E+02
8.008018E-04  3.962262E-04  3.254821E-04  9.201477E+02
2.345792E-04  2.190316E-04  3.344172E-05  9.210498E+02
3.125816E-04  3.391437E-04  -5.250394E-04  9.216849E+02
6.874725E-04  3.900188E-04  -3.117628E-04  9.223200E+02
-4.208049E-05  8.090815E-06  1.132454E-05  9.246331E+02
1.095934E-05  -3.671728E-06  -5.051928E-05  9.257368E+02
-5.318256E-04  -3.482757E-04  1.988042E-03  9.268405E+02
3.534523E-05  -6.070012E-06  -1.970348E-07  9.292451E+02
4.556511E-05  1.684503E-05  1.911926E-05  9.316497E+02
7.502172E-06  -2.173771E-05  1.211116E-04  9.348254E+02
3.770796E-05  1.614419E-05  -1.823033E-05  9.380187E+02
2.907736E-04  5.851162E-04  -6.701639E-04  9.398086E+02
6.464958E-04  1.895510E-04  2.094945E-04  9.415986E+02
4.148515E-05  3.302604E-06  8.582685E-06  9.432514E+02
8.844902E-04  6.675640E-04  -2.704805E-04  9.440019E+02
-5.071771E-06  -1.080737E-06  -1.783608E-05  9.447524E+02
2.231646E-04  3.057810E-04  -7.230788E-05  9.460360E+02
9.419271E-05  1.263125E-04  -3.871220E-05  9.491031E+02
-5.753604E-06  -2.060373E-05  4.637434E-05  9.532471E+02
-3.024519E-04  -3.078766E-04  -2.778438E-05  9.553040E+02
5.477732E-04  6.289529E-04  1.092348E-03  9.573609E+02
-8.755155E-06  6.392593E-06  4.731263E-05  9.589788E+02
-7.151025E-04  -3.918637E-04  -1.286208E-05  9.605967E+02
-1.555444E-05  1.754681E-05  -4.104506E-05  9.614612E+02
9.278413E-06  8.315759E-06  7.777753E-05  9.623258E+02
5.673158E-04  -9.660666E-05  -3.805721E-04  9.641712E+02
-2.226400E-06  1.567192E-05  -9.219527E-05  9.660166E+02
3.520236E-05  7.714560E-06  7.913572E-05  9.690142E+02
-2.023403E-05  4.359939E-06  -1.640130E-05  9.715650E+02
4.119031E-04  1.323409E-04  1.974819E-05  9.736976E+02
5.832622E-04  4.078603E-04  -4.391752E-04  9.747528E+02
-1.142005E-03  3.206665E-04  -1.809859E-03  9.758080E+02
6.944795E-05  9.239714E-05  -2.607500E-06  9.766530E+02
1.199923E-03  3.941030E-04  1.109055E-03  9.774980E+02
-3.062583E-05  -2.191253E-05  7.944351E-04  9.806958E+02
1.590973E-04  2.178411E-04  -3.099641E-05  9.838935E+02
3.306751E-07  -1.738611E-05  -2.050567E-05  9.877640E+02
1.480327E-05  1.284356E-05  -5.611602E-06  9.962994E+02
4.859148E-04  2.978707E-04  1.121669E-03  9.978212E+02
-1.726963E-03  9.527119E-05  -6.010181E-04  9.993430E+02
1.186149E-03  5.788372E-04  1.098597E-04  1.000000E+03
