# HSM/GeV  HNSM/GeV  HS/GeV  T/GeV
2.205122E+02  1.611415E+02  -2.877876E+02  0.000000E+00
2.205123E+02  1.611414E+02  -2.877873E+02  1.000000E+00
2.205109E+02  1.611393E+02  -2.877836E+02  3.500000E+00
2.205030E+02  1.611312E+02  -2.877760E+02  6.000000E+00
2.204987E+02  1.611264E+02  -2.877702E+02  7.340750E+00
2.204989E+02  1.611245E+02  -2.877631E+02  8.681500E+00
2.204964E+02  1.611203E+02  -2.877552E+02  9.950553E+00
2.204942E+02  1.611169E+02  -2.877492E+02  1.076538E+01
2.204911E+02  1.611123E+02  -2.877409E+02  1.158021E+01
2.204852E+02  1.611036E+02  -2.877253E+02  1.289823E+01
2.204791E+02  1.610945E+02  -2.877095E+02  1.405685E+01
2.204726E+02  1.610850E+02  -2.876931E+02  1.511305E+01
2.204657E+02  1.610750E+02  -2.876759E+02  1.609182E+01
2.204586E+02  1.610647E+02  -2.876583E+02  1.699725E+01
2.204509E+02  1.610537E+02  -2.876396E+02  1.786280E+01
2.204431E+02  1.610425E+02  -2.876206E+02  1.866980E+01
2.204348E+02  1.610306E+02  -2.876005E+02  1.944632E+01
2.204263E+02  1.610184E+02  -2.875801E+02  2.017860E+01
2.204173E+02  1.610057E+02  -2.875588E+02  2.088590E+01
2.204077E+02  1.609921E+02  -2.875363E+02  2.157781E+01
2.203980E+02  1.609783E+02  -2.875134E+02  2.223357E+01
2.203877E+02  1.609639E+02  -2.874895E+02  2.287228E+01
2.203772E+02  1.609491E+02  -2.874651E+02  2.348601E+01
2.203659E+02  1.609334E+02  -2.874394E+02  2.409348E+01
2.203543E+02  1.609172E+02  -2.874127E+02  2.468163E+01
2.203425E+02  1.609007E+02  -2.873859E+02  2.524443E+01
2.203301E+02  1.608836E+02  -2.873580E+02  2.579697E+01
2.203172E+02  1.608658E+02  -2.873290E+02  2.633974E+01
2.203040E+02  1.608476E+02  -2.872995E+02  2.686561E+01
2.202900E+02  1.608284E+02  -2.872685E+02  2.738916E+01
2.202758E+02  1.608089E+02  -2.872370E+02  2.789793E+01
2.202609E+02  1.607886E+02  -2.872043E+02  2.839943E+01
2.202459E+02  1.607681E+02  -2.871715E+02  2.888022E+01
2.202305E+02  1.607472E+02  -2.871379E+02  2.935083E+01
2.202138E+02  1.607245E+02  -2.871017E+02  2.983774E+01
2.201975E+02  1.607024E+02  -2.870664E+02  3.029212E+01
2.201803E+02  1.606792E+02  -2.870296E+02  3.074794E+01
2.201627E+02  1.606555E+02  -2.869919E+02  3.119551E+01
2.201444E+02  1.606309E+02  -2.869530E+02  3.164068E+01
2.201260E+02  1.606063E+02  -2.869140E+02  3.206988E+01
2.201072E+02  1.605811E+02  -2.868743E+02  3.249100E+01
2.200877E+02  1.605552E+02  -2.868335E+02  3.290947E+01
2.200676E+02  1.605284E+02  -2.867914E+02  3.332570E+01
2.200479E+02  1.605022E+02  -2.867502E+02  3.372000E+01
2.200267E+02  1.604742E+02  -2.867064E+02  3.412656E+01
2.200055E+02  1.604462E+02  -2.866624E+02  3.452000E+01
2.199838E+02  1.604174E+02  -2.866176E+02  3.491033E+01
2.199619E+02  1.603885E+02  -2.865725E+02  3.528975E+01
2.199397E+02  1.603594E+02  -2.865272E+02  3.566097E+01
2.199167E+02  1.603292E+02  -2.864802E+02  3.603446E+01
2.198917E+02  1.602965E+02  -2.864295E+02  3.642627E+01
2.198681E+02  1.602655E+02  -2.863817E+02  3.678571E+01
2.198430E+02  1.602327E+02  -2.863309E+02  3.715624E+01
2.198178E+02  1.601999E+02  -2.862803E+02  3.751617E+01
2.197934E+02  1.601682E+02  -2.862313E+02  3.785521E+01
2.197664E+02  1.601330E+02  -2.861771E+02  3.822096E+01
2.197394E+02  1.600981E+02  -2.861234E+02  3.857488E+01
2.197125E+02  1.600632E+02  -2.860698E+02  3.891878E+01
2.196838E+02  1.600261E+02  -2.860129E+02  3.927460E+01
2.196552E+02  1.599891E+02  -2.859562E+02  3.962021E+01
2.196263E+02  1.599519E+02  -2.858994E+02  3.995935E+01
2.195958E+02  1.599126E+02  -2.858393E+02  4.030927E+01
2.195675E+02  1.598762E+02  -2.857837E+02  4.062523E+01
2.195378E+02  1.598380E+02  -2.857255E+02  4.094936E+01
2.195073E+02  1.597990E+02  -2.856660E+02  4.127373E+01
2.194790E+02  1.597627E+02  -2.856109E+02  4.156752E+01
2.194498E+02  1.597253E+02  -2.855540E+02  4.186521E+01
2.194180E+02  1.596847E+02  -2.854923E+02  4.218156E+01
2.193846E+02  1.596420E+02  -2.854275E+02  4.250683E+01
2.193533E+02  1.596022E+02  -2.853673E+02  4.280352E+01
2.193208E+02  1.595608E+02  -2.853045E+02  4.310634E+01
2.192863E+02  1.595169E+02  -2.852383E+02  4.341998E+01
2.192528E+02  1.594744E+02  -2.851739E+02  4.371850E+01
2.192204E+02  1.594332E+02  -2.851118E+02  4.400195E+01
2.191838E+02  1.593869E+02  -2.850419E+02  4.431459E+01
2.191491E+02  1.593429E+02  -2.849756E+02  4.460567E+01
2.191140E+02  1.592984E+02  -2.849087E+02  4.489451E+01
2.190767E+02  1.592514E+02  -2.848379E+02  4.519485E+01
2.190406E+02  1.592057E+02  -2.847692E+02  4.548033E+01
2.190063E+02  1.591624E+02  -2.847042E+02  4.574672E+01
2.189675E+02  1.591135E+02  -2.846308E+02  4.604225E+01
2.189280E+02  1.590638E+02  -2.845562E+02  4.633704E+01
2.188896E+02  1.590155E+02  -2.844838E+02  4.661901E+01
2.188486E+02  1.589640E+02  -2.844066E+02  4.691403E+01
2.188101E+02  1.589157E+02  -2.843344E+02  4.718558E+01
2.187689E+02  1.588641E+02  -2.842572E+02  4.747148E+01
2.187259E+02  1.588102E+02  -2.841767E+02  4.776453E+01
2.186853E+02  1.587593E+02  -2.841007E+02  4.803669E+01
2.186446E+02  1.587084E+02  -2.840247E+02  4.830483E+01
2.186045E+02  1.586583E+02  -2.839500E+02  4.856459E+01
2.185626E+02  1.586059E+02  -2.838718E+02  4.883183E+01
2.185203E+02  1.585532E+02  -2.837932E+02  4.909692E+01
2.184793E+02  1.585021E+02  -2.837171E+02  4.935027E+01
2.184322E+02  1.584434E+02  -2.836298E+02  4.963618E+01
2.183902E+02  1.583911E+02  -2.835519E+02  4.988745E+01
2.183501E+02  1.583412E+02  -2.834776E+02  5.012399E+01
2.183049E+02  1.582850E+02  -2.833942E+02  5.038639E+01
2.182635E+02  1.582337E+02  -2.833180E+02  5.062348E+01
2.182190E+02  1.581782E+02  -2.832355E+02  5.087319E+01
2.181729E+02  1.581212E+02  -2.831511E+02  5.113056E+01
2.181348E+02  1.580750E+02  -2.830841E+02  5.134815E+01
2.181000E+02  1.580333E+02  -2.830242E+02  5.154673E+01
2.180593E+02  1.579838E+02  -2.829522E+02  5.177188E+01
2.180214E+02  1.579373E+02  -2.828840E+02  5.197641E+01
2.179794E+02  1.578860E+02  -2.828088E+02  5.219949E+01
2.179293E+02  1.578247E+02  -2.827189E+02  5.246214E+01
2.178776E+02  1.577614E+02  -2.826260E+02  5.272914E+01
2.178280E+02  1.577007E+02  -2.825370E+02  5.298038E+01
2.177826E+02  1.576450E+02  -2.824552E+02  5.320766E+01
2.177343E+02  1.575860E+02  -2.823685E+02  5.344570E+01
2.176882E+02  1.575295E+02  -2.822855E+02  5.367045E+01
2.176351E+02  1.574645E+02  -2.821901E+02  5.392540E+01
2.175830E+02  1.574008E+02  -2.820967E+02  5.417184E+01
2.175295E+02  1.573353E+02  -2.820005E+02  5.442206E+01
2.174793E+02  1.572741E+02  -2.819105E+02  5.465289E+01
2.174314E+02  1.572155E+02  -2.818245E+02  5.487103E+01
2.173847E+02  1.571584E+02  -2.817407E+02  5.508140E+01
2.173314E+02  1.570934E+02  -2.816453E+02  5.531779E+01
2.172788E+02  1.570292E+02  -2.815510E+02  5.554862E+01
2.172273E+02  1.569664E+02  -2.814589E+02  5.577183E+01
2.171759E+02  1.569037E+02  -2.813669E+02  5.599194E+01
2.171245E+02  1.568410E+02  -2.812748E+02  5.620985E+01
2.170732E+02  1.567785E+02  -2.811831E+02  5.642444E+01
2.170261E+02  1.567211E+02  -2.810989E+02  5.661959E+01
2.169723E+02  1.566556E+02  -2.810028E+02  5.683979E+01
2.169157E+02  1.565867E+02  -2.809017E+02  5.706905E+01
2.168626E+02  1.565221E+02  -2.808070E+02  5.728143E+01
2.168128E+02  1.564615E+02  -2.807182E+02  5.747876E+01
2.167596E+02  1.563968E+02  -2.806233E+02  5.768724E+01
2.167045E+02  1.563298E+02  -2.805250E+02  5.790099E+01
2.166523E+02  1.562665E+02  -2.804321E+02  5.810111E+01
2.165986E+02  1.562013E+02  -2.803365E+02  5.830489E+01
2.165502E+02  1.561424E+02  -2.802502E+02  5.848707E+01
2.164992E+02  1.560806E+02  -2.801596E+02  5.867679E+01
2.164429E+02  1.560122E+02  -2.800592E+02  5.888472E+01
2.163897E+02  1.559477E+02  -2.799647E+02  5.907882E+01
2.163312E+02  1.558768E+02  -2.798607E+02  5.929035E+01
2.162723E+02  1.558054E+02  -2.797560E+02  5.950113E+01
2.162158E+02  1.557369E+02  -2.796557E+02  5.970110E+01
2.161602E+02  1.556697E+02  -2.795571E+02  5.989578E+01
2.160968E+02  1.555929E+02  -2.794445E+02  6.011578E+01
2.160391E+02  1.555230E+02  -2.793420E+02  6.031425E+01
2.159776E+02  1.554486E+02  -2.792329E+02  6.052340E+01
2.159213E+02  1.553805E+02  -2.791331E+02  6.071302E+01
2.158621E+02  1.553089E+02  -2.790280E+02  6.091069E+01
2.158028E+02  1.552373E+02  -2.789231E+02  6.110647E+01
2.157403E+02  1.551618E+02  -2.788124E+02  6.131094E+01
2.156824E+02  1.550918E+02  -2.787098E+02  6.149875E+01
2.156303E+02  1.550289E+02  -2.786176E+02  6.166618E+01
2.155725E+02  1.549591E+02  -2.785152E+02  6.185063E+01
2.155134E+02  1.548878E+02  -2.784106E+02  6.203735E+01
2.154559E+02  1.548185E+02  -2.783090E+02  6.221732E+01
2.153926E+02  1.547421E+02  -2.781970E+02  6.241383E+01
2.153360E+02  1.546738E+02  -2.780968E+02  6.258824E+01
2.152699E+02  1.545942E+02  -2.779800E+02  6.278966E+01
2.152108E+02  1.545230E+02  -2.778755E+02  6.296846E+01
2.151548E+02  1.544555E+02  -2.777765E+02  6.313649E+01
2.150979E+02  1.543869E+02  -2.776760E+02  6.330570E+01
2.150387E+02  1.543157E+02  -2.775715E+02  6.348028E+01
2.149810E+02  1.542462E+02  -2.774695E+02  6.364928E+01
2.149220E+02  1.541752E+02  -2.773652E+02  6.382076E+01
2.148576E+02  1.540978E+02  -2.772515E+02  6.400619E+01
2.147911E+02  1.540178E+02  -2.771341E+02  6.419617E+01
2.147226E+02  1.539354E+02  -2.770132E+02  6.439008E+01
2.146601E+02  1.538603E+02  -2.769028E+02  6.456555E+01
2.145960E+02  1.537832E+02  -2.767896E+02  6.474414E+01
2.145296E+02  1.537035E+02  -2.766725E+02  6.492736E+01
2.144615E+02  1.536217E+02  -2.765524E+02  6.511377E+01
2.144004E+02  1.535482E+02  -2.764445E+02  6.527982E+01
2.143347E+02  1.534694E+02  -2.763287E+02  6.545668E+01
2.142750E+02  1.533978E+02  -2.762233E+02  6.561636E+01
2.142095E+02  1.533191E+02  -2.761078E+02  6.579028E+01
2.141397E+02  1.532354E+02  -2.759846E+02  6.597412E+01
2.140740E+02  1.531566E+02  -2.758687E+02  6.614573E+01
2.140134E+02  1.530839E+02  -2.757619E+02  6.630275E+01
2.139576E+02  1.530171E+02  -2.756636E+02  6.644634E+01
2.138929E+02  1.529395E+02  -2.755495E+02  6.661169E+01
2.138338E+02  1.528687E+02  -2.754453E+02  6.676179E+01
2.137686E+02  1.527906E+02  -2.753303E+02  6.692608E+01
2.137097E+02  1.527199E+02  -2.752263E+02  6.707379E+01
2.136478E+02  1.526458E+02  -2.751172E+02  6.722762E+01
2.135865E+02  1.525725E+02  -2.750093E+02  6.737887E+01
2.135295E+02  1.525043E+02  -2.749089E+02  6.751865E+01
2.134586E+02  1.524194E+02  -2.747838E+02  6.769153E+01
2.133919E+02  1.523396E+02  -2.746663E+02  6.785284E+01
2.133240E+02  1.522584E+02  -2.745465E+02  6.801587E+01
2.132575E+02  1.521789E+02  -2.744293E+02  6.817443E+01
2.131949E+02  1.521040E+02  -2.743189E+02  6.832267E+01
2.131303E+02  1.520267E+02  -2.742050E+02  6.847470E+01
2.130648E+02  1.519483E+02  -2.740894E+02  6.862786E+01
2.130046E+02  1.518764E+02  -2.739834E+02  6.876755E+01
2.129410E+02  1.518004E+02  -2.738712E+02  6.891427E+01
2.128814E+02  1.517293E+02  -2.737662E+02  6.905081E+01
2.128081E+02  1.516417E+02  -2.736368E+02  6.921790E+01
2.127372E+02  1.515571E+02  -2.735119E+02  6.937813E+01
2.126619E+02  1.514671E+02  -2.733790E+02  6.954726E+01
2.125907E+02  1.513822E+02  -2.732535E+02  6.970577E+01
2.125251E+02  1.513039E+02  -2.731379E+02  6.985096E+01
2.124539E+02  1.512189E+02  -2.730123E+02  7.000768E+01
2.123858E+02  1.511377E+02  -2.728921E+02  7.015637E+01
2.123207E+02  1.510600E+02  -2.727772E+02  7.029780E+01
2.122583E+02  1.509857E+02  -2.726672E+02  7.043234E+01
2.121873E+02  1.509010E+02  -2.725419E+02  7.058454E+01
2.121232E+02  1.508245E+02  -2.724289E+02  7.072118E+01
2.120630E+02  1.507528E+02  -2.723226E+02  7.084870E+01
2.119962E+02  1.506732E+02  -2.722048E+02  7.098918E+01
2.119358E+02  1.506012E+02  -2.720981E+02  7.111591E+01
2.118779E+02  1.505322E+02  -2.719960E+02  7.123641E+01
2.118110E+02  1.504525E+02  -2.718777E+02  7.137508E+01
2.117491E+02  1.503788E+02  -2.717686E+02  7.150252E+01
2.116899E+02  1.503082E+02  -2.716639E+02  7.162392E+01
2.116143E+02  1.502182E+02  -2.715304E+02  7.177777E+01
2.115398E+02  1.501295E+02  -2.713988E+02  7.192860E+01
2.114711E+02  1.500478E+02  -2.712775E+02  7.206663E+01
2.113896E+02  1.499508E+02  -2.711336E+02  7.222932E+01
2.113134E+02  1.498601E+02  -2.709989E+02  7.238046E+01
2.112408E+02  1.497738E+02  -2.708706E+02  7.252353E+01
2.111548E+02  1.496715E+02  -2.707185E+02  7.269191E+01
2.110771E+02  1.495791E+02  -2.705812E+02  7.284301E+01
2.110061E+02  1.494946E+02  -2.704557E+02  7.298021E+01
2.109391E+02  1.494150E+02  -2.703372E+02  7.310889E+01
2.108714E+02  1.493345E+02  -2.702174E+02  7.323828E+01
2.108090E+02  1.492603E+02  -2.701070E+02  7.335696E+01
2.107503E+02  1.491905E+02  -2.700031E+02  7.346796E+01
2.106828E+02  1.491104E+02  -2.698837E+02  7.359491E+01
2.106081E+02  1.490216E+02  -2.697515E+02  7.373464E+01
2.105301E+02  1.489289E+02  -2.696133E+02  7.387970E+01
2.104638E+02  1.488503E+02  -2.694962E+02  7.400208E+01
2.104012E+02  1.487759E+02  -2.693852E+02  7.411726E+01
2.103271E+02  1.486879E+02  -2.692539E+02  7.425291E+01
2.102580E+02  1.486058E+02  -2.691314E+02  7.437864E+01
2.101946E+02  1.485306E+02  -2.690192E+02  7.449324E+01
2.101342E+02  1.484589E+02  -2.689122E+02  7.460202E+01
2.100622E+02  1.483735E+02  -2.687846E+02  7.473102E+01
2.099910E+02  1.482890E+02  -2.686583E+02  7.485791E+01
2.099149E+02  1.481988E+02  -2.685235E+02  7.499267E+01
2.098369E+02  1.481062E+02  -2.683850E+02  7.513012E+01
2.097656E+02  1.480216E+02  -2.682585E+02  7.525498E+01
2.096906E+02  1.479326E+02  -2.681253E+02  7.538571E+01
2.096063E+02  1.478328E+02  -2.679758E+02  7.553156E+01
2.095298E+02  1.477419E+02  -2.678398E+02  7.566343E+01
2.094600E+02  1.476592E+02  -2.677159E+02  7.578294E+01
2.093949E+02  1.475821E+02  -2.676004E+02  7.589378E+01
2.093252E+02  1.474995E+02  -2.674765E+02  7.601193E+01
2.092541E+02  1.474153E+02  -2.673502E+02  7.613184E+01
2.091871E+02  1.473359E+02  -2.672311E+02  7.624420E+01
2.091094E+02  1.472438E+02  -2.670928E+02  7.637408E+01
2.090221E+02  1.471404E+02  -2.669376E+02  7.651894E+01
2.089452E+02  1.470493E+02  -2.668008E+02  7.664579E+01
2.088750E+02  1.469662E+02  -2.666760E+02  7.676104E+01
2.087989E+02  1.468761E+02  -2.665405E+02  7.688525E+01
2.087222E+02  1.467853E+02  -2.664040E+02  7.700988E+01
2.086455E+02  1.466945E+02  -2.662674E+02  7.713374E+01
2.085723E+02  1.466078E+02  -2.661368E+02  7.725143E+01
2.085045E+02  1.465276E+02  -2.660162E+02  7.735979E+01
2.084253E+02  1.464338E+02  -2.658750E+02  7.748589E+01
2.083528E+02  1.463482E+02  -2.657458E+02  7.760053E+01
2.082858E+02  1.462688E+02  -2.656263E+02  7.770620E+01
2.082114E+02  1.461809E+02  -2.654937E+02  7.782277E+01
2.081429E+02  1.460997E+02  -2.653712E+02  7.792981E+01
2.080649E+02  1.460076E+02  -2.652322E+02  7.805076E+01
2.079921E+02  1.459215E+02  -2.651023E+02  7.816324E+01
2.079184E+02  1.458344E+02  -2.649708E+02  7.827653E+01
2.078504E+02  1.457539E+02  -2.648491E+02  7.838064E+01
2.078123E+02  1.457088E+02  -2.647810E+02  7.843878E+01
2.077741E+02  1.456637E+02  -2.647127E+02  7.849693E+01
2.077037E+02  1.455805E+02  -2.645870E+02  7.860355E+01
2.076351E+02  1.454995E+02  -2.644644E+02  7.870699E+01
2.075633E+02  1.454146E+02  -2.643359E+02  7.881485E+01
2.074960E+02  1.453351E+02  -2.642156E+02  7.891543E+01
2.074300E+02  1.452571E+02  -2.640976E+02  7.901365E+01
2.073646E+02  1.451798E+02  -2.639805E+02  7.911067E+01
2.072923E+02  1.450943E+02  -2.638509E+02  7.921740E+01
2.072197E+02  1.450087E+02  -2.637210E+02  7.932392E+01
2.071362E+02  1.449100E+02  -2.635713E+02  7.944603E+01
2.070514E+02  1.448099E+02  -2.634196E+02  7.956918E+01
2.069677E+02  1.447111E+02  -2.632695E+02  7.969026E+01
2.068910E+02  1.446205E+02  -2.631319E+02  7.980059E+01
2.068194E+02  1.445360E+02  -2.630035E+02  7.990314E+01
2.067521E+02  1.444566E+02  -2.628828E+02  7.999911E+01
2.066796E+02  1.443710E+02  -2.627526E+02  8.010201E+01
2.066132E+02  1.442926E+02  -2.626333E+02  8.019591E+01
2.065350E+02  1.442003E+02  -2.624929E+02  8.030595E+01
2.064543E+02  1.441051E+02  -2.623480E+02  8.041888E+01
2.063742E+02  1.440106E+02  -2.622040E+02  8.053055E+01
2.063003E+02  1.439234E+02  -2.620711E+02  8.063307E+01
2.062296E+02  1.438400E+02  -2.619440E+02  8.073070E+01
2.061485E+02  1.437444E+02  -2.617981E+02  8.084217E+01
2.060730E+02  1.436553E+02  -2.616622E+02  8.094543E+01
2.059880E+02  1.435551E+02  -2.615091E+02  8.106118E+01
2.059141E+02  1.434680E+02  -2.613762E+02  8.116119E+01
2.058452E+02  1.433868E+02  -2.612521E+02  8.125411E+01
2.057676E+02  1.432952E+02  -2.611121E+02  8.135854E+01
2.057207E+02  1.432400E+02  -2.610277E+02  8.142116E+01
2.056738E+02  1.431847E+02  -2.609432E+02  8.148379E+01
2.055772E+02  1.430709E+02  -2.607690E+02  8.161211E+01
2.054905E+02  1.429686E+02  -2.606124E+02  8.172685E+01
2.054111E+02  1.428752E+02  -2.604692E+02  8.183119E+01
2.053347E+02  1.427851E+02  -2.603311E+02  8.193131E+01
2.052639E+02  1.427017E+02  -2.602033E+02  8.202348E+01
2.051739E+02  1.425956E+02  -2.600406E+02  8.214037E+01
2.050936E+02  1.425011E+02  -2.598954E+02  8.224408E+01
2.050208E+02  1.424154E+02  -2.597639E+02  8.233762E+01
2.049522E+02  1.423347E+02  -2.596399E+02  8.242544E+01
2.048654E+02  1.422324E+02  -2.594828E+02  8.253609E+01
2.047916E+02  1.421455E+02  -2.593491E+02  8.262981E+01
2.047220E+02  1.420636E+02  -2.592231E+02  8.271775E+01
2.046467E+02  1.419749E+02  -2.590866E+02  8.281252E+01
2.045767E+02  1.418925E+02  -2.589597E+02  8.290028E+01
2.044973E+02  1.417990E+02  -2.588157E+02  8.299942E+01
2.044232E+02  1.417119E+02  -2.586815E+02  8.309148E+01
2.043413E+02  1.416155E+02  -2.585329E+02  8.319276E+01
2.042434E+02  1.415003E+02  -2.583551E+02  8.331330E+01
2.041544E+02  1.413955E+02  -2.581935E+02  8.342238E+01
2.040707E+02  1.412970E+02  -2.580415E+02  8.352439E+01
2.039944E+02  1.412074E+02  -2.579029E+02  8.361694E+01
2.039147E+02  1.411136E+02  -2.577579E+02  8.371326E+01
2.038411E+02  1.410270E+02  -2.576240E+02  8.380187E+01
2.037604E+02  1.409321E+02  -2.574771E+02  8.389861E+01
2.036792E+02  1.408366E+02  -2.573294E+02  8.399537E+01
2.036042E+02  1.407485E+02  -2.571929E+02  8.408446E+01
2.035262E+02  1.406568E+02  -2.570508E+02  8.417672E+01
2.034539E+02  1.405717E+02  -2.569189E+02  8.426199E+01
2.033780E+02  1.404825E+02  -2.567807E+02  8.435095E+01
2.032937E+02  1.403834E+02  -2.566268E+02  8.444957E+01
2.032573E+02  1.403406E+02  -2.565604E+02  8.449186E+01
2.032210E+02  1.402979E+02  -2.564941E+02  8.453415E+01
2.031324E+02  1.401939E+02  -2.563325E+02  8.463669E+01
2.030449E+02  1.400911E+02  -2.561728E+02  8.473758E+01
2.029477E+02  1.399769E+02  -2.559952E+02  8.484907E+01
2.028612E+02  1.398752E+02  -2.558370E+02  8.494786E+01
2.027493E+02  1.397437E+02  -2.556324E+02  8.507494E+01
2.026908E+02  1.396751E+02  -2.555256E+02  8.514105E+01
2.026322E+02  1.396062E+02  -2.554181E+02  8.520716E+01
2.025645E+02  1.395267E+02  -2.552942E+02  8.528324E+01
2.024826E+02  1.394306E+02  -2.551443E+02  8.537480E+01
2.024072E+02  1.393420E+02  -2.550061E+02  8.545891E+01
2.023295E+02  1.392507E+02  -2.548636E+02  8.554515E+01
2.022522E+02  1.391600E+02  -2.547219E+02  8.563061E+01
2.021694E+02  1.390628E+02  -2.545701E+02  8.572175E+01
2.020929E+02  1.389730E+02  -2.544297E+02  8.580565E+01
2.020157E+02  1.388823E+02  -2.542878E+02  8.589000E+01
2.019347E+02  1.387874E+02  -2.541392E+02  8.597801E+01
2.018593E+02  1.386988E+02  -2.540006E+02  8.605974E+01
2.017817E+02  1.386078E+02  -2.538579E+02  8.614345E+01
2.016901E+02  1.385003E+02  -2.536896E+02  8.624182E+01
2.016055E+02  1.384010E+02  -2.535337E+02  8.633237E+01
2.015278E+02  1.383098E+02  -2.533907E+02  8.641513E+01
2.014524E+02  1.382215E+02  -2.532520E+02  8.649505E+01
2.013732E+02  1.381285E+02  -2.531061E+02  8.657872E+01
2.012999E+02  1.380426E+02  -2.529711E+02  8.665587E+01
2.012113E+02  1.379386E+02  -2.528075E+02  8.674885E+01
2.011655E+02  1.378850E+02  -2.527232E+02  8.679669E+01
2.011196E+02  1.378311E+02  -2.526384E+02  8.684454E+01
2.010350E+02  1.377320E+02  -2.524824E+02  8.693239E+01
2.009554E+02  1.376386E+02  -2.523353E+02  8.701476E+01
2.008847E+02  1.375557E+02  -2.522047E+02  8.708771E+01
2.008165E+02  1.374757E+02  -2.520787E+02  8.715778E+01
2.007408E+02  1.373870E+02  -2.519388E+02  8.723524E+01
2.006533E+02  1.372844E+02  -2.517768E+02  8.732448E+01
2.005740E+02  1.371914E+02  -2.516301E+02  8.740500E+01
2.004678E+02  1.370670E+02  -2.514335E+02  8.751234E+01
2.004203E+02  1.370114E+02  -2.513458E+02  8.756010E+01
2.003728E+02  1.369557E+02  -2.512576E+02  8.760785E+01
2.002897E+02  1.368583E+02  -2.511035E+02  8.769108E+01
2.002090E+02  1.367638E+02  -2.509540E+02  8.777149E+01
2.001337E+02  1.366756E+02  -2.508144E+02  8.784628E+01
2.000438E+02  1.365703E+02  -2.506475E+02  8.793523E+01
1.999421E+02  1.364511E+02  -2.504587E+02  8.803540E+01
1.998527E+02  1.363465E+02  -2.502927E+02  8.812298E+01
1.997724E+02  1.362524E+02  -2.501434E+02  8.820140E+01
1.996970E+02  1.361641E+02  -2.500033E+02  8.827472E+01
1.996206E+02  1.360746E+02  -2.498611E+02  8.834876E+01
1.995345E+02  1.359739E+02  -2.497010E+02  8.843180E+01
1.994546E+02  1.358803E+02  -2.495522E+02  8.850863E+01
1.993638E+02  1.357740E+02  -2.493830E+02  8.859554E+01
1.992792E+02  1.356749E+02  -2.492253E+02  8.867621E+01
1.991875E+02  1.355677E+02  -2.490544E+02  8.876321E+01
1.991035E+02  1.354693E+02  -2.488976E+02  8.884261E+01
1.990269E+02  1.353797E+02  -2.487547E+02  8.891479E+01
1.989524E+02  1.352925E+02  -2.486156E+02  8.898466E+01
1.988881E+02  1.352173E+02  -2.484955E+02  8.904475E+01
1.988266E+02  1.351454E+02  -2.483806E+02  8.910210E+01
1.987556E+02  1.350622E+02  -2.482477E+02  8.916813E+01
1.987114E+02  1.350106E+02  -2.481651E+02  8.920905E+01
1.986672E+02  1.349588E+02  -2.480824E+02  8.924997E+01
1.985789E+02  1.348555E+02  -2.479171E+02  8.933142E+01
1.984949E+02  1.347572E+02  -2.477600E+02  8.940852E+01
1.983983E+02  1.346443E+02  -2.475790E+02  8.949681E+01
1.983546E+02  1.345932E+02  -2.474972E+02  8.953660E+01
1.983109E+02  1.345421E+02  -2.474153E+02  8.957640E+01
1.982355E+02  1.344539E+02  -2.472738E+02  8.964480E+01
1.981652E+02  1.343717E+02  -2.471421E+02  8.970824E+01
1.980911E+02  1.342851E+02  -2.470030E+02  8.977499E+01
1.980162E+02  1.341976E+02  -2.468625E+02  8.984220E+01
1.979619E+02  1.341340E+02  -2.467604E+02  8.989080E+01
1.979075E+02  1.340704E+02  -2.466583E+02  8.993939E+01
1.978397E+02  1.339912E+02  -2.465308E+02  8.999974E+01
1.977742E+02  1.339146E+02  -2.464076E+02  9.005785E+01
1.977122E+02  1.338422E+02  -2.462913E+02  9.011263E+01
1.976298E+02  1.337458E+02  -2.461360E+02  9.018535E+01
1.975522E+02  1.336552E+02  -2.459900E+02  9.025349E+01
1.974727E+02  1.335623E+02  -2.458404E+02  9.032302E+01
1.974015E+02  1.334790E+02  -2.457061E+02  9.038519E+01
1.973340E+02  1.334003E+02  -2.455791E+02  9.044378E+01
1.972505E+02  1.333026E+02  -2.454215E+02  9.051617E+01
1.971727E+02  1.332118E+02  -2.452748E+02  9.058330E+01
1.970869E+02  1.331115E+02  -2.451127E+02  9.065707E+01
1.970082E+02  1.330197E+02  -2.449642E+02  9.072444E+01
1.969335E+02  1.329324E+02  -2.448231E+02  9.078821E+01
1.968368E+02  1.328194E+02  -2.446401E+02  9.087049E+01
1.967488E+02  1.327167E+02  -2.444739E+02  9.094489E+01
1.967036E+02  1.326639E+02  -2.443883E+02  9.098309E+01
1.966582E+02  1.326109E+02  -2.443025E+02  9.102130E+01
1.965819E+02  1.325218E+02  -2.441580E+02  9.108540E+01
1.965106E+02  1.324386E+02  -2.440231E+02  9.114507E+01
1.964306E+02  1.323452E+02  -2.438714E+02  9.121181E+01
1.963567E+02  1.322589E+02  -2.437313E+02  9.127324E+01
1.962624E+02  1.321489E+02  -2.435525E+02  9.135130E+01
1.961766E+02  1.320487E+02  -2.433896E+02  9.142212E+01
1.961047E+02  1.319648E+02  -2.432532E+02  9.148115E+01
1.960374E+02  1.318863E+02  -2.431255E+02  9.153623E+01
1.959422E+02  1.317752E+02  -2.429445E+02  9.161396E+01
1.958512E+02  1.316690E+02  -2.427714E+02  9.168796E+01
1.958097E+02  1.316205E+02  -2.426924E+02  9.172159E+01
1.957681E+02  1.315720E+02  -2.426133E+02  9.175521E+01
1.956949E+02  1.314866E+02  -2.424739E+02  9.181427E+01
1.956494E+02  1.314335E+02  -2.423873E+02  9.185089E+01
1.956037E+02  1.313803E+02  -2.423004E+02  9.188750E+01
1.955290E+02  1.312932E+02  -2.421582E+02  9.194730E+01
1.954565E+02  1.312086E+02  -2.420199E+02  9.200520E+01
1.953711E+02  1.311090E+02  -2.418570E+02  9.207312E+01
1.952842E+02  1.310077E+02  -2.416913E+02  9.214192E+01
1.952045E+02  1.309148E+02  -2.415393E+02  9.220475E+01
1.951368E+02  1.308358E+02  -2.414099E+02  9.225805E+01
1.950715E+02  1.307597E+02  -2.412853E+02  9.230921E+01
1.949786E+02  1.306513E+02  -2.411076E+02  9.238186E+01
1.949377E+02  1.306037E+02  -2.410294E+02  9.241370E+01
1.948968E+02  1.305560E+02  -2.409512E+02  9.244554E+01
1.948505E+02  1.305020E+02  -2.408626E+02  9.248146E+01
1.948041E+02  1.304479E+02  -2.407738E+02  9.251738E+01
1.947241E+02  1.303547E+02  -2.406207E+02  9.257919E+01
1.946368E+02  1.302529E+02  -2.404535E+02  9.264636E+01
1.945968E+02  1.302064E+02  -2.403769E+02  9.267699E+01
1.945568E+02  1.301598E+02  -2.403004E+02  9.270762E+01
1.945016E+02  1.300954E+02  -2.401943E+02  9.274988E+01
1.944232E+02  1.300041E+02  -2.400441E+02  9.280958E+01
1.943484E+02  1.299170E+02  -2.399007E+02  9.286634E+01
1.942765E+02  1.298331E+02  -2.397625E+02  9.292086E+01
1.942078E+02  1.297531E+02  -2.396307E+02  9.297262E+01
1.941342E+02  1.296674E+02  -2.394893E+02  9.302802E+01
1.940597E+02  1.295806E+02  -2.393461E+02  9.308385E+01
1.939901E+02  1.294996E+02  -2.392123E+02  9.313587E+01
1.939019E+02  1.293968E+02  -2.390425E+02  9.320161E+01
1.938197E+02  1.293011E+02  -2.388844E+02  9.326253E+01
1.937236E+02  1.291892E+02  -2.386993E+02  9.333358E+01
1.936329E+02  1.290836E+02  -2.385247E+02  9.340028E+01
1.935548E+02  1.289926E+02  -2.383739E+02  9.345763E+01
1.934817E+02  1.289076E+02  -2.382330E+02  9.351099E+01
1.933886E+02  1.287991E+02  -2.380531E+02  9.357885E+01
1.933338E+02  1.287354E+02  -2.379475E+02  9.361855E+01
1.932790E+02  1.286716E+02  -2.378417E+02  9.365826E+01
1.931967E+02  1.285758E+02  -2.376826E+02  9.371766E+01
1.931589E+02  1.285319E+02  -2.376096E+02  9.374485E+01
1.931211E+02  1.284878E+02  -2.375364E+02  9.377204E+01
1.930455E+02  1.283999E+02  -2.373903E+02  9.382626E+01
1.929732E+02  1.283157E+02  -2.372504E+02  9.387790E+01
1.928998E+02  1.282303E+02  -2.371082E+02  9.393020E+01
1.928257E+02  1.281441E+02  -2.369649E+02  9.398278E+01
1.927545E+02  1.280613E+02  -2.368269E+02  9.403318E+01
1.926753E+02  1.279691E+02  -2.366732E+02  9.408908E+01
1.925989E+02  1.278803E+02  -2.365251E+02  9.414276E+01
1.924787E+02  1.277405E+02  -2.362920E+02  9.422689E+01
1.924206E+02  1.276729E+02  -2.361792E+02  9.426743E+01
1.923624E+02  1.276052E+02  -2.360659E+02  9.430796E+01
1.922795E+02  1.275088E+02  -2.359048E+02  9.436545E+01
1.921927E+02  1.274079E+02  -2.357362E+02  9.442534E+01
1.921493E+02  1.273574E+02  -2.356517E+02  9.445529E+01
1.921057E+02  1.273068E+02  -2.355670E+02  9.448524E+01
1.920279E+02  1.272163E+02  -2.354156E+02  9.453855E+01
1.919240E+02  1.270954E+02  -2.352131E+02  9.460960E+01
1.918676E+02  1.270299E+02  -2.351032E+02  9.464799E+01
1.918110E+02  1.269642E+02  -2.349931E+02  9.468638E+01
1.917182E+02  1.268563E+02  -2.348120E+02  9.474921E+01
1.916286E+02  1.267522E+02  -2.346373E+02  9.480958E+01
1.915455E+02  1.266556E+02  -2.344750E+02  9.486540E+01
1.914579E+02  1.265538E+02  -2.343038E+02  9.492404E+01
1.913754E+02  1.264580E+02  -2.341426E+02  9.497902E+01
1.912989E+02  1.263690E+02  -2.339930E+02  9.502988E+01
1.912553E+02  1.263184E+02  -2.339077E+02  9.505877E+01
1.912116E+02  1.262676E+02  -2.338223E+02  9.508766E+01
1.911404E+02  1.261848E+02  -2.336828E+02  9.513467E+01
1.910686E+02  1.261015E+02  -2.335423E+02  9.518186E+01
1.909877E+02  1.260076E+02  -2.333838E+02  9.523487E+01
1.909116E+02  1.259192E+02  -2.332348E+02  9.528460E+01
1.908316E+02  1.258262E+02  -2.330777E+02  9.533671E+01
1.907583E+02  1.257411E+02  -2.329340E+02  9.538426E+01
1.906833E+02  1.256540E+02  -2.327866E+02  9.543281E+01
1.906031E+02  1.255609E+02  -2.326293E+02  9.548447E+01
1.905282E+02  1.254740E+02  -2.324821E+02  9.553261E+01
1.904526E+02  1.253862E+02  -2.323335E+02  9.558105E+01
1.903807E+02  1.253027E+02  -2.321920E+02  9.562696E+01
1.903158E+02  1.252275E+02  -2.320645E+02  9.566823E+01
1.902525E+02  1.251539E+02  -2.319398E+02  9.570845E+01
1.901897E+02  1.250811E+02  -2.318163E+02  9.574815E+01
1.901236E+02  1.250043E+02  -2.316860E+02  9.578993E+01
1.900594E+02  1.249299E+02  -2.315595E+02  9.583035E+01
1.899956E+02  1.248559E+02  -2.314337E+02  9.587036E+01
1.899541E+02  1.248077E+02  -2.313519E+02  9.589636E+01
1.899125E+02  1.247594E+02  -2.312698E+02  9.592237E+01
1.898784E+02  1.247199E+02  -2.312025E+02  9.594367E+01
1.898442E+02  1.246802E+02  -2.311350E+02  9.596498E+01
1.897735E+02  1.245982E+02  -2.309955E+02  9.600891E+01
1.897127E+02  1.245276E+02  -2.308753E+02  9.604666E+01
1.896539E+02  1.244594E+02  -2.307591E+02  9.608300E+01
1.895921E+02  1.243877E+02  -2.306369E+02  9.612118E+01
1.895315E+02  1.243174E+02  -2.305172E+02  9.615842E+01
1.894452E+02  1.242173E+02  -2.303464E+02  9.621138E+01
1.893719E+02  1.241323E+02  -2.302012E+02  9.625621E+01
1.893031E+02  1.240525E+02  -2.300650E+02  9.629813E+01
1.892302E+02  1.239680E+02  -2.299207E+02  9.634241E+01
1.891618E+02  1.238888E+02  -2.297851E+02  9.638383E+01
1.890732E+02  1.237860E+02  -2.296094E+02  9.643732E+01
1.889882E+02  1.236874E+02  -2.294407E+02  9.648846E+01
1.889102E+02  1.235970E+02  -2.292858E+02  9.653522E+01
1.888739E+02  1.235549E+02  -2.292137E+02  9.655694E+01
1.888375E+02  1.235128E+02  -2.291414E+02  9.657865E+01
1.887864E+02  1.234536E+02  -2.290400E+02  9.660904E+01
1.887354E+02  1.233944E+02  -2.289385E+02  9.663943E+01
1.887007E+02  1.233542E+02  -2.288695E+02  9.666001E+01
1.886660E+02  1.233140E+02  -2.288005E+02  9.668058E+01
1.885908E+02  1.232269E+02  -2.286510E+02  9.672500E+01
1.885028E+02  1.231249E+02  -2.284758E+02  9.677685E+01
1.884609E+02  1.230764E+02  -2.283924E+02  9.680143E+01
1.884191E+02  1.230279E+02  -2.283090E+02  9.682600E+01
1.883442E+02  1.229411E+02  -2.281599E+02  9.686978E+01
1.882740E+02  1.228599E+02  -2.280200E+02  9.691068E+01
1.881977E+02  1.227715E+02  -2.278679E+02  9.695502E+01
1.881618E+02  1.227298E+02  -2.277962E+02  9.697590E+01
1.881257E+02  1.226880E+02  -2.277241E+02  9.699678E+01
1.880525E+02  1.226033E+02  -2.275781E+02  9.703902E+01
1.879892E+02  1.225299E+02  -2.274515E+02  9.707554E+01
1.879314E+02  1.224630E+02  -2.273361E+02  9.710872E+01
1.878763E+02  1.223992E+02  -2.272260E+02  9.714027E+01
1.878153E+02  1.223286E+02  -2.271040E+02  9.717516E+01
1.877541E+02  1.222577E+02  -2.269816E+02  9.721004E+01
1.876888E+02  1.221820E+02  -2.268508E+02  9.724720E+01
1.876135E+02  1.220949E+02  -2.267001E+02  9.728985E+01
1.875369E+02  1.220062E+02  -2.265467E+02  9.733315E+01
1.874642E+02  1.219220E+02  -2.264010E+02  9.737408E+01
1.873710E+02  1.218142E+02  -2.262142E+02  9.742638E+01
1.872884E+02  1.217186E+02  -2.260484E+02  9.747259E+01
1.872121E+02  1.216303E+02  -2.258952E+02  9.751509E+01
1.871523E+02  1.215611E+02  -2.257753E+02  9.754828E+01
1.870925E+02  1.214919E+02  -2.256550E+02  9.758146E+01
1.870462E+02  1.214384E+02  -2.255621E+02  9.760700E+01
1.869999E+02  1.213848E+02  -2.254690E+02  9.763254E+01
1.869353E+02  1.213100E+02  -2.253390E+02  9.766817E+01
1.868712E+02  1.212358E+02  -2.252100E+02  9.770336E+01
1.868110E+02  1.211662E+02  -2.250890E+02  9.773628E+01
1.867381E+02  1.210819E+02  -2.249421E+02  9.777610E+01
1.866695E+02  1.210025E+02  -2.248039E+02  9.781344E+01
1.866046E+02  1.209275E+02  -2.246732E+02  9.784866E+01
1.865376E+02  1.208500E+02  -2.245381E+02  9.788487E+01
1.864572E+02  1.207571E+02  -2.243760E+02  9.792824E+01
1.863795E+02  1.206672E+02  -2.242192E+02  9.797003E+01
1.863059E+02  1.205821E+02  -2.240705E+02  9.800950E+01
1.862362E+02  1.205015E+02  -2.239298E+02  9.804670E+01
1.861666E+02  1.204211E+02  -2.237890E+02  9.808378E+01
1.860883E+02  1.203305E+02  -2.236307E+02  9.812538E+01
1.860145E+02  1.202452E+02  -2.234813E+02  9.816445E+01
1.859417E+02  1.201610E+02  -2.233340E+02  9.820286E+01
1.858730E+02  1.200816E+02  -2.231948E+02  9.823899E+01
1.858248E+02  1.200260E+02  -2.230972E+02  9.826425E+01
1.857766E+02  1.199702E+02  -2.229995E+02  9.828951E+01
1.857239E+02  1.199093E+02  -2.228927E+02  9.831703E+01
1.856731E+02  1.198506E+02  -2.227897E+02  9.834351E+01
1.856131E+02  1.197813E+02  -2.226681E+02  9.837470E+01
1.855420E+02  1.196992E+02  -2.225237E+02  9.841161E+01
1.854743E+02  1.196209E+02  -2.223861E+02  9.844662E+01
1.854140E+02  1.195513E+02  -2.222638E+02  9.847767E+01
1.853563E+02  1.194847E+02  -2.221466E+02  9.850734E+01
1.852659E+02  1.193802E+02  -2.219627E+02  9.855373E+01
1.851894E+02  1.192919E+02  -2.218071E+02  9.859277E+01
1.851190E+02  1.192106E+02  -2.216638E+02  9.862862E+01
1.850366E+02  1.191155E+02  -2.214962E+02  9.867041E+01
1.849633E+02  1.190308E+02  -2.213468E+02  9.870751E+01
1.848942E+02  1.189510E+02  -2.212058E+02  9.874240E+01
1.848233E+02  1.188691E+02  -2.210612E+02  9.877804E+01
1.847610E+02  1.187972E+02  -2.209342E+02  9.880927E+01
1.847010E+02  1.187280E+02  -2.208117E+02  9.883926E+01
1.846319E+02  1.186482E+02  -2.206706E+02  9.887372E+01
1.845656E+02  1.185717E+02  -2.205352E+02  9.890669E+01
1.844858E+02  1.184796E+02  -2.203721E+02  9.894625E+01
1.844055E+02  1.183869E+02  -2.202079E+02  9.898588E+01
1.843318E+02  1.183018E+02  -2.200571E+02  9.902219E+01
1.842582E+02  1.182169E+02  -2.199064E+02  9.905829E+01
1.841899E+02  1.181381E+02  -2.197665E+02  9.909172E+01
1.841114E+02  1.180475E+02  -2.196057E+02  9.913001E+01
1.840372E+02  1.179620E+02  -2.194537E+02  9.916604E+01
1.839683E+02  1.178825E+02  -2.193124E+02  9.919943E+01
1.838811E+02  1.177819E+02  -2.191335E+02  9.924152E+01
1.837989E+02  1.176871E+02  -2.189646E+02  9.928109E+01
1.837640E+02  1.176469E+02  -2.188931E+02  9.929782E+01
1.837292E+02  1.176067E+02  -2.188215E+02  9.931454E+01
1.836825E+02  1.175529E+02  -2.187256E+02  9.933685E+01
1.836381E+02  1.175017E+02  -2.186342E+02  9.935807E+01
1.835778E+02  1.174322E+02  -2.185103E+02  9.938678E+01
1.835249E+02  1.173711E+02  -2.184014E+02  9.941193E+01
1.834738E+02  1.173122E+02  -2.182961E+02  9.943616E+01
1.834079E+02  1.172362E+02  -2.181605E+02  9.946733E+01
1.833619E+02  1.171833E+02  -2.180659E+02  9.948899E+01
1.833159E+02  1.171303E+02  -2.179711E+02  9.951066E+01
1.832584E+02  1.170639E+02  -2.178524E+02  9.953771E+01
1.832026E+02  1.169996E+02  -2.177374E+02  9.956383E+01
1.831387E+02  1.169260E+02  -2.176057E+02  9.959370E+01
1.830767E+02  1.168545E+02  -2.174778E+02  9.962260E+01
1.830014E+02  1.167678E+02  -2.173224E+02  9.965759E+01
1.828993E+02  1.166501E+02  -2.171115E+02  9.970487E+01
1.828068E+02  1.165435E+02  -2.169202E+02  9.974752E+01
1.827090E+02  1.164308E+02  -2.167179E+02  9.979243E+01
1.826647E+02  1.163798E+02  -2.166263E+02  9.981269E+01
1.826203E+02  1.163287E+02  -2.165345E+02  9.983295E+01
1.825901E+02  1.162939E+02  -2.164719E+02  9.984675E+01
1.825598E+02  1.162590E+02  -2.164091E+02  9.986055E+01
1.825110E+02  1.162027E+02  -2.163079E+02  9.988274E+01
1.824629E+02  1.161473E+02  -2.162083E+02  9.990458E+01
1.823777E+02  1.160493E+02  -2.160318E+02  9.994310E+01
1.823372E+02  1.160026E+02  -2.159478E+02  9.996139E+01
1.822966E+02  1.159558E+02  -2.158634E+02  9.997968E+01
1.822432E+02  1.158944E+02  -2.157528E+02  1.000037E+02
1.821671E+02  1.158068E+02  -2.155947E+02  1.000378E+02
1.821002E+02  1.157297E+02  -2.154557E+02  1.000677E+02
1.820357E+02  1.156555E+02  -2.153218E+02  1.000964E+02
1.819529E+02  1.155602E+02  -2.151496E+02  1.001332E+02
1.818989E+02  1.154980E+02  -2.150373E+02  1.001571E+02
1.818448E+02  1.154357E+02  -2.149246E+02  1.001810E+02
1.817856E+02  1.153677E+02  -2.148015E+02  1.002071E+02
1.817479E+02  1.153242E+02  -2.147229E+02  1.002236E+02
1.817101E+02  1.152808E+02  -2.146443E+02  1.002402E+02
1.816659E+02  1.152298E+02  -2.145521E+02  1.002596E+02
1.816216E+02  1.151788E+02  -2.144597E+02  1.002790E+02
1.815780E+02  1.151287E+02  -2.143688E+02  1.002980E+02
1.815150E+02  1.150562E+02  -2.142375E+02  1.003255E+02
1.814553E+02  1.149876E+02  -2.141130E+02  1.003514E+02
1.813764E+02  1.148968E+02  -2.139482E+02  1.003856E+02
1.813036E+02  1.148130E+02  -2.137962E+02  1.004170E+02
1.812691E+02  1.147734E+02  -2.137242E+02  1.004318E+02
1.812347E+02  1.147338E+02  -2.136523E+02  1.004466E+02
1.811956E+02  1.146888E+02  -2.135705E+02  1.004634E+02
1.811564E+02  1.146438E+02  -2.134887E+02  1.004802E+02
1.810722E+02  1.145470E+02  -2.133126E+02  1.005162E+02
1.810334E+02  1.145023E+02  -2.132313E+02  1.005327E+02
1.809945E+02  1.144576E+02  -2.131500E+02  1.005492E+02
1.809338E+02  1.143877E+02  -2.130227E+02  1.005750E+02
1.808752E+02  1.143204E+02  -2.129001E+02  1.005998E+02
1.808008E+02  1.142348E+02  -2.127440E+02  1.006313E+02
1.807302E+02  1.141537E+02  -2.125962E+02  1.006609E+02
1.806659E+02  1.140797E+02  -2.124612E+02  1.006879E+02
1.806352E+02  1.140445E+02  -2.123968E+02  1.007008E+02
1.806046E+02  1.140092E+02  -2.123324E+02  1.007136E+02
1.805486E+02  1.139449E+02  -2.122148E+02  1.007370E+02
1.804938E+02  1.138819E+02  -2.120997E+02  1.007598E+02
1.804308E+02  1.138095E+02  -2.119675E+02  1.007859E+02
1.804023E+02  1.137768E+02  -2.119076E+02  1.007977E+02
1.803737E+02  1.137440E+02  -2.118475E+02  1.008096E+02
1.803401E+02  1.137053E+02  -2.117768E+02  1.008235E+02
1.803064E+02  1.136666E+02  -2.117059E+02  1.008374E+02
1.802476E+02  1.135990E+02  -2.115822E+02  1.008616E+02
1.801831E+02  1.135250E+02  -2.114466E+02  1.008881E+02
1.801227E+02  1.134555E+02  -2.113192E+02  1.009128E+02
1.800649E+02  1.133892E+02  -2.111976E+02  1.009364E+02
1.800333E+02  1.133529E+02  -2.111310E+02  1.009493E+02
1.800017E+02  1.133165E+02  -2.110644E+02  1.009622E+02
1.799231E+02  1.132263E+02  -2.108987E+02  1.009941E+02
1.798575E+02  1.131509E+02  -2.107602E+02  1.010207E+02
1.797942E+02  1.130782E+02  -2.106267E+02  1.010462E+02
1.797305E+02  1.130050E+02  -2.104920E+02  1.010719E+02
1.797001E+02  1.129702E+02  -2.104280E+02  1.010840E+02
1.796699E+02  1.129354E+02  -2.103641E+02  1.010962E+02
1.796154E+02  1.128729E+02  -2.102490E+02  1.011180E+02
1.795475E+02  1.127950E+02  -2.101055E+02  1.011451E+02
1.794860E+02  1.127243E+02  -2.099754E+02  1.011696E+02
1.794264E+02  1.126559E+02  -2.098492E+02  1.011933E+02
1.793556E+02  1.125746E+02  -2.096994E+02  1.012213E+02
1.793222E+02  1.125363E+02  -2.096288E+02  1.012345E+02
1.792888E+02  1.124980E+02  -2.095579E+02  1.012477E+02
1.792361E+02  1.124375E+02  -2.094462E+02  1.012685E+02
1.791838E+02  1.123774E+02  -2.093353E+02  1.012890E+02
1.791132E+02  1.122964E+02  -2.091857E+02  1.013166E+02
1.790494E+02  1.122233E+02  -2.090505E+02  1.013415E+02
1.789886E+02  1.121534E+02  -2.089213E+02  1.013652E+02
1.789298E+02  1.120860E+02  -2.087964E+02  1.013881E+02
1.788732E+02  1.120210E+02  -2.086761E+02  1.014100E+02
1.788111E+02  1.119499E+02  -2.085443E+02  1.014340E+02
1.787525E+02  1.118825E+02  -2.084196E+02  1.014566E+02
1.786728E+02  1.117911E+02  -2.082501E+02  1.014872E+02
1.785993E+02  1.117068E+02  -2.080937E+02  1.015154E+02
1.785570E+02  1.116584E+02  -2.080038E+02  1.015315E+02
1.785146E+02  1.116098E+02  -2.079136E+02  1.015476E+02
1.784461E+02  1.115312E+02  -2.077675E+02  1.015737E+02
1.783804E+02  1.114558E+02  -2.076274E+02  1.015986E+02
1.783074E+02  1.113721E+02  -2.074717E+02  1.016262E+02
1.782334E+02  1.112873E+02  -2.073139E+02  1.016541E+02
1.781647E+02  1.112086E+02  -2.071674E+02  1.016798E+02
1.780827E+02  1.111146E+02  -2.069922E+02  1.017105E+02
1.780079E+02  1.110288E+02  -2.068323E+02  1.017384E+02
1.779718E+02  1.109874E+02  -2.067550E+02  1.017519E+02
1.779355E+02  1.109459E+02  -2.066775E+02  1.017653E+02
1.778788E+02  1.108809E+02  -2.065562E+02  1.017863E+02
1.778183E+02  1.108115E+02  -2.064267E+02  1.018087E+02
1.777599E+02  1.107446E+02  -2.063016E+02  1.018302E+02
1.777040E+02  1.106806E+02  -2.061819E+02  1.018508E+02
1.776475E+02  1.106158E+02  -2.060609E+02  1.018715E+02
1.775930E+02  1.105534E+02  -2.059441E+02  1.018914E+02
1.775313E+02  1.104827E+02  -2.058118E+02  1.019139E+02
1.774979E+02  1.104445E+02  -2.057402E+02  1.019260E+02
1.774646E+02  1.104063E+02  -2.056687E+02  1.019382E+02
1.774186E+02  1.103535E+02  -2.055698E+02  1.019549E+02
1.773691E+02  1.102969E+02  -2.054637E+02  1.019728E+02
1.773132E+02  1.102328E+02  -2.053435E+02  1.019930E+02
1.772637E+02  1.101761E+02  -2.052371E+02  1.020108E+02
1.772158E+02  1.101214E+02  -2.051343E+02  1.020280E+02
1.771681E+02  1.100667E+02  -2.050316E+02  1.020451E+02
1.771103E+02  1.100005E+02  -2.049074E+02  1.020658E+02
1.770502E+02  1.099317E+02  -2.047779E+02  1.020873E+02
1.769927E+02  1.098659E+02  -2.046543E+02  1.021077E+02
1.769285E+02  1.097923E+02  -2.045160E+02  1.021305E+02
1.768902E+02  1.097486E+02  -2.044336E+02  1.021441E+02
1.768520E+02  1.097048E+02  -2.043511E+02  1.021576E+02
1.768069E+02  1.096532E+02  -2.042539E+02  1.021735E+02
1.767620E+02  1.096019E+02  -2.041573E+02  1.021893E+02
1.767062E+02  1.095379E+02  -2.040367E+02  1.022089E+02
1.766384E+02  1.094603E+02  -2.038905E+02  1.022327E+02
1.765681E+02  1.093798E+02  -2.037386E+02  1.022572E+02
1.764982E+02  1.092999E+02  -2.035876E+02  1.022815E+02
1.764313E+02  1.092234E+02  -2.034431E+02  1.023048E+02
1.763498E+02  1.091301E+02  -2.032669E+02  1.023329E+02
1.762741E+02  1.090436E+02  -2.031032E+02  1.023590E+02
1.762330E+02  1.089965E+02  -2.030141E+02  1.023731E+02
1.761917E+02  1.089493E+02  -2.029248E+02  1.023873E+02
1.761476E+02  1.088989E+02  -2.028293E+02  1.024024E+02
1.761052E+02  1.088504E+02  -2.027374E+02  1.024169E+02
1.760677E+02  1.088075E+02  -2.026562E+02  1.024297E+02
1.760301E+02  1.087645E+02  -2.025746E+02  1.024424E+02
1.759906E+02  1.087193E+02  -2.024888E+02  1.024559E+02
1.759368E+02  1.086578E+02  -2.023722E+02  1.024742E+02
1.758839E+02  1.085973E+02  -2.022575E+02  1.024920E+02
1.758249E+02  1.085298E+02  -2.021294E+02  1.025119E+02
1.757851E+02  1.084843E+02  -2.020430E+02  1.025253E+02
1.757453E+02  1.084388E+02  -2.019565E+02  1.025387E+02
1.756861E+02  1.083712E+02  -2.018279E+02  1.025585E+02
1.756291E+02  1.083061E+02  -2.017041E+02  1.025776E+02
1.755944E+02  1.082663E+02  -2.016284E+02  1.025892E+02
1.755595E+02  1.082265E+02  -2.015526E+02  1.026008E+02
1.754973E+02  1.081554E+02  -2.014173E+02  1.026215E+02
1.754467E+02  1.080975E+02  -2.013071E+02  1.026382E+02
1.753959E+02  1.080395E+02  -2.011965E+02  1.026550E+02
1.753675E+02  1.080070E+02  -2.011347E+02  1.026644E+02
1.753392E+02  1.079747E+02  -2.010730E+02  1.026738E+02
1.752975E+02  1.079271E+02  -2.009821E+02  1.026874E+02
1.752594E+02  1.078835E+02  -2.008991E+02  1.027000E+02
1.752214E+02  1.078401E+02  -2.008162E+02  1.027124E+02
1.751906E+02  1.078048E+02  -2.007488E+02  1.027225E+02
1.751597E+02  1.077696E+02  -2.006815E+02  1.027326E+02
1.751062E+02  1.077085E+02  -2.005649E+02  1.027501E+02
1.750731E+02  1.076707E+02  -2.004926E+02  1.027608E+02
1.750400E+02  1.076328E+02  -2.004202E+02  1.027716E+02
1.750061E+02  1.075941E+02  -2.003462E+02  1.027826E+02
1.749721E+02  1.075553E+02  -2.002721E+02  1.027936E+02
1.749283E+02  1.075053E+02  -2.001764E+02  1.028078E+02
1.748844E+02  1.074552E+02  -2.000805E+02  1.028220E+02
1.748422E+02  1.074069E+02  -1.999881E+02  1.028356E+02
1.748009E+02  1.073597E+02  -1.998976E+02  1.028489E+02
1.747595E+02  1.073125E+02  -1.998071E+02  1.028621E+02
1.747028E+02  1.072477E+02  -1.996830E+02  1.028803E+02
1.746455E+02  1.071823E+02  -1.995576E+02  1.028986E+02
1.745901E+02  1.071191E+02  -1.994363E+02  1.029162E+02
1.745430E+02  1.070653E+02  -1.993330E+02  1.029312E+02
1.744963E+02  1.070120E+02  -1.992307E+02  1.029460E+02
1.744697E+02  1.069816E+02  -1.991724E+02  1.029544E+02
1.744431E+02  1.069513E+02  -1.991142E+02  1.029628E+02
1.744020E+02  1.069044E+02  -1.990240E+02  1.029758E+02
1.743666E+02  1.068639E+02  -1.989462E+02  1.029870E+02
1.743310E+02  1.068233E+02  -1.988681E+02  1.029981E+02
1.742810E+02  1.067663E+02  -1.987584E+02  1.030138E+02
1.742252E+02  1.067025E+02  -1.986357E+02  1.030313E+02
1.741718E+02  1.066416E+02  -1.985183E+02  1.030480E+02
1.741150E+02  1.065768E+02  -1.983935E+02  1.030657E+02
1.740857E+02  1.065433E+02  -1.983291E+02  1.030748E+02
1.740563E+02  1.065097E+02  -1.982643E+02  1.030839E+02
1.740141E+02  1.064617E+02  -1.981717E+02  1.030970E+02
1.739581E+02  1.063978E+02  -1.980486E+02  1.031143E+02
1.739126E+02  1.063459E+02  -1.979484E+02  1.031283E+02
1.738670E+02  1.062939E+02  -1.978480E+02  1.031424E+02
1.738015E+02  1.062191E+02  -1.977034E+02  1.031625E+02
1.737391E+02  1.061479E+02  -1.975660E+02  1.031816E+02
1.736701E+02  1.060693E+02  -1.974139E+02  1.032026E+02
1.736111E+02  1.060020E+02  -1.972838E+02  1.032206E+02
1.735541E+02  1.059370E+02  -1.971580E+02  1.032379E+02
1.735119E+02  1.058889E+02  -1.970648E+02  1.032506E+02
1.734697E+02  1.058408E+02  -1.969715E+02  1.032634E+02
1.734282E+02  1.057935E+02  -1.968800E+02  1.032759E+02
1.733883E+02  1.057479E+02  -1.967917E+02  1.032879E+02
1.733389E+02  1.056916E+02  -1.966825E+02  1.033027E+02
1.733041E+02  1.056520E+02  -1.966055E+02  1.033131E+02
1.732693E+02  1.056122E+02  -1.965284E+02  1.033235E+02
1.732129E+02  1.055481E+02  -1.964039E+02  1.033403E+02
1.731655E+02  1.054940E+02  -1.962988E+02  1.033545E+02
1.731427E+02  1.054680E+02  -1.962484E+02  1.033613E+02
1.731198E+02  1.054420E+02  -1.961978E+02  1.033680E+02
1.730867E+02  1.054042E+02  -1.961244E+02  1.033779E+02
1.730620E+02  1.053760E+02  -1.960695E+02  1.033852E+02
1.730372E+02  1.053478E+02  -1.960147E+02  1.033925E+02
1.730085E+02  1.053151E+02  -1.959512E+02  1.034010E+02
1.729797E+02  1.052823E+02  -1.958873E+02  1.034094E+02
1.729429E+02  1.052403E+02  -1.958056E+02  1.034203E+02
1.729060E+02  1.051982E+02  -1.957237E+02  1.034312E+02
1.728503E+02  1.051348E+02  -1.956001E+02  1.034475E+02
1.727803E+02  1.050550E+02  -1.954448E+02  1.034680E+02
1.727465E+02  1.050166E+02  -1.953698E+02  1.034778E+02
1.727128E+02  1.049781E+02  -1.952948E+02  1.034876E+02
1.726569E+02  1.049145E+02  -1.951707E+02  1.035039E+02
1.726005E+02  1.048503E+02  -1.950454E+02  1.035202E+02
1.725469E+02  1.047892E+02  -1.949261E+02  1.035357E+02
1.724953E+02  1.047305E+02  -1.948115E+02  1.035505E+02
1.724398E+02  1.046673E+02  -1.946879E+02  1.035665E+02
1.724051E+02  1.046277E+02  -1.946106E+02  1.035765E+02
1.723704E+02  1.045882E+02  -1.945334E+02  1.035864E+02
1.723201E+02  1.045310E+02  -1.944213E+02  1.036008E+02
1.722700E+02  1.044739E+02  -1.943097E+02  1.036151E+02
1.722204E+02  1.044175E+02  -1.941992E+02  1.036292E+02
1.721325E+02  1.043173E+02  -1.940029E+02  1.036541E+02
1.720574E+02  1.042319E+02  -1.938355E+02  1.036753E+02
1.719922E+02  1.041576E+02  -1.936898E+02  1.036937E+02
1.719301E+02  1.040869E+02  -1.935511E+02  1.037111E+02
1.718987E+02  1.040512E+02  -1.934810E+02  1.037199E+02
1.718672E+02  1.040154E+02  -1.934106E+02  1.037286E+02
1.717731E+02  1.039084E+02  -1.932003E+02  1.037549E+02
1.717294E+02  1.038586E+02  -1.931024E+02  1.037670E+02
1.716857E+02  1.038088E+02  -1.930045E+02  1.037791E+02
1.716534E+02  1.037721E+02  -1.929323E+02  1.037880E+02
1.716211E+02  1.037354E+02  -1.928598E+02  1.037970E+02
1.715825E+02  1.036915E+02  -1.927734E+02  1.038076E+02
1.715565E+02  1.036619E+02  -1.927152E+02  1.038148E+02
1.715305E+02  1.036323E+02  -1.926569E+02  1.038219E+02
1.714981E+02  1.035954E+02  -1.925843E+02  1.038308E+02
1.714446E+02  1.035346E+02  -1.924643E+02  1.038455E+02
1.713869E+02  1.034690E+02  -1.923350E+02  1.038612E+02
1.713255E+02  1.033991E+02  -1.921971E+02  1.038779E+02
1.712726E+02  1.033390E+02  -1.920784E+02  1.038923E+02
1.712471E+02  1.033100E+02  -1.920211E+02  1.038992E+02
1.712216E+02  1.032810E+02  -1.919639E+02  1.039061E+02
1.711927E+02  1.032481E+02  -1.918989E+02  1.039139E+02
1.711643E+02  1.032158E+02  -1.918350E+02  1.039216E+02
1.711142E+02  1.031589E+02  -1.917225E+02  1.039351E+02
1.710661E+02  1.031041E+02  -1.916142E+02  1.039480E+02
1.710196E+02  1.030513E+02  -1.915097E+02  1.039605E+02
1.709814E+02  1.030080E+02  -1.914238E+02  1.039707E+02
1.709432E+02  1.029645E+02  -1.913378E+02  1.039809E+02
1.709087E+02  1.029253E+02  -1.912600E+02  1.039901E+02
1.708775E+02  1.028898E+02  -1.911898E+02  1.039984E+02
1.708458E+02  1.028538E+02  -1.911184E+02  1.040068E+02
1.707873E+02  1.027873E+02  -1.909867E+02  1.040223E+02
1.707141E+02  1.027041E+02  -1.908215E+02  1.040417E+02
1.706451E+02  1.026257E+02  -1.906659E+02  1.040599E+02
1.705280E+02  1.024926E+02  -1.904016E+02  1.040906E+02
1.704761E+02  1.024337E+02  -1.902845E+02  1.041041E+02
1.704241E+02  1.023747E+02  -1.901671E+02  1.041176E+02
1.703717E+02  1.023151E+02  -1.900485E+02  1.041313E+02
1.703141E+02  1.022497E+02  -1.899181E+02  1.041462E+02
1.702588E+02  1.021868E+02  -1.897929E+02  1.041605E+02
1.702303E+02  1.021545E+02  -1.897285E+02  1.041678E+02
1.702019E+02  1.021222E+02  -1.896642E+02  1.041751E+02
1.701624E+02  1.020774E+02  -1.895749E+02  1.041853E+02
1.701394E+02  1.020513E+02  -1.895228E+02  1.041912E+02
1.701164E+02  1.020251E+02  -1.894707E+02  1.041971E+02
1.700733E+02  1.019762E+02  -1.893729E+02  1.042081E+02
1.700384E+02  1.019366E+02  -1.892939E+02  1.042170E+02
1.700035E+02  1.018970E+02  -1.892149E+02  1.042259E+02
1.699560E+02  1.018430E+02  -1.891069E+02  1.042380E+02
1.699157E+02  1.017973E+02  -1.890157E+02  1.042482E+02
1.698955E+02  1.017744E+02  -1.889699E+02  1.042533E+02
1.698754E+02  1.017515E+02  -1.889241E+02  1.042584E+02
1.698295E+02  1.016994E+02  -1.888199E+02  1.042700E+02
1.698059E+02  1.016726E+02  -1.887663E+02  1.042760E+02
1.697821E+02  1.016457E+02  -1.887125E+02  1.042819E+02
1.697499E+02  1.016091E+02  -1.886392E+02  1.042901E+02
1.696906E+02  1.015418E+02  -1.885045E+02  1.043049E+02
1.696545E+02  1.015008E+02  -1.884224E+02  1.043140E+02
1.696183E+02  1.014597E+02  -1.883402E+02  1.043230E+02
1.695629E+02  1.013968E+02  -1.882141E+02  1.043368E+02
1.695359E+02  1.013662E+02  -1.881526E+02  1.043436E+02
1.695088E+02  1.013355E+02  -1.880910E+02  1.043503E+02
1.694679E+02  1.012890E+02  -1.879979E+02  1.043604E+02
1.694280E+02  1.012438E+02  -1.879072E+02  1.043703E+02
1.693930E+02  1.012041E+02  -1.878273E+02  1.043790E+02
1.693587E+02  1.011652E+02  -1.877492E+02  1.043874E+02
1.693246E+02  1.011265E+02  -1.876715E+02  1.043958E+02
1.692708E+02  1.010654E+02  -1.875488E+02  1.044090E+02
1.692038E+02  1.009895E+02  -1.873960E+02  1.044254E+02
1.691732E+02  1.009547E+02  -1.873262E+02  1.044329E+02
1.691424E+02  1.009198E+02  -1.872559E+02  1.044404E+02
1.691020E+02  1.008740E+02  -1.871637E+02  1.044503E+02
1.690612E+02  1.008277E+02  -1.870705E+02  1.044602E+02
1.690188E+02  1.007796E+02  -1.869735E+02  1.044705E+02
1.689772E+02  1.007325E+02  -1.868787E+02  1.044805E+02
1.689291E+02  1.006779E+02  -1.867686E+02  1.044922E+02
1.689056E+02  1.006512E+02  -1.867149E+02  1.044978E+02
1.688821E+02  1.006247E+02  -1.866613E+02  1.045035E+02
1.688374E+02  1.005739E+02  -1.865589E+02  1.045142E+02
1.687951E+02  1.005260E+02  -1.864622E+02  1.045243E+02
1.687442E+02  1.004682E+02  -1.863456E+02  1.045365E+02
1.687104E+02  1.004299E+02  -1.862681E+02  1.045446E+02
1.686764E+02  1.003914E+02  -1.861903E+02  1.045527E+02
1.686455E+02  1.003564E+02  -1.861196E+02  1.045600E+02
1.686145E+02  1.003212E+02  -1.860483E+02  1.045674E+02
1.685819E+02  1.002844E+02  -1.859739E+02  1.045751E+02
1.685490E+02  1.002470E+02  -1.858984E+02  1.045829E+02
1.685170E+02  1.002107E+02  -1.858249E+02  1.045905E+02
1.684667E+02  1.001538E+02  -1.857095E+02  1.046023E+02
1.684174E+02  1.000978E+02  -1.855963E+02  1.046139E+02
1.683759E+02  1.000509E+02  -1.855013E+02  1.046236E+02
1.683354E+02  1.000050E+02  -1.854082E+02  1.046331E+02
1.682752E+02  9.993678E+01  -1.852699E+02  1.046472E+02
1.682038E+02  9.985589E+01  -1.851058E+02  1.046638E+02
1.681697E+02  9.981722E+01  -1.850273E+02  1.046717E+02
1.681355E+02  9.977855E+01  -1.849488E+02  1.046796E+02
1.680864E+02  9.972284E+01  -1.848356E+02  1.046910E+02
1.680415E+02  9.967200E+01  -1.847323E+02  1.047013E+02
1.679970E+02  9.962165E+01  -1.846299E+02  1.047116E+02
1.679544E+02  9.957343E+01  -1.845318E+02  1.047213E+02
1.679127E+02  9.952619E+01  -1.844357E+02  1.047309E+02
1.678747E+02  9.948314E+01  -1.843481E+02  1.047396E+02
1.678559E+02  9.946184E+01  -1.843047E+02  1.047439E+02
1.678371E+02  9.944060E+01  -1.842615E+02  1.047482E+02
1.677834E+02  9.937974E+01  -1.841376E+02  1.047604E+02
1.677559E+02  9.934862E+01  -1.840741E+02  1.047666E+02
1.677285E+02  9.931753E+01  -1.840107E+02  1.047729E+02
1.677078E+02  9.929410E+01  -1.839630E+02  1.047775E+02
1.676870E+02  9.927063E+01  -1.839152E+02  1.047822E+02
1.676616E+02  9.924184E+01  -1.838564E+02  1.047880E+02
1.676360E+02  9.921288E+01  -1.837973E+02  1.047937E+02
1.676045E+02  9.917723E+01  -1.837246E+02  1.048008E+02
1.675730E+02  9.914152E+01  -1.836517E+02  1.048079E+02
1.675239E+02  9.908599E+01  -1.835383E+02  1.048189E+02
1.674819E+02  9.903848E+01  -1.834413E+02  1.048283E+02
1.674445E+02  9.899611E+01  -1.833547E+02  1.048367E+02
1.674075E+02  9.895418E+01  -1.832690E+02  1.048450E+02
1.673633E+02  9.890421E+01  -1.831668E+02  1.048548E+02
1.673196E+02  9.885471E+01  -1.830655E+02  1.048645E+02
1.672864E+02  9.881719E+01  -1.829888E+02  1.048719E+02
1.672698E+02  9.879839E+01  -1.829503E+02  1.048755E+02
1.672531E+02  9.877958E+01  -1.829118E+02  1.048792E+02
1.672255E+02  9.874826E+01  -1.828477E+02  1.048853E+02
1.671980E+02  9.871718E+01  -1.827840E+02  1.048914E+02
1.671495E+02  9.866232E+01  -1.826716E+02  1.049021E+02
1.671044E+02  9.861127E+01  -1.825670E+02  1.049120E+02
1.670614E+02  9.856262E+01  -1.824672E+02  1.049214E+02
1.670307E+02  9.852792E+01  -1.823960E+02  1.049281E+02
1.669999E+02  9.849312E+01  -1.823246E+02  1.049348E+02
1.669598E+02  9.844766E+01  -1.822313E+02  1.049435E+02
1.669197E+02  9.840237E+01  -1.821384E+02  1.049523E+02
1.668701E+02  9.834625E+01  -1.820231E+02  1.049630E+02
1.668265E+02  9.829690E+01  -1.819216E+02  1.049724E+02
1.667841E+02  9.824897E+01  -1.818231E+02  1.049816E+02
1.667409E+02  9.820013E+01  -1.817227E+02  1.049909E+02
1.667022E+02  9.815640E+01  -1.816327E+02  1.049992E+02
1.666658E+02  9.811527E+01  -1.815481E+02  1.050070E+02
1.666221E+02  9.806581E+01  -1.814462E+02  1.050164E+02
1.665803E+02  9.801852E+01  -1.813488E+02  1.050253E+02
1.665582E+02  9.799359E+01  -1.812974E+02  1.050300E+02
1.665361E+02  9.796862E+01  -1.812460E+02  1.050347E+02
1.664918E+02  9.791851E+01  -1.811428E+02  1.050441E+02
1.664259E+02  9.784406E+01  -1.809892E+02  1.050581E+02
1.663708E+02  9.778182E+01  -1.808608E+02  1.050697E+02
1.663465E+02  9.775425E+01  -1.808038E+02  1.050748E+02
1.663221E+02  9.772667E+01  -1.807469E+02  1.050800E+02
1.662964E+02  9.769767E+01  -1.806870E+02  1.050854E+02
1.662623E+02  9.765912E+01  -1.806074E+02  1.050925E+02
1.662263E+02  9.761842E+01  -1.805233E+02  1.051001E+02
1.661880E+02  9.757518E+01  -1.804339E+02  1.051080E+02
1.661353E+02  9.751564E+01  -1.803107E+02  1.051190E+02
1.661115E+02  9.748870E+01  -1.802550E+02  1.051240E+02
1.660877E+02  9.746184E+01  -1.801994E+02  1.051289E+02
1.660390E+02  9.740680E+01  -1.800855E+02  1.051390E+02
1.660146E+02  9.737926E+01  -1.800285E+02  1.051441E+02
1.659901E+02  9.735166E+01  -1.799713E+02  1.051491E+02
1.659513E+02  9.730781E+01  -1.798805E+02  1.051571E+02
1.659135E+02  9.726501E+01  -1.797917E+02  1.051649E+02
1.658818E+02  9.722919E+01  -1.797175E+02  1.051715E+02
1.658505E+02  9.719392E+01  -1.796444E+02  1.051779E+02
1.658295E+02  9.717017E+01  -1.795951E+02  1.051822E+02
1.658084E+02  9.714631E+01  -1.795456E+02  1.051865E+02
1.657838E+02  9.711856E+01  -1.794880E+02  1.051915E+02
1.657585E+02  9.708999E+01  -1.794287E+02  1.051967E+02
1.657188E+02  9.704514E+01  -1.793356E+02  1.052048E+02
1.656989E+02  9.702273E+01  -1.792890E+02  1.052088E+02
1.656792E+02  9.700043E+01  -1.792427E+02  1.052128E+02
1.656258E+02  9.694020E+01  -1.791176E+02  1.052237E+02
1.655945E+02  9.690477E+01  -1.790440E+02  1.052300E+02
1.655631E+02  9.686931E+01  -1.789702E+02  1.052363E+02
1.655233E+02  9.682442E+01  -1.788769E+02  1.052444E+02
1.655001E+02  9.679826E+01  -1.788224E+02  1.052490E+02
1.654770E+02  9.677213E+01  -1.787680E+02  1.052537E+02
1.654387E+02  9.672891E+01  -1.786781E+02  1.052614E+02
1.654019E+02  9.668736E+01  -1.785915E+02  1.052687E+02
1.653528E+02  9.663194E+01  -1.784760E+02  1.052785E+02
1.653295E+02  9.660570E+01  -1.784213E+02  1.052832E+02
1.653063E+02  9.657942E+01  -1.783666E+02  1.052878E+02
1.652705E+02  9.653901E+01  -1.782824E+02  1.052949E+02
1.652348E+02  9.649876E+01  -1.781983E+02  1.053020E+02
1.652148E+02  9.647616E+01  -1.781512E+02  1.053060E+02
1.651946E+02  9.645345E+01  -1.781039E+02  1.053099E+02
1.651550E+02  9.640872E+01  -1.780105E+02  1.053178E+02
1.651316E+02  9.638227E+01  -1.779553E+02  1.053224E+02
1.651080E+02  9.635566E+01  -1.778996E+02  1.053270E+02
1.650761E+02  9.631965E+01  -1.778244E+02  1.053333E+02
1.650298E+02  9.626738E+01  -1.777152E+02  1.053424E+02
1.649888E+02  9.622118E+01  -1.776186E+02  1.053504E+02
1.649476E+02  9.617470E+01  -1.775214E+02  1.053585E+02
1.649053E+02  9.612695E+01  -1.774215E+02  1.053667E+02
1.648697E+02  9.608679E+01  -1.773375E+02  1.053737E+02
1.648370E+02  9.604991E+01  -1.772602E+02  1.053800E+02
1.648045E+02  9.601322E+01  -1.771834E+02  1.053863E+02
1.647663E+02  9.597015E+01  -1.770932E+02  1.053937E+02
1.647240E+02  9.592252E+01  -1.769934E+02  1.054018E+02
1.647035E+02  9.589931E+01  -1.769447E+02  1.054058E+02
1.646829E+02  9.587606E+01  -1.768959E+02  1.054098E+02
1.646587E+02  9.584882E+01  -1.768388E+02  1.054144E+02
1.646343E+02  9.582133E+01  -1.767811E+02  1.054191E+02
1.645924E+02  9.577404E+01  -1.766820E+02  1.054271E+02
1.645710E+02  9.574998E+01  -1.766314E+02  1.054312E+02
1.645497E+02  9.572595E+01  -1.765810E+02  1.054353E+02
1.645193E+02  9.569168E+01  -1.765090E+02  1.054411E+02
1.644807E+02  9.564816E+01  -1.764176E+02  1.054484E+02
1.644607E+02  9.562554E+01  -1.763701E+02  1.054522E+02
1.644406E+02  9.560287E+01  -1.763225E+02  1.054560E+02
1.644110E+02  9.556953E+01  -1.762523E+02  1.054616E+02
1.643816E+02  9.553634E+01  -1.761825E+02  1.054672E+02
1.643654E+02  9.551816E+01  -1.761443E+02  1.054703E+02
1.643492E+02  9.549986E+01  -1.761059E+02  1.054733E+02
1.643233E+02  9.547069E+01  -1.760444E+02  1.054782E+02
1.642975E+02  9.544157E+01  -1.759832E+02  1.054831E+02
1.642592E+02  9.539845E+01  -1.758924E+02  1.054903E+02
1.642410E+02  9.537791E+01  -1.758491E+02  1.054937E+02
1.642228E+02  9.535737E+01  -1.758059E+02  1.054971E+02
1.641854E+02  9.531528E+01  -1.757172E+02  1.055041E+02
1.641496E+02  9.527485E+01  -1.756320E+02  1.055108E+02
1.641321E+02  9.525515E+01  -1.755905E+02  1.055140E+02
1.641146E+02  9.523547E+01  -1.755490E+02  1.055173E+02
1.640732E+02  9.518880E+01  -1.754506E+02  1.055250E+02
1.640374E+02  9.514849E+01  -1.753656E+02  1.055317E+02
1.640013E+02  9.510774E+01  -1.752796E+02  1.055383E+02
1.639837E+02  9.508796E+01  -1.752378E+02  1.055416E+02
1.639662E+02  9.506825E+01  -1.751962E+02  1.055448E+02
1.639344E+02  9.503236E+01  -1.751204E+02  1.055507E+02
1.639032E+02  9.499725E+01  -1.750463E+02  1.055565E+02
1.638701E+02  9.495995E+01  -1.749675E+02  1.055625E+02
1.638230E+02  9.490691E+01  -1.748553E+02  1.055712E+02
1.637762E+02  9.485419E+01  -1.747439E+02  1.055797E+02
1.637547E+02  9.482988E+01  -1.746924E+02  1.055837E+02
1.637331E+02  9.480564E+01  -1.746411E+02  1.055876E+02
1.636898E+02  9.475678E+01  -1.745377E+02  1.055955E+02
1.636664E+02  9.473049E+01  -1.744820E+02  1.055998E+02
1.636430E+02  9.470409E+01  -1.744262E+02  1.056040E+02
1.636205E+02  9.467881E+01  -1.743727E+02  1.056081E+02
1.635977E+02  9.465308E+01  -1.743181E+02  1.056122E+02
1.635756E+02  9.462826E+01  -1.742655E+02  1.056162E+02
1.635504E+02  9.459986E+01  -1.742053E+02  1.056207E+02
1.635248E+02  9.457101E+01  -1.741441E+02  1.056254E+02
1.634829E+02  9.452382E+01  -1.740441E+02  1.056329E+02
1.634624E+02  9.450073E+01  -1.739950E+02  1.056366E+02
1.634419E+02  9.447771E+01  -1.739462E+02  1.056403E+02
1.634141E+02  9.444639E+01  -1.738798E+02  1.056452E+02
1.633665E+02  9.439275E+01  -1.737659E+02  1.056538E+02
1.633425E+02  9.436574E+01  -1.737085E+02  1.056580E+02
1.633186E+02  9.433890E+01  -1.736515E+02  1.056623E+02
1.632890E+02  9.430558E+01  -1.735807E+02  1.056676E+02
1.632605E+02  9.427339E+01  -1.735123E+02  1.056726E+02
1.632320E+02  9.424132E+01  -1.734441E+02  1.056777E+02
1.632047E+02  9.421059E+01  -1.733788E+02  1.056825E+02
1.631823E+02  9.418538E+01  -1.733252E+02  1.056865E+02
1.631597E+02  9.416002E+01  -1.732712E+02  1.056905E+02
1.631325E+02  9.412939E+01  -1.732060E+02  1.056953E+02
1.631052E+02  9.409861E+01  -1.731404E+02  1.057001E+02
1.630809E+02  9.407127E+01  -1.730822E+02  1.057043E+02
1.630565E+02  9.404383E+01  -1.730238E+02  1.057086E+02
1.630154E+02  9.399755E+01  -1.729253E+02  1.057158E+02
1.629599E+02  9.393513E+01  -1.727922E+02  1.057255E+02
1.629283E+02  9.389957E+01  -1.727164E+02  1.057310E+02
1.628967E+02  9.386406E+01  -1.726407E+02  1.057365E+02
1.628682E+02  9.383196E+01  -1.725721E+02  1.057415E+02
1.628408E+02  9.380115E+01  -1.725064E+02  1.057462E+02
1.628058E+02  9.376170E+01  -1.724222E+02  1.057523E+02
1.627745E+02  9.372652E+01  -1.723471E+02  1.057577E+02
1.627592E+02  9.370924E+01  -1.723102E+02  1.057603E+02
1.627438E+02  9.369199E+01  -1.722733E+02  1.057630E+02
1.627066E+02  9.365014E+01  -1.721839E+02  1.057694E+02
1.626709E+02  9.360998E+01  -1.720980E+02  1.057755E+02
1.626353E+02  9.356998E+01  -1.720125E+02  1.057816E+02
1.626031E+02  9.353366E+01  -1.719349E+02  1.057871E+02
1.625713E+02  9.349792E+01  -1.718584E+02  1.057926E+02
1.625571E+02  9.348192E+01  -1.718241E+02  1.057950E+02
1.625428E+02  9.346594E+01  -1.717899E+02  1.057974E+02
1.625093E+02  9.342822E+01  -1.717092E+02  1.058031E+02
1.624764E+02  9.339117E+01  -1.716298E+02  1.058087E+02
1.624290E+02  9.333790E+01  -1.715157E+02  1.058167E+02
1.623846E+02  9.328802E+01  -1.714088E+02  1.058242E+02
1.623653E+02  9.326627E+01  -1.713621E+02  1.058275E+02
1.623459E+02  9.324453E+01  -1.713156E+02  1.058307E+02
1.623185E+02  9.321371E+01  -1.712494E+02  1.058353E+02
1.622903E+02  9.318199E+01  -1.711814E+02  1.058401E+02
1.622625E+02  9.315073E+01  -1.711143E+02  1.058447E+02
1.622229E+02  9.310623E+01  -1.710187E+02  1.058514E+02
1.621848E+02  9.306337E+01  -1.709267E+02  1.058577E+02
1.621627E+02  9.303851E+01  -1.708733E+02  1.058614E+02
1.621406E+02  9.301368E+01  -1.708199E+02  1.058651E+02
1.621193E+02  9.298972E+01  -1.707684E+02  1.058686E+02
1.620988E+02  9.296668E+01  -1.707189E+02  1.058720E+02
1.620646E+02  9.292830E+01  -1.706364E+02  1.058777E+02
1.620475E+02  9.290905E+01  -1.705950E+02  1.058805E+02
1.620304E+02  9.288979E+01  -1.705535E+02  1.058834E+02
1.619995E+02  9.285505E+01  -1.704788E+02  1.058885E+02
1.619602E+02  9.281096E+01  -1.703839E+02  1.058949E+02
1.619245E+02  9.277077E+01  -1.702974E+02  1.059008E+02
1.618920E+02  9.273423E+01  -1.702186E+02  1.059061E+02
1.618606E+02  9.269894E+01  -1.701426E+02  1.059113E+02
1.618147E+02  9.264737E+01  -1.700315E+02  1.059188E+02
1.617535E+02  9.257863E+01  -1.698832E+02  1.059288E+02
1.617255E+02  9.254718E+01  -1.698154E+02  1.059333E+02
1.616974E+02  9.251557E+01  -1.697472E+02  1.059379E+02
1.616836E+02  9.250006E+01  -1.697137E+02  1.059401E+02
1.616697E+02  9.248445E+01  -1.696800E+02  1.059424E+02
1.616240E+02  9.243312E+01  -1.695691E+02  1.059497E+02
1.616011E+02  9.240741E+01  -1.695136E+02  1.059534E+02
1.615782E+02  9.238168E+01  -1.694580E+02  1.059571E+02
1.615562E+02  9.235699E+01  -1.694047E+02  1.059606E+02
1.615330E+02  9.233096E+01  -1.693484E+02  1.059644E+02
1.615098E+02  9.230492E+01  -1.692921E+02  1.059681E+02
1.614956E+02  9.228897E+01  -1.692576E+02  1.059704E+02
1.614814E+02  9.227297E+01  -1.692231E+02  1.059726E+02
1.614592E+02  9.224805E+01  -1.691691E+02  1.059762E+02
1.614332E+02  9.221882E+01  -1.691058E+02  1.059804E+02
1.614024E+02  9.218432E+01  -1.690312E+02  1.059852E+02
1.613715E+02  9.214959E+01  -1.689560E+02  1.059902E+02
1.613409E+02  9.211526E+01  -1.688817E+02  1.059950E+02
1.613237E+02  9.209590E+01  -1.688398E+02  1.059978E+02
1.613064E+02  9.207647E+01  -1.687977E+02  1.060005E+02
1.612942E+02  9.206278E+01  -1.687680E+02  1.060024E+02
1.612820E+02  9.204902E+01  -1.687381E+02  1.060044E+02
1.612594E+02  9.202370E+01  -1.686833E+02  1.060079E+02
1.612359E+02  9.199733E+01  -1.686261E+02  1.060116E+02
1.612202E+02  9.197964E+01  -1.685877E+02  1.060141E+02
1.612045E+02  9.196201E+01  -1.685495E+02  1.060166E+02
1.611832E+02  9.193813E+01  -1.684977E+02  1.060199E+02
1.611622E+02  9.191454E+01  -1.684466E+02  1.060232E+02
1.611339E+02  9.188281E+01  -1.683777E+02  1.060277E+02
1.611027E+02  9.184781E+01  -1.683017E+02  1.060325E+02
1.610723E+02  9.181364E+01  -1.682275E+02  1.060373E+02
1.610413E+02  9.177879E+01  -1.681518E+02  1.060421E+02
1.610056E+02  9.173875E+01  -1.680648E+02  1.060477E+02
1.609698E+02  9.169853E+01  -1.679774E+02  1.060533E+02
1.609329E+02  9.165720E+01  -1.678876E+02  1.060590E+02
1.609073E+02  9.162839E+01  -1.678249E+02  1.060629E+02
1.608816E+02  9.159958E+01  -1.677623E+02  1.060669E+02
1.608479E+02  9.156174E+01  -1.676799E+02  1.060721E+02
1.608149E+02  9.152471E+01  -1.675993E+02  1.060772E+02
1.607811E+02  9.148677E+01  -1.675166E+02  1.060824E+02
1.607587E+02  9.146162E+01  -1.674618E+02  1.060858E+02
1.607363E+02  9.143650E+01  -1.674071E+02  1.060893E+02
1.607096E+02  9.140664E+01  -1.673421E+02  1.060933E+02
1.606839E+02  9.137785E+01  -1.672794E+02  1.060972E+02
1.606563E+02  9.134677E+01  -1.672115E+02  1.061015E+02
1.606288E+02  9.131589E+01  -1.671441E+02  1.061057E+02
1.605995E+02  9.128309E+01  -1.670726E+02  1.061101E+02
1.605714E+02  9.125152E+01  -1.670037E+02  1.061144E+02
1.605457E+02  9.122275E+01  -1.669409E+02  1.061182E+02
1.605204E+02  9.119440E+01  -1.668790E+02  1.061221E+02
1.604921E+02  9.116259E+01  -1.668095E+02  1.061263E+02
1.604646E+02  9.113172E+01  -1.667421E+02  1.061305E+02
1.604281E+02  9.109081E+01  -1.666527E+02  1.061360E+02
1.603934E+02  9.105191E+01  -1.665677E+02  1.061412E+02
1.603578E+02  9.101198E+01  -1.664803E+02  1.061465E+02
1.603121E+02  9.096074E+01  -1.663683E+02  1.061533E+02
1.602900E+02  9.093591E+01  -1.663139E+02  1.061566E+02
1.602678E+02  9.091110E+01  -1.662596E+02  1.061599E+02
1.602524E+02  9.089374E+01  -1.662216E+02  1.061622E+02
1.602368E+02  9.087629E+01  -1.661834E+02  1.061645E+02
1.602174E+02  9.085453E+01  -1.661357E+02  1.061674E+02
1.601981E+02  9.083288E+01  -1.660883E+02  1.061703E+02
1.601771E+02  9.080934E+01  -1.660367E+02  1.061734E+02
1.601414E+02  9.076933E+01  -1.659490E+02  1.061787E+02
1.601056E+02  9.072914E+01  -1.658609E+02  1.061839E+02
1.600869E+02  9.070822E+01  -1.658151E+02  1.061867E+02
1.600684E+02  9.068746E+01  -1.657695E+02  1.061894E+02
1.600471E+02  9.066353E+01  -1.657170E+02  1.061925E+02
1.600264E+02  9.064044E+01  -1.656664E+02  1.061956E+02
1.600055E+02  9.061692E+01  -1.656147E+02  1.061986E+02
1.599778E+02  9.058596E+01  -1.655468E+02  1.062027E+02
1.599512E+02  9.055611E+01  -1.654813E+02  1.062066E+02
1.599153E+02  9.051587E+01  -1.653928E+02  1.062118E+02
1.598791E+02  9.047527E+01  -1.653036E+02  1.062171E+02
1.598655E+02  9.046007E+01  -1.652702E+02  1.062190E+02
1.598519E+02  9.044480E+01  -1.652367E+02  1.062210E+02
1.598213E+02  9.041049E+01  -1.651612E+02  1.062254E+02
1.597899E+02  9.037533E+01  -1.650839E+02  1.062300E+02
1.597602E+02  9.034208E+01  -1.650107E+02  1.062343E+02
1.597472E+02  9.032744E+01  -1.649785E+02  1.062361E+02
1.597342E+02  9.031290E+01  -1.649465E+02  1.062380E+02
1.597071E+02  9.028258E+01  -1.648797E+02  1.062419E+02
1.596809E+02  9.025317E+01  -1.648150E+02  1.062457E+02
1.596559E+02  9.022516E+01  -1.647534E+02  1.062492E+02
1.596314E+02  9.019773E+01  -1.646929E+02  1.062527E+02
1.596042E+02  9.016726E+01  -1.646258E+02  1.062566E+02
1.595648E+02  9.012307E+01  -1.645284E+02  1.062623E+02
1.595454E+02  9.010137E+01  -1.644805E+02  1.062650E+02
1.595261E+02  9.007968E+01  -1.644327E+02  1.062678E+02
1.595021E+02  9.005284E+01  -1.643734E+02  1.062712E+02
1.594843E+02  9.003286E+01  -1.643294E+02  1.062737E+02
1.594664E+02  9.001281E+01  -1.642851E+02  1.062762E+02
1.594396E+02  8.998290E+01  -1.642191E+02  1.062800E+02
1.594128E+02  8.995282E+01  -1.641526E+02  1.062838E+02
1.593995E+02  8.993791E+01  -1.641197E+02  1.062857E+02
1.593862E+02  8.992301E+01  -1.640869E+02  1.062876E+02
1.593651E+02  8.989944E+01  -1.640348E+02  1.062905E+02
1.593442E+02  8.987603E+01  -1.639831E+02  1.062935E+02
1.593230E+02  8.985224E+01  -1.639305E+02  1.062964E+02
1.593034E+02  8.983024E+01  -1.638819E+02  1.062992E+02
1.592841E+02  8.980865E+01  -1.638342E+02  1.063019E+02
1.592589E+02  8.978042E+01  -1.637717E+02  1.063054E+02
1.592314E+02  8.974965E+01  -1.637037E+02  1.063093E+02
1.592128E+02  8.972882E+01  -1.636576E+02  1.063119E+02
1.591941E+02  8.970787E+01  -1.636112E+02  1.063145E+02
1.591661E+02  8.967660E+01  -1.635420E+02  1.063183E+02
1.591487E+02  8.965699E+01  -1.634986E+02  1.063208E+02
1.591311E+02  8.963734E+01  -1.634551E+02  1.063232E+02
1.591032E+02  8.960611E+01  -1.633859E+02  1.063271E+02
1.590756E+02  8.957521E+01  -1.633174E+02  1.063309E+02
1.590394E+02  8.953465E+01  -1.632275E+02  1.063359E+02
1.590043E+02  8.949534E+01  -1.631404E+02  1.063407E+02
1.589835E+02  8.947211E+01  -1.630889E+02  1.063436E+02
1.589626E+02  8.944871E+01  -1.630370E+02  1.063464E+02
1.589383E+02  8.942153E+01  -1.629767E+02  1.063498E+02
1.589264E+02  8.940816E+01  -1.629470E+02  1.063514E+02
1.589144E+02  8.939468E+01  -1.629171E+02  1.063531E+02
1.588913E+02  8.936885E+01  -1.628598E+02  1.063562E+02
1.588684E+02  8.934326E+01  -1.628030E+02  1.063593E+02
1.588484E+02  8.932080E+01  -1.627530E+02  1.063621E+02
1.588281E+02  8.929815E+01  -1.627028E+02  1.063648E+02
1.588060E+02  8.927342E+01  -1.626478E+02  1.063678E+02
1.587861E+02  8.925112E+01  -1.625982E+02  1.063705E+02
1.587662E+02  8.922883E+01  -1.625488E+02  1.063732E+02
1.587479E+02  8.920832E+01  -1.625031E+02  1.063757E+02
1.587295E+02  8.918775E+01  -1.624574E+02  1.063782E+02
1.587120E+02  8.916818E+01  -1.624139E+02  1.063806E+02
1.586837E+02  8.913654E+01  -1.623435E+02  1.063844E+02
1.586679E+02  8.911884E+01  -1.623042E+02  1.063865E+02
1.586522E+02  8.910123E+01  -1.622650E+02  1.063886E+02
1.586339E+02  8.908080E+01  -1.622195E+02  1.063911E+02
1.586121E+02  8.905639E+01  -1.621652E+02  1.063940E+02
1.585775E+02  8.901766E+01  -1.620789E+02  1.063986E+02
1.585368E+02  8.897211E+01  -1.619775E+02  1.064041E+02
1.584969E+02  8.892747E+01  -1.618780E+02  1.064094E+02
1.584538E+02  8.887925E+01  -1.617704E+02  1.064152E+02
1.584340E+02  8.885717E+01  -1.617212E+02  1.064178E+02
1.584141E+02  8.883490E+01  -1.616716E+02  1.064204E+02
1.583939E+02  8.881226E+01  -1.616211E+02  1.064231E+02
1.583809E+02  8.879774E+01  -1.615886E+02  1.064248E+02
1.583680E+02  8.878334E+01  -1.615565E+02  1.064265E+02
1.583419E+02  8.875409E+01  -1.614912E+02  1.064300E+02
1.583154E+02  8.872443E+01  -1.614250E+02  1.064335E+02
1.582888E+02  8.869475E+01  -1.613587E+02  1.064370E+02
1.582748E+02  8.867903E+01  -1.613236E+02  1.064388E+02
1.582607E+02  8.866331E+01  -1.612885E+02  1.064406E+02
1.582490E+02  8.865022E+01  -1.612592E+02  1.064422E+02
1.582373E+02  8.863710E+01  -1.612299E+02  1.064437E+02
1.582152E+02  8.861245E+01  -1.611748E+02  1.064466E+02
1.581932E+02  8.858777E+01  -1.611196E+02  1.064495E+02
1.581709E+02  8.856288E+01  -1.610640E+02  1.064524E+02
1.581486E+02  8.853786E+01  -1.610080E+02  1.064553E+02
1.581243E+02  8.851075E+01  -1.609474E+02  1.064585E+02
1.581008E+02  8.848451E+01  -1.608886E+02  1.064615E+02
1.580782E+02  8.845918E+01  -1.608320E+02  1.064645E+02
1.580494E+02  8.842697E+01  -1.607599E+02  1.064682E+02
1.580147E+02  8.838822E+01  -1.606731E+02  1.064727E+02
1.579983E+02  8.836982E+01  -1.606319E+02  1.064748E+02
1.579818E+02  8.835145E+01  -1.605907E+02  1.064769E+02
1.579558E+02  8.832236E+01  -1.605255E+02  1.064803E+02
1.579307E+02  8.829431E+01  -1.604626E+02  1.064835E+02
1.579006E+02  8.826061E+01  -1.603870E+02  1.064874E+02
1.578688E+02  8.822509E+01  -1.603074E+02  1.064914E+02
1.578529E+02  8.820734E+01  -1.602675E+02  1.064935E+02
1.578370E+02  8.818959E+01  -1.602278E+02  1.064955E+02
1.578219E+02  8.817266E+01  -1.601897E+02  1.064974E+02
1.578068E+02  8.815578E+01  -1.601518E+02  1.064994E+02
1.577766E+02  8.812198E+01  -1.600760E+02  1.065032E+02
1.577606E+02  8.810413E+01  -1.600359E+02  1.065052E+02
1.577447E+02  8.808636E+01  -1.599960E+02  1.065073E+02
1.577140E+02  8.805202E+01  -1.599188E+02  1.065112E+02
1.576995E+02  8.803583E+01  -1.598824E+02  1.065130E+02
1.576849E+02  8.801954E+01  -1.598458E+02  1.065148E+02
1.576732E+02  8.800638E+01  -1.598162E+02  1.065163E+02
1.576614E+02  8.799327E+01  -1.597867E+02  1.065178E+02
1.576398E+02  8.796914E+01  -1.597325E+02  1.065205E+02
1.576210E+02  8.794808E+01  -1.596851E+02  1.065229E+02
1.576018E+02  8.792666E+01  -1.596370E+02  1.065253E+02
1.575760E+02  8.789782E+01  -1.595721E+02  1.065286E+02
1.575504E+02  8.786928E+01  -1.595079E+02  1.065318E+02
1.575256E+02  8.784155E+01  -1.594454E+02  1.065349E+02
1.574989E+02  8.781166E+01  -1.593782E+02  1.065382E+02
1.574860E+02  8.779722E+01  -1.593456E+02  1.065398E+02
1.574730E+02  8.778273E+01  -1.593130E+02  1.065415E+02
1.574410E+02  8.774697E+01  -1.592324E+02  1.065454E+02
1.574128E+02  8.771541E+01  -1.591612E+02  1.065490E+02
1.573986E+02  8.769964E+01  -1.591257E+02  1.065507E+02
1.573845E+02  8.768385E+01  -1.590901E+02  1.065525E+02
1.573624E+02  8.765918E+01  -1.590345E+02  1.065552E+02
1.573408E+02  8.763500E+01  -1.589799E+02  1.065579E+02
1.573109E+02  8.760161E+01  -1.589046E+02  1.065616E+02
1.572792E+02  8.756619E+01  -1.588247E+02  1.065655E+02
1.572610E+02  8.754583E+01  -1.587787E+02  1.065677E+02
1.572428E+02  8.752553E+01  -1.587329E+02  1.065700E+02
1.572254E+02  8.750609E+01  -1.586890E+02  1.065721E+02
1.572087E+02  8.748749E+01  -1.586470E+02  1.065741E+02
1.571846E+02  8.746058E+01  -1.585862E+02  1.065771E+02
1.571676E+02  8.744157E+01  -1.585432E+02  1.065792E+02
1.571506E+02  8.742262E+01  -1.585004E+02  1.065813E+02
1.571294E+02  8.739895E+01  -1.584469E+02  1.065839E+02
1.571033E+02  8.736981E+01  -1.583810E+02  1.065870E+02
1.570748E+02  8.733788E+01  -1.583088E+02  1.065905E+02
1.570470E+02  8.730681E+01  -1.582385E+02  1.065939E+02
1.570286E+02  8.728627E+01  -1.581920E+02  1.065961E+02
1.570102E+02  8.726578E+01  -1.581456E+02  1.065983E+02
1.569839E+02  8.723641E+01  -1.580791E+02  1.066015E+02
1.569579E+02  8.720734E+01  -1.580133E+02  1.066047E+02
1.569323E+02  8.717875E+01  -1.579486E+02  1.066077E+02
1.569188E+02  8.716374E+01  -1.579145E+02  1.066094E+02
1.569053E+02  8.714862E+01  -1.578803E+02  1.066110E+02
1.568805E+02  8.712099E+01  -1.578176E+02  1.066140E+02
1.568597E+02  8.709777E+01  -1.577650E+02  1.066165E+02
1.568401E+02  8.707579E+01  -1.577152E+02  1.066188E+02
1.568164E+02  8.704938E+01  -1.576553E+02  1.066217E+02
1.568008E+02  8.703197E+01  -1.576158E+02  1.066235E+02
1.567852E+02  8.701453E+01  -1.575762E+02  1.066254E+02
1.567581E+02  8.698435E+01  -1.575078E+02  1.066286E+02
1.567270E+02  8.694956E+01  -1.574288E+02  1.066323E+02
1.567137E+02  8.693472E+01  -1.573951E+02  1.066339E+02
1.567004E+02  8.691989E+01  -1.573614E+02  1.066355E+02
1.566839E+02  8.690146E+01  -1.573196E+02  1.066374E+02
1.566680E+02  8.688376E+01  -1.572794E+02  1.066393E+02
1.566446E+02  8.685762E+01  -1.572200E+02  1.066421E+02
1.566329E+02  8.684458E+01  -1.571903E+02  1.066434E+02
1.566212E+02  8.683150E+01  -1.571606E+02  1.066448E+02
1.566021E+02  8.681022E+01  -1.571122E+02  1.066471E+02
1.565731E+02  8.677783E+01  -1.570386E+02  1.066505E+02
1.565447E+02  8.674610E+01  -1.569664E+02  1.066538E+02
1.565278E+02  8.672727E+01  -1.569236E+02  1.066558E+02
1.565109E+02  8.670838E+01  -1.568806E+02  1.066578E+02
1.564818E+02  8.667592E+01  -1.568067E+02  1.066612E+02
1.564694E+02  8.666214E+01  -1.567754E+02  1.066626E+02
1.564572E+02  8.664843E+01  -1.567442E+02  1.066641E+02
1.564120E+02  8.659800E+01  -1.566293E+02  1.066694E+02
1.563974E+02  8.658175E+01  -1.565923E+02  1.066710E+02
1.563829E+02  8.656554E+01  -1.565554E+02  1.066727E+02
1.563630E+02  8.654341E+01  -1.565049E+02  1.066750E+02
1.563436E+02  8.652166E+01  -1.564553E+02  1.066773E+02
1.563238E+02  8.649962E+01  -1.564051E+02  1.066796E+02
1.562982E+02  8.647111E+01  -1.563401E+02  1.066825E+02
1.562673E+02  8.643663E+01  -1.562615E+02  1.066861E+02
1.562535E+02  8.642120E+01  -1.562262E+02  1.066877E+02
1.562396E+02  8.640568E+01  -1.561909E+02  1.066893E+02
1.562220E+02  8.638604E+01  -1.561460E+02  1.066913E+02
1.562022E+02  8.636399E+01  -1.560957E+02  1.066936E+02
1.561831E+02  8.634263E+01  -1.560469E+02  1.066958E+02
1.561640E+02  8.632133E+01  -1.559983E+02  1.066980E+02
1.561381E+02  8.629250E+01  -1.559324E+02  1.067009E+02
1.561060E+02  8.625669E+01  -1.558505E+02  1.067046E+02
1.560734E+02  8.622024E+01  -1.557673E+02  1.067083E+02
1.560570E+02  8.620201E+01  -1.557256E+02  1.067102E+02
1.560405E+02  8.618367E+01  -1.556837E+02  1.067120E+02
1.560269E+02  8.616849E+01  -1.556489E+02  1.067136E+02
1.559989E+02  8.613721E+01  -1.555774E+02  1.067168E+02
1.559719E+02  8.610707E+01  -1.555084E+02  1.067198E+02
1.559541E+02  8.608720E+01  -1.554629E+02  1.067218E+02
1.559361E+02  8.606721E+01  -1.554171E+02  1.067239E+02
1.559200E+02  8.604928E+01  -1.553761E+02  1.067257E+02
1.559050E+02  8.603251E+01  -1.553377E+02  1.067274E+02
1.558899E+02  8.601564E+01  -1.552991E+02  1.067291E+02
1.558735E+02  8.599740E+01  -1.552573E+02  1.067309E+02
1.558421E+02  8.596232E+01  -1.551770E+02  1.067344E+02
1.558135E+02  8.593047E+01  -1.551039E+02  1.067376E+02
1.557992E+02  8.591458E+01  -1.550675E+02  1.067392E+02
1.557849E+02  8.589860E+01  -1.550308E+02  1.067408E+02
1.557653E+02  8.587667E+01  -1.549806E+02  1.067430E+02
1.557368E+02  8.584494E+01  -1.549078E+02  1.067462E+02
1.556974E+02  8.580106E+01  -1.548071E+02  1.067506E+02
1.556786E+02  8.578009E+01  -1.547590E+02  1.067526E+02
1.556599E+02  8.575919E+01  -1.547109E+02  1.067547E+02
1.556470E+02  8.574490E+01  -1.546781E+02  1.067562E+02
1.556341E+02  8.573052E+01  -1.546451E+02  1.067576E+02
1.556122E+02  8.570606E+01  -1.545889E+02  1.067600E+02
1.555902E+02  8.568156E+01  -1.545326E+02  1.067624E+02
1.555699E+02  8.565893E+01  -1.544806E+02  1.067647E+02
1.555456E+02  8.563179E+01  -1.544182E+02  1.067673E+02
1.555214E+02  8.560482E+01  -1.543563E+02  1.067700E+02
1.555090E+02  8.559101E+01  -1.543245E+02  1.067713E+02
1.554965E+02  8.557708E+01  -1.542924E+02  1.067727E+02
1.554715E+02  8.554916E+01  -1.542282E+02  1.067754E+02
1.554463E+02  8.552118E+01  -1.541639E+02  1.067782E+02
1.554326E+02  8.550582E+01  -1.541285E+02  1.067797E+02
1.554187E+02  8.549040E+01  -1.540930E+02  1.067812E+02
1.553980E+02  8.546737E+01  -1.540400E+02  1.067834E+02
1.553772E+02  8.544409E+01  -1.539863E+02  1.067857E+02
1.553643E+02  8.542975E+01  -1.539533E+02  1.067871E+02
1.553514E+02  8.541544E+01  -1.539204E+02  1.067885E+02
1.553224E+02  8.538312E+01  -1.538459E+02  1.067917E+02
1.553078E+02  8.536676E+01  -1.538082E+02  1.067932E+02
1.552932E+02  8.535055E+01  -1.537708E+02  1.067948E+02
1.552743E+02  8.532949E+01  -1.537222E+02  1.067968E+02
