# HSM/GeV  HNSM/GeV  HS/GeV  T/GeV
2.460732E+02  6.225308E-07  3.188938E+02  0.000000E+00
2.460732E+02  6.371255E-07  3.188936E+02  1.000000E+00
2.460720E+02  5.851615E-06  3.188919E+02  3.349283E+00
2.460698E+02  2.716858E-05  3.188883E+02  5.698566E+00
2.460685E+02  4.175521E-05  3.188865E+02  6.598605E+00
2.460682E+02  3.269017E-03  3.188756E+02  6.711110E+00
2.460680E+02  3.368431E-03  3.188751E+02  6.823614E+00
2.460663E+02  4.403521E-03  3.188694E+02  7.766036E+00
2.460643E+02  5.529102E-03  3.188631E+02  8.708457E+00
2.460607E+02  7.436330E-03  3.188527E+02  1.007094E+01
2.460569E+02  9.382038E-03  3.188420E+02  1.127579E+01
2.460530E+02  1.130426E-02  3.188314E+02  1.234222E+01
2.460489E+02  1.325554E-02  3.188209E+02  1.330802E+01
2.460444E+02  1.524442E-02  3.188100E+02  1.420797E+01
2.460399E+02  1.719790E-02  3.187994E+02  1.503902E+01
2.460349E+02  1.923976E-02  3.187883E+02  1.583725E+01
2.460298E+02  2.129325E-02  3.187772E+02  1.658102E+01
2.460243E+02  2.336034E-02  3.187661E+02  1.729019E+01
2.460186E+02  2.551987E-02  3.187545E+02  1.797668E+01
2.460125E+02  2.761604E-02  3.187431E+02  1.862631E+01
2.460060E+02  2.989369E-02  3.187310E+02  1.926587E+01
2.459993E+02  3.211982E-02  3.187190E+02  1.987081E+01
2.459922E+02  3.441907E-02  3.187067E+02  2.045983E+01
2.459848E+02  3.676824E-02  3.186941E+02  2.103312E+01
2.459769E+02  3.912374E-02  3.186813E+02  2.158851E+01
2.459686E+02  4.158576E-02  3.186681E+02  2.213379E+01
2.459601E+02  4.406591E-02  3.186548E+02  2.265930E+01
2.459512E+02  4.660195E-02  3.186412E+02  2.317252E+01
2.459418E+02  4.917942E-02  3.186273E+02  2.367561E+01
2.459321E+02  5.181223E-02  3.186130E+02  2.416809E+01
2.459220E+02  5.448470E-02  3.185986E+02  2.464510E+01
2.459115E+02  5.721178E-02  3.185839E+02  2.511567E+01
2.459005E+02  6.001923E-02  3.185687E+02  2.558072E+01
2.458891E+02  6.286334E-02  3.185532E+02  2.603390E+01
2.458773E+02  6.578147E-02  3.185374E+02  2.648221E+01
2.458649E+02  6.877751E-02  3.185212E+02  2.692351E+01
2.458523E+02  7.177873E-02  3.185049E+02  2.735284E+01
2.458391E+02  7.490253E-02  3.184879E+02  2.778151E+01
2.458257E+02  7.800194E-02  3.184710E+02  2.819479E+01
2.458116E+02  8.121190E-02  3.184535E+02  2.860905E+01
2.457972E+02  8.444406E-02  3.184358E+02  2.901437E+01
2.457823E+02  8.776077E-02  3.184176E+02  2.941508E+01
2.457671E+02  9.107525E-02  3.183995E+02  2.980528E+01
2.457511E+02  9.455578E-02  3.183803E+02  3.020059E+01
2.457351E+02  9.798144E-02  3.183615E+02  3.057964E+01
2.457184E+02  1.015265E-01  3.183421E+02  3.095770E+01
2.457017E+02  1.050263E-01  3.183227E+02  3.132545E+01
2.456841E+02  1.086938E-01  3.183024E+02  3.169704E+01
2.456664E+02  1.123326E-01  3.182824E+02  3.205514E+01
2.456482E+02  1.160239E-01  3.182619E+02  3.241241E+01
2.456294E+02  1.198196E-01  3.182409E+02  3.276848E+01
2.456100E+02  1.236886E-01  3.182194E+02  3.312123E+01
2.455904E+02  1.275709E-01  3.181978E+02  3.346771E+01
2.455699E+02  1.315849E-01  3.181754E+02  3.381755E+01
2.455492E+02  1.356433E-01  3.181529E+02  3.416060E+01
2.455280E+02  1.397204E-01  3.181301E+02  3.449926E+01
2.455065E+02  1.438271E-01  3.181072E+02  3.483188E+01
2.454846E+02  1.479936E-01  3.180838E+02  3.516194E+01
2.454624E+02  1.522114E-01  3.180603E+02  3.548656E+01
2.454399E+02  1.563996E-01  3.180367E+02  3.580527E+01
2.454165E+02  1.607640E-01  3.180122E+02  3.612856E+01
2.453928E+02  1.651811E-01  3.179874E+02  3.644838E+01
2.453685E+02  1.696222E-01  3.179624E+02  3.676392E+01
2.453437E+02  1.741459E-01  3.179368E+02  3.707988E+01
2.453189E+02  1.786649E-01  3.179114E+02  3.738724E+01
2.452931E+02  1.833189E-01  3.178851E+02  3.769810E+01
2.452671E+02  1.879544E-01  3.178588E+02  3.800275E+01
2.452406E+02  1.926873E-01  3.178321E+02  3.830716E+01
2.452135E+02  1.974942E-01  3.178048E+02  3.860999E+01
2.451867E+02  2.022120E-01  3.177781E+02  3.890267E+01
2.451592E+02  2.070562E-01  3.177505E+02  3.919671E+01
2.451317E+02  2.118607E-01  3.177233E+02  3.948281E+01
2.451036E+02  2.167547E-01  3.176954E+02  3.977046E+01
2.450742E+02  2.218024E-01  3.176666E+02  4.006291E+01
2.450444E+02  2.269661E-01  3.176373E+02  4.035373E+01
2.450153E+02  2.319264E-01  3.176088E+02  4.063102E+01
2.449852E+02  2.370417E-01  3.175797E+02  4.091171E+01
2.449542E+02  2.423086E-01  3.175495E+02  4.119542E+01
2.449232E+02  2.475449E-01  3.175195E+02  4.147334E+01
2.448920E+02  2.527823E-01  3.174895E+02  4.174716E+01
2.448606E+02  2.580367E-01  3.174593E+02  4.201750E+01
2.448288E+02  2.633479E-01  3.174288E+02  4.228667E+01
2.447953E+02  2.689130E-01  3.173969E+02  4.256335E+01
2.447625E+02  2.743428E-01  3.173656E+02  4.283010E+01
2.447284E+02  2.799700E-01  3.173332E+02  4.310192E+01
2.446944E+02  2.855562E-01  3.173010E+02  4.336789E+01
2.446606E+02  2.910716E-01  3.172692E+02  4.362753E+01
2.446256E+02  2.967825E-01  3.172362E+02  4.389151E+01
2.445907E+02  3.024525E-01  3.172035E+02  4.415046E+01
2.445562E+02  3.080385E-01  3.171712E+02  4.440157E+01
2.445204E+02  3.138038E-01  3.171378E+02  4.465828E+01
2.444839E+02  3.196974E-01  3.171036E+02  4.491595E+01
2.444475E+02  3.255185E-01  3.170699E+02  4.516743E+01
2.444106E+02  3.314148E-01  3.170357E+02  4.541894E+01
2.443742E+02  3.372110E-01  3.170020E+02  4.566291E+01
2.443361E+02  3.432690E-01  3.169668E+02  4.591454E+01
2.442986E+02  3.492031E-01  3.169323E+02  4.615820E+01
2.442597E+02  3.553502E-01  3.168964E+02  4.640723E+01
2.442211E+02  3.614406E-01  3.168611E+02  4.665029E+01
2.441823E+02  3.675044E-01  3.168256E+02  4.689085E+01
2.441431E+02  3.736798E-01  3.167897E+02  4.713077E+01
2.441041E+02  3.797462E-01  3.167542E+02  4.736533E+01
2.440648E+02  3.858748E-01  3.167184E+02  4.759868E+01
2.440247E+02  3.920954E-01  3.166820E+02  4.783354E+01
2.439834E+02  3.984868E-01  3.166445E+02  4.807189E+01
2.439429E+02  4.047806E-01  3.166077E+02  4.830300E+01
2.439019E+02  4.111100E-01  3.165707E+02  4.853321E+01
2.438597E+02  4.175867E-01  3.165327E+02  4.876677E+01
2.438182E+02  4.239457E-01  3.164953E+02  4.899316E+01
2.437760E+02  4.304076E-01  3.164573E+02  4.922121E+01
2.437323E+02  4.370987E-01  3.164180E+02  4.945365E+01
2.436897E+02  4.436059E-01  3.163798E+02  4.967730E+01
2.436461E+02  4.502273E-01  3.163407E+02  4.990366E+01
2.436013E+02  4.570241E-01  3.163008E+02  5.013290E+01
2.435567E+02  4.637746E-01  3.162609E+02  5.035810E+01
2.435129E+02  4.704263E-01  3.162218E+02  5.057666E+01
2.434685E+02  4.771159E-01  3.161823E+02  5.079553E+01
2.434247E+02  4.837162E-01  3.161433E+02  5.100910E+01
2.433794E+02  4.905150E-01  3.161031E+02  5.122680E+01
2.433335E+02  4.974042E-01  3.160624E+02  5.144563E+01
2.432878E+02  5.042400E-01  3.160219E+02  5.166027E+01
2.432404E+02  5.113231E-01  3.159799E+02  5.188092E+01
2.431940E+02  5.182605E-01  3.159389E+02  5.209393E+01
2.431490E+02  5.249370E-01  3.158992E+02  5.229821E+01
2.431028E+02  5.318115E-01  3.158584E+02  5.250588E+01
2.430553E+02  5.388667E-01  3.158166E+02  5.271688E+01
2.430071E+02  5.459907E-01  3.157742E+02  5.292810E+01
2.429603E+02  5.529173E-01  3.157330E+02  5.313172E+01
2.429130E+02  5.599183E-01  3.156914E+02  5.333532E+01
2.428637E+02  5.671837E-01  3.156482E+02  5.354486E+01
2.428141E+02  5.744959E-01  3.156046E+02  5.375396E+01
2.427640E+02  5.818591E-01  3.155607E+02  5.396261E+01
2.427130E+02  5.893457E-01  3.155162E+02  5.417270E+01
2.426631E+02  5.966686E-01  3.154725E+02  5.437596E+01
2.426117E+02  6.041550E-01  3.154277E+02  5.458344E+01
2.425600E+02  6.117447E-01  3.153825E+02  5.478987E+01
2.425093E+02  6.191242E-01  3.153383E+02  5.499048E+01
2.424568E+02  6.267716E-01  3.152925E+02  5.519569E+01
2.424060E+02  6.341675E-01  3.152483E+02  5.539277E+01
2.423545E+02  6.416484E-01  3.152035E+02  5.559026E+01
2.423008E+02  6.494451E-01  3.151568E+02  5.579422E+01
2.422484E+02  6.570574E-01  3.151112E+02  5.599176E+01
2.421957E+02  6.646810E-01  3.150654E+02  5.618827E+01
2.421433E+02  6.722384E-01  3.150201E+02  5.638126E+01
2.420923E+02  6.796055E-01  3.149758E+02  5.656811E+01
2.420401E+02  6.871681E-01  3.149304E+02  5.675759E+01
2.419866E+02  6.948622E-01  3.148842E+02  5.694969E+01
2.419300E+02  7.030058E-01  3.148352E+02  5.715142E+01
2.418736E+02  7.111212E-01  3.147863E+02  5.735041E+01
2.418188E+02  7.189790E-01  3.147390E+02  5.754198E+01
2.417623E+02  7.270807E-01  3.146902E+02  5.773741E+01
2.417078E+02  7.348893E-01  3.146431E+02  5.792441E+01
2.416538E+02  7.426270E-01  3.145964E+02  5.810864E+01
2.416005E+02  7.502636E-01  3.145504E+02  5.828834E+01
2.415453E+02  7.581487E-01  3.145027E+02  5.847319E+01
2.414888E+02  7.661813E-01  3.144541E+02  5.866050E+01
2.414329E+02  7.741650E-01  3.144058E+02  5.884452E+01
2.413765E+02  7.821945E-01  3.143573E+02  5.902852E+01
2.413201E+02  7.902263E-01  3.143087E+02  5.921100E+01
2.412629E+02  7.983629E-01  3.142595E+02  5.939476E+01
2.412050E+02  8.065718E-01  3.142097E+02  5.957909E+01
2.411460E+02  8.149595E-01  3.141589E+02  5.976535E+01
2.410884E+02  8.231385E-01  3.141092E+02  5.994598E+01
2.410320E+02  8.311212E-01  3.140608E+02  6.012092E+01
2.409758E+02  8.390711E-01  3.140126E+02  6.029402E+01
2.409163E+02  8.474970E-01  3.139613E+02  6.047650E+01
2.408591E+02  8.555769E-01  3.139123E+02  6.064995E+01
2.408031E+02  8.634839E-01  3.138642E+02  6.081862E+01
2.407426E+02  8.720388E-01  3.138121E+02  6.099993E+01
2.406836E+02  8.803535E-01  3.137615E+02  6.117478E+01
2.406214E+02  8.891352E-01  3.137080E+02  6.135806E+01
2.405609E+02  8.976454E-01  3.136561E+02  6.153488E+01
2.405012E+02  9.060513E-01  3.136050E+02  6.170784E+01
2.404404E+02  9.146020E-01  3.135528E+02  6.188275E+01
2.403809E+02  9.229575E-01  3.135017E+02  6.205303E+01
2.403203E+02  9.314491E-01  3.134498E+02  6.222487E+01
2.402585E+02  9.401382E-01  3.133968E+02  6.239901E+01
2.401934E+02  9.492744E-01  3.133410E+02  6.258082E+01
2.401302E+02  9.581395E-01  3.132868E+02  6.275622E+01
2.400683E+02  9.668070E-01  3.132337E+02  6.292675E+01
2.400049E+02  9.756890E-01  3.131793E+02  6.310021E+01
2.399427E+02  9.843853E-01  3.131261E+02  6.326904E+01
2.398793E+02  9.932527E-01  3.130718E+02  6.343997E+01
2.398136E+02  1.002436E+00  3.130154E+02  6.361609E+01
2.397500E+02  1.011325E+00  3.129609E+02  6.378504E+01
2.396866E+02  1.020169E+00  3.129066E+02  6.395237E+01
2.396253E+02  1.028725E+00  3.128540E+02  6.411335E+01
2.395621E+02  1.037532E+00  3.127999E+02  6.427792E+01
2.394976E+02  1.046542E+00  3.127445E+02  6.444501E+01
2.394347E+02  1.055303E+00  3.126907E+02  6.460651E+01
2.393695E+02  1.064379E+00  3.126349E+02  6.477315E+01
2.393057E+02  1.073263E+00  3.125802E+02  6.493485E+01
2.392373E+02  1.082779E+00  3.125215E+02  6.510736E+01
2.391739E+02  1.091591E+00  3.124672E+02  6.526610E+01
2.391116E+02  1.100262E+00  3.124137E+02  6.542107E+01
2.390476E+02  1.109151E+00  3.123589E+02  6.557945E+01
2.389835E+02  1.118050E+00  3.123040E+02  6.573666E+01
2.389186E+02  1.127076E+00  3.122482E+02  6.589544E+01
2.388546E+02  1.135971E+00  3.121933E+02  6.605070E+01
2.387896E+02  1.144985E+00  3.121376E+02  6.620758E+01
2.387234E+02  1.154173E+00  3.120808E+02  6.636629E+01
2.386567E+02  1.163412E+00  3.120237E+02  6.652486E+01
2.385915E+02  1.172471E+00  3.119676E+02  6.667953E+01
2.385240E+02  1.181823E+00  3.119097E+02  6.683841E+01
2.384539E+02  1.191517E+00  3.118496E+02  6.700222E+01
2.383859E+02  1.200948E+00  3.117911E+02  6.716035E+01
2.383195E+02  1.210143E+00  3.117342E+02  6.731365E+01
2.382543E+02  1.219144E+00  3.116782E+02  6.746355E+01
2.381869E+02  1.228496E+00  3.116202E+02  6.761754E+01
2.381199E+02  1.237762E+00  3.115627E+02  6.776962E+01
2.380499E+02  1.247434E+00  3.115026E+02  6.792737E+01
2.379780E+02  1.257379E+00  3.114407E+02  6.808881E+01
2.379124E+02  1.266432E+00  3.113844E+02  6.823501E+01
2.378488E+02  1.275245E+00  3.113296E+02  6.837627E+01
2.377822E+02  1.284453E+00  3.112724E+02  6.852324E+01
2.377090E+02  1.294564E+00  3.112093E+02  6.868390E+01
2.376385E+02  1.304309E+00  3.111486E+02  6.883753E+01
2.375707E+02  1.313644E+00  3.110904E+02  6.898433E+01
2.375011E+02  1.323281E+00  3.110303E+02  6.913453E+01
2.374320E+02  1.332817E+00  3.109708E+02  6.928272E+01
2.373639E+02  1.342209E+00  3.109122E+02  6.942789E+01
2.372936E+02  1.351896E+00  3.108516E+02  6.957685E+01
2.372237E+02  1.361561E+00  3.107913E+02  6.972445E+01
2.371527E+02  1.371358E+00  3.107300E+02  6.987341E+01
2.370834E+02  1.380896E+00  3.106704E+02  7.001788E+01
2.370124E+02  1.390705E+00  3.106089E+02  7.016533E+01
2.369448E+02  1.400042E+00  3.105505E+02  7.030500E+01
2.368731E+02  1.409923E+00  3.104886E+02  7.045222E+01
2.368024E+02  1.419668E+00  3.104276E+02  7.059660E+01
2.367275E+02  1.429986E+00  3.103629E+02  7.074869E+01
2.366544E+02  1.440055E+00  3.102997E+02  7.089629E+01
2.365826E+02  1.449964E+00  3.102376E+02  7.104073E+01
2.365071E+02  1.460358E+00  3.101723E+02  7.119155E+01
2.364334E+02  1.470531E+00  3.101083E+02  7.133826E+01
2.363589E+02  1.480788E+00  3.100439E+02  7.148554E+01
2.362834E+02  1.491191E+00  3.099786E+02  7.163397E+01
2.362076E+02  1.501642E+00  3.099128E+02  7.178247E+01
2.361341E+02  1.511786E+00  3.098490E+02  7.192555E+01
2.360629E+02  1.521577E+00  3.097873E+02  7.206336E+01
2.359854E+02  1.532266E+00  3.097200E+02  7.221273E+01
2.359112E+02  1.542489E+00  3.096555E+02  7.235493E+01
2.358377E+02  1.552622E+00  3.095917E+02  7.249516E+01
2.357637E+02  1.562802E+00  3.095274E+02  7.263567E+01
2.356909E+02  1.572829E+00  3.094641E+02  7.277305E+01
2.356178E+02  1.582885E+00  3.094006E+02  7.291039E+01
2.355417E+02  1.593372E+00  3.093344E+02  7.305272E+01
2.354680E+02  1.603551E+00  3.092701E+02  7.318989E+01
2.353930E+02  1.613877E+00  3.092048E+02  7.332881E+01
2.353145E+02  1.624693E+00  3.091363E+02  7.347344E+01
2.352373E+02  1.635340E+00  3.090690E+02  7.361502E+01
2.351600E+02  1.645990E+00  3.090015E+02  7.375597E+01
2.350870E+02  1.656041E+00  3.089379E+02  7.388852E+01
2.350150E+02  1.665963E+00  3.088750E+02  7.401864E+01
2.349395E+02  1.676371E+00  3.088089E+02  7.415449E+01
2.348656E+02  1.686564E+00  3.087444E+02  7.428673E+01
2.347870E+02  1.697389E+00  3.086756E+02  7.442673E+01
2.347104E+02  1.707951E+00  3.086086E+02  7.456254E+01
2.346338E+02  1.718496E+00  3.085415E+02  7.469779E+01
2.345589E+02  1.728840E+00  3.084759E+02  7.482939E+01
2.344798E+02  1.739729E+00  3.084065E+02  7.496770E+01
2.344015E+02  1.750549E+00  3.083378E+02  7.510413E+01
2.343240E+02  1.761241E+00  3.082698E+02  7.523834E+01
2.342474E+02  1.771807E+00  3.082025E+02  7.537044E+01
2.341687E+02  1.782632E+00  3.081334E+02  7.550547E+01
2.340924E+02  1.793175E+00  3.080664E+02  7.563576E+01
2.340192E+02  1.803287E+00  3.080018E+02  7.576052E+01
2.339421E+02  1.813915E+00  3.079340E+02  7.589106E+01
2.338671E+02  1.824248E+00  3.078680E+02  7.601745E+01
2.337859E+02  1.835476E+00  3.077965E+02  7.615375E+01
2.337077E+02  1.846273E+00  3.077275E+02  7.628451E+01
2.336302E+02  1.856956E+00  3.076592E+02  7.641342E+01
2.335549E+02  1.867365E+00  3.075926E+02  7.653821E+01
2.334810E+02  1.877560E+00  3.075274E+02  7.666017E+01
2.334021E+02  1.888482E+00  3.074575E+02  7.678986E+01
2.333267E+02  1.898883E+00  3.073909E+02  7.691317E+01
2.332488E+02  1.909648E+00  3.073220E+02  7.704006E+01
2.331682E+02  1.920817E+00  3.072505E+02  7.717079E+01
2.330867E+02  1.932068E+00  3.071783E+02  7.730235E+01
2.330058E+02  1.943236E+00  3.071067E+02  7.743223E+01
2.329290E+02  1.953872E+00  3.070385E+02  7.755534E+01
2.328541E+02  1.964225E+00  3.069720E+02  7.767464E+01
2.327755E+02  1.975106E+00  3.069021E+02  7.779952E+01
2.326985E+02  1.985770E+00  3.068336E+02  7.792126E+01
2.326185E+02  1.996835E+00  3.067625E+02  7.804716E+01
2.325406E+02  2.007627E+00  3.066931E+02  7.816941E+01
2.324620E+02  2.018482E+00  3.066232E+02  7.829201E+01
2.323800E+02  2.029838E+00  3.065502E+02  7.841952E+01
2.323009E+02  2.040822E+00  3.064795E+02  7.854213E+01
2.322198E+02  2.052043E+00  3.064071E+02  7.866713E+01
2.321394E+02  2.063179E+00  3.063353E+02  7.879060E+01
2.320608E+02  2.074087E+00  3.062650E+02  7.891092E+01
2.319763E+02  2.085802E+00  3.061895E+02  7.903966E+01
2.318961E+02  2.096913E+00  3.061177E+02  7.916126E+01
2.318185E+02  2.107707E+00  3.060481E+02  7.927861E+01
2.317371E+02  2.118976E+00  3.059752E+02  7.940104E+01
2.316523E+02  2.130742E+00  3.058991E+02  7.952812E+01
2.315707E+02  2.142080E+00  3.058259E+02  7.964995E+01
2.314854E+02  2.153915E+00  3.057493E+02  7.977665E+01
2.314019E+02  2.165532E+00  3.056742E+02  7.990032E+01
2.313210E+02  2.176742E+00  3.056015E+02  8.001955E+01
2.312381E+02  2.188298E+00  3.055266E+02  8.014143E+01
2.311594E+02  2.199228E+00  3.054558E+02  8.025650E+01
2.310730E+02  2.211240E+00  3.053779E+02  8.038241E+01
2.309880E+02  2.223072E+00  3.053012E+02  8.050581E+01
2.309052E+02  2.234609E+00  3.052264E+02  8.062549E+01
2.308256E+02  2.245659E+00  3.051545E+02  8.073996E+01
2.307400E+02  2.257579E+00  3.050771E+02  8.086276E+01
2.306553E+02  2.269377E+00  3.050004E+02  8.098387E+01
2.305729E+02  2.280847E+00  3.049258E+02  8.110095E+01
2.304938E+02  2.291880E+00  3.048541E+02  8.121315E+01
2.304131E+02  2.303133E+00  3.047809E+02  8.132718E+01
2.303312E+02  2.314580E+00  3.047064E+02  8.144250E+01
2.302523E+02  2.325562E+00  3.046348E+02  8.155299E+01
2.301693E+02  2.337160E+00  3.045593E+02  8.166898E+01
2.300888E+02  2.348382E+00  3.044860E+02  8.178101E+01
2.300027E+02  2.360403E+00  3.044077E+02  8.190027E+01
2.299145E+02  2.372733E+00  3.043272E+02  8.202220E+01
2.298269E+02  2.384970E+00  3.042474E+02  8.214249E+01
2.297451E+02  2.396401E+00  3.041727E+02  8.225464E+01
2.296649E+02  2.407603E+00  3.040994E+02  8.236425E+01
2.295776E+02  2.419829E+00  3.040196E+02  8.248289E+01
2.294949E+02  2.431384E+00  3.039439E+02  8.259495E+01
2.294142E+02  2.442693E+00  3.038700E+02  8.270391E+01
2.293318E+02  2.454210E+00  3.037945E+02  8.281482E+01
2.292504E+02  2.465646E+00  3.037198E+02  8.292398E+01
2.291700E+02  2.476896E+00  3.036460E+02  8.303144E+01
2.290906E+02  2.488057E+00  3.035729E+02  8.313720E+01
2.290082E+02  2.499587E+00  3.034973E+02  8.324645E+01
2.289264E+02  2.511051E+00  3.034220E+02  8.335459E+01
2.288393E+02  2.523294E+00  3.033417E+02  8.346936E+01
2.287544E+02  2.535199E+00  3.032635E+02  8.358077E+01
2.286715E+02  2.546844E+00  3.031870E+02  8.368912E+01
2.285837E+02  2.559170E+00  3.031060E+02  8.380366E+01
2.284978E+02  2.571244E+00  3.030266E+02  8.391516E+01
2.284122E+02  2.583271E+00  3.029475E+02  8.402588E+01
2.283295E+02  2.594913E+00  3.028709E+02  8.413245E+01
2.282470E+02  2.606499E+00  3.027945E+02  8.423846E+01
2.281570E+02  2.619168E+00  3.027111E+02  8.435368E+01
2.280709E+02  2.631299E+00  3.026311E+02  8.446355E+01
2.279878E+02  2.642992E+00  3.025541E+02  8.456912E+01
2.279039E+02  2.654824E+00  3.024760E+02  8.467537E+01
2.278212E+02  2.666492E+00  3.023991E+02  8.477975E+01
2.277402E+02  2.677917E+00  3.023236E+02  8.488180E+01
2.276552E+02  2.689889E+00  3.022445E+02  8.498827E+01
2.275736E+02  2.701422E+00  3.021683E+02  8.509043E+01
2.274867E+02  2.713710E+00  3.020871E+02  8.519862E+01
2.274031E+02  2.725523E+00  3.020090E+02  8.530244E+01
2.273184E+02  2.737460E+00  3.019300E+02  8.540716E+01
2.272359E+02  2.749129E+00  3.018527E+02  8.550893E+01
2.271466E+02  2.761773E+00  3.017691E+02  8.561863E+01
2.270606E+02  2.773936E+00  3.016884E+02  8.572408E+01
2.269724E+02  2.786428E+00  3.016057E+02  8.583167E+01
2.268848E+02  2.798843E+00  3.015233E+02  8.593830E+01
2.267973E+02  2.811252E+00  3.014411E+02  8.604428E+01
2.267129E+02  2.823190E+00  3.013617E+02  8.614625E+01
2.266254E+02  2.835592E+00  3.012793E+02  8.625160E+01
2.265411E+02  2.847573E+00  3.011999E+02  8.635274E+01
2.264589E+02  2.859224E+00  3.011223E+02  8.645117E+01
2.263774E+02  2.870790E+00  3.010455E+02  8.654828E+01
2.262911E+02  2.883050E+00  3.009638E+02  8.665092E+01
2.262013E+02  2.895794E+00  3.008791E+02  8.675719E+01
2.261126E+02  2.908429E+00  3.007950E+02  8.686198E+01
2.260316E+02  2.919947E+00  3.007182E+02  8.695730E+01
2.259530E+02  2.931134E+00  3.006436E+02  8.704961E+01
2.258712E+02  2.942775E+00  3.005660E+02  8.714529E+01
2.257862E+02  2.954885E+00  3.004853E+02  8.724438E+01
2.256937E+02  2.968088E+00  3.003973E+02  8.735196E+01
2.256016E+02  2.981196E+00  3.003097E+02  8.745851E+01
2.255122E+02  2.993953E+00  3.002245E+02  8.756181E+01
2.254254E+02  3.006338E+00  3.001417E+02  8.766171E+01
2.253388E+02  3.018707E+00  3.000591E+02  8.776105E+01
2.252546E+02  3.030727E+00  2.999787E+02  8.785725E+01
2.251631E+02  3.043809E+00  2.998912E+02  8.796152E+01
2.250752E+02  3.056365E+00  2.998071E+02  8.806140E+01
2.249885E+02  3.068770E+00  2.997240E+02  8.815959E+01
2.248990E+02  3.081582E+00  2.996381E+02  8.826069E+01
2.248111E+02  3.094157E+00  2.995538E+02  8.835958E+01
2.247261E+02  3.106328E+00  2.994722E+02  8.845481E+01
2.246448E+02  3.117996E+00  2.993940E+02  8.854576E+01
2.245613E+02  3.129972E+00  2.993136E+02  8.863890E+01
2.244653E+02  3.143731E+00  2.992212E+02  8.874559E+01
2.243703E+02  3.157367E+00  2.991296E+02  8.885081E+01
2.242825E+02  3.169947E+00  2.990450E+02  8.894764E+01
2.241975E+02  3.182176E+00  2.989628E+02  8.904124E+01
2.241081E+02  3.195035E+00  2.988763E+02  8.913942E+01
2.240175E+02  3.208049E+00  2.987887E+02  8.923841E+01
2.239269E+02  3.221101E+00  2.987008E+02  8.933722E+01
2.238337E+02  3.234510E+00  2.986105E+02  8.943854E+01
2.237434E+02  3.247506E+00  2.985229E+02  8.953629E+01
2.236563E+02  3.260097E+00  2.984381E+02  8.963036E+01
2.235657E+02  3.273126E+00  2.983501E+02  8.972788E+01
2.234803E+02  3.285457E+00  2.982669E+02  8.981963E+01
2.233976E+02  3.297402E+00  2.981863E+02  8.990811E+01
2.233116E+02  3.309829E+00  2.981024E+02  8.999993E+01
2.232283E+02  3.321852E+00  2.980211E+02  9.008854E+01
2.231417E+02  3.334380E+00  2.979364E+02  9.018045E+01
2.230497E+02  3.347655E+00  2.978466E+02  9.027769E+01
2.229599E+02  3.360658E+00  2.977586E+02  9.037236E+01
2.228697E+02  3.373704E+00  2.976703E+02  9.046721E+01
2.227743E+02  3.387523E+00  2.975766E+02  9.056718E+01
2.226835E+02  3.400683E+00  2.974875E+02  9.066197E+01
2.225977E+02  3.413125E+00  2.974031E+02  9.075133E+01
2.225148E+02  3.425153E+00  2.973216E+02  9.083738E+01
2.224280E+02  3.437763E+00  2.972360E+02  9.092736E+01
2.223330E+02  3.451561E+00  2.971425E+02  9.102540E+01
2.222438E+02  3.464503E+00  2.970545E+02  9.111720E+01
2.221575E+02  3.477040E+00  2.969693E+02  9.120572E+01
2.220667E+02  3.490245E+00  2.968795E+02  9.129866E+01
2.219781E+02  3.503143E+00  2.967918E+02  9.138898E+01
2.218913E+02  3.515742E+00  2.967059E+02  9.147732E+01
2.217993E+02  3.529206E+00  2.966145E+02  9.157067E+01
2.217102E+02  3.542163E+00  2.965262E+02  9.166064E+01
2.216208E+02  3.555216E+00  2.964373E+02  9.175085E+01
2.215336E+02  3.567929E+00  2.963506E+02  9.183846E+01
2.214390E+02  3.581744E+00  2.962565E+02  9.193325E+01
2.213477E+02  3.595078E+00  2.961655E+02  9.202452E+01
2.212591E+02  3.608030E+00  2.960771E+02  9.211282E+01
2.211712E+02  3.620887E+00  2.959893E+02  9.220013E+01
2.210869E+02  3.633210E+00  2.959051E+02  9.228361E+01
2.209996E+02  3.645991E+00  2.958178E+02  9.236990E+01
2.209072E+02  3.659499E+00  2.957254E+02  9.246084E+01
2.208206E+02  3.672223E+00  2.956384E+02  9.254601E+01
2.207377E+02  3.684361E+00  2.955553E+02  9.262719E+01
2.206428E+02  3.698269E+00  2.954601E+02  9.271982E+01
2.205399E+02  3.713398E+00  2.953565E+02  9.282006E+01
2.204440E+02  3.727464E+00  2.952600E+02  9.291314E+01
2.203505E+02  3.741203E+00  2.951659E+02  9.300366E+01
2.202662E+02  3.753606E+00  2.950808E+02  9.308498E+01
2.201859E+02  3.765410E+00  2.949998E+02  9.316224E+01
2.200944E+02  3.778879E+00  2.949073E+02  9.325004E+01
2.200071E+02  3.791733E+00  2.948190E+02  9.333361E+01
2.199199E+02  3.804604E+00  2.947306E+02  9.341690E+01
2.198352E+02  3.817096E+00  2.946448E+02  9.349755E+01
2.197395E+02  3.831204E+00  2.945478E+02  9.358834E+01
2.196505E+02  3.844340E+00  2.944573E+02  9.367263E+01
2.195640E+02  3.857089E+00  2.943695E+02  9.375425E+01
2.194690E+02  3.871140E+00  2.942728E+02  9.384364E+01
2.193781E+02  3.884577E+00  2.941802E+02  9.392895E+01
2.192918E+02  3.897344E+00  2.940923E+02  9.400971E+01
2.192083E+02  3.909722E+00  2.940069E+02  9.408771E+01
2.191087E+02  3.924444E+00  2.939053E+02  9.418040E+01
2.190159E+02  3.938200E+00  2.938104E+02  9.426646E+01
2.189278E+02  3.951274E+00  2.937201E+02  9.434800E+01
2.188415E+02  3.964091E+00  2.936316E+02  9.442772E+01
2.187480E+02  3.977952E+00  2.935358E+02  9.451375E+01
2.186559E+02  3.991611E+00  2.934413E+02  9.459828E+01
2.185681E+02  4.004670E+00  2.933510E+02  9.467859E+01
2.184840E+02  4.017172E+00  2.932645E+02  9.475540E+01
2.183903E+02  4.031117E+00  2.931679E+02  9.484073E+01
2.183065E+02  4.043597E+00  2.930815E+02  9.491683E+01
2.182252E+02  4.055690E+00  2.929977E+02  9.499046E+01
2.181361E+02  4.068973E+00  2.929056E+02  9.507096E+01
2.180440E+02  4.082720E+00  2.928103E+02  9.515396E+01
2.179543E+02  4.096090E+00  2.927175E+02  9.523450E+01
2.178560E+02  4.110766E+00  2.926156E+02  9.532262E+01
2.177584E+02  4.125341E+00  2.925144E+02  9.540975E+01
2.176593E+02  4.140158E+00  2.924115E+02  9.549802E+01
2.175725E+02  4.153134E+00  2.923213E+02  9.557510E+01
2.174889E+02  4.165647E+00  2.922342E+02  9.564912E+01
2.173912E+02  4.180265E+00  2.921325E+02  9.573546E+01
2.172969E+02  4.194397E+00  2.920341E+02  9.581850E+01
2.172075E+02  4.207789E+00  2.919408E+02  9.589709E+01
2.171175E+02  4.221297E+00  2.918468E+02  9.597591E+01
2.170230E+02  4.235489E+00  2.917479E+02  9.605850E+01
2.169309E+02  4.249308E+00  2.916515E+02  9.613879E+01
2.168351E+02  4.263688E+00  2.915511E+02  9.622200E+01
2.167380E+02  4.278309E+00  2.914491E+02  9.630616E+01
2.166452E+02  4.292268E+00  2.913515E+02  9.638641E+01
2.165497E+02  4.306665E+00  2.912511E+02  9.646871E+01
2.164567E+02  4.320651E+00  2.911532E+02  9.654858E+01
2.163563E+02  4.335792E+00  2.910474E+02  9.663458E+01
2.162604E+02  4.350254E+00  2.909462E+02  9.671656E+01
2.161616E+02  4.365152E+00  2.908419E+02  9.680069E+01
2.160676E+02  4.379359E+00  2.907424E+02  9.688060E+01
2.159777E+02  4.392947E+00  2.906471E+02  9.695674E+01
2.158903E+02  4.406160E+00  2.905545E+02  9.703065E+01
2.158042E+02  4.419162E+00  2.904633E+02  9.710314E+01
2.157048E+02  4.434236E+00  2.903576E+02  9.718680E+01
2.156094E+02  4.448693E+00  2.902561E+02  9.726676E+01
2.155180E+02  4.462531E+00  2.901590E+02  9.734313E+01
2.154289E+02  4.476049E+00  2.900640E+02  9.741747E+01
2.153429E+02  4.489097E+00  2.899723E+02  9.748904E+01
2.152586E+02  4.501896E+00  2.898823E+02  9.755892E+01
2.151747E+02  4.514627E+00  2.897927E+02  9.762836E+01
2.150853E+02  4.528238E+00  2.896969E+02  9.770222E+01
2.149998E+02  4.541237E+00  2.896055E+02  9.777262E+01
2.149005E+02  4.556338E+00  2.894990E+02  9.785420E+01
2.148133E+02  4.569620E+00  2.894053E+02  9.792575E+01
2.147284E+02  4.582563E+00  2.893142E+02  9.799505E+01
2.146314E+02  4.597350E+00  2.892099E+02  9.807407E+01
2.145382E+02  4.611546E+00  2.891097E+02  9.814984E+01
2.144354E+02  4.627272E+00  2.889987E+02  9.823321E+01
2.143373E+02  4.642231E+00  2.888929E+02  9.831252E+01
2.142517E+02  4.655312E+00  2.888006E+02  9.838143E+01
2.141698E+02  4.667860E+00  2.887119E+02  9.844742E+01
2.140754E+02  4.682278E+00  2.886099E+02  9.852304E+01
2.139841E+02  4.696280E+00  2.885109E+02  9.859615E+01
2.138946E+02  4.709960E+00  2.884139E+02  9.866756E+01
2.137989E+02  4.724646E+00  2.883099E+02  9.874376E+01
2.137181E+02  4.737058E+00  2.882221E+02  9.880791E+01
2.136396E+02  4.749100E+00  2.881367E+02  9.887006E+01
2.135585E+02  4.761540E+00  2.880485E+02  9.893419E+01
2.134644E+02  4.776008E+00  2.879459E+02  9.900842E+01
2.133833E+02  4.788465E+00  2.878574E+02  9.907218E+01
2.133047E+02  4.800550E+00  2.877716E+02  9.913389E+01
2.132137E+02  4.814580E+00  2.876721E+02  9.920517E+01
2.131239E+02  4.828408E+00  2.875738E+02  9.927525E+01
2.130379E+02  4.841656E+00  2.874795E+02  9.934231E+01
2.129398E+02  4.856799E+00  2.873718E+02  9.941857E+01
2.128463E+02  4.871220E+00  2.872693E+02  9.949094E+01
2.127618E+02  4.884250E+00  2.871765E+02  9.955629E+01
2.126790E+02  4.897066E+00  2.870853E+02  9.962017E+01
2.125923E+02  4.910442E+00  2.869899E+02  9.968685E+01
2.124929E+02  4.925826E+00  2.868803E+02  9.976316E+01
2.124046E+02  4.939478E+00  2.867830E+02  9.983067E+01
2.123197E+02  4.952634E+00  2.866891E+02  9.989560E+01
2.122286E+02  4.966732E+00  2.865884E+02  9.996495E+01
2.121342E+02  4.981378E+00  2.864839E+02  1.000367E+02
2.120404E+02  4.995944E+00  2.863799E+02  1.001078E+02
2.119475E+02  5.010358E+00  2.862768E+02  1.001780E+02
2.118574E+02  5.024363E+00  2.861767E+02  1.002460E+02
2.117701E+02  5.037916E+00  2.860797E+02  1.003116E+02
2.116848E+02  5.051189E+00  2.859848E+02  1.003756E+02
2.115897E+02  5.065989E+00  2.858788E+02  1.004468E+02
2.114821E+02  5.082737E+00  2.857588E+02  1.005271E+02
2.114237E+02  5.091843E+00  2.856936E+02  1.005706E+02
2.113652E+02  5.100963E+00  2.856282E+02  1.006141E+02
2.112744E+02  5.115135E+00  2.855267E+02  1.006814E+02
2.111828E+02  5.129430E+00  2.854241E+02  1.007492E+02
2.110885E+02  5.144141E+00  2.853185E+02  1.008187E+02
2.110094E+02  5.156506E+00  2.852297E+02  1.008771E+02
2.109319E+02  5.168618E+00  2.851428E+02  1.009340E+02
2.108467E+02  5.181937E+00  2.850470E+02  1.009965E+02
2.107582E+02  5.195804E+00  2.849473E+02  1.010613E+02
2.106665E+02  5.210164E+00  2.848441E+02  1.011281E+02
2.105733E+02  5.224764E+00  2.847390E+02  1.011960E+02
2.104857E+02  5.238485E+00  2.846402E+02  1.012595E+02
2.104004E+02  5.251897E+00  2.845437E+02  1.013213E+02
2.103060E+02  5.266724E+00  2.844369E+02  1.013896E+02
2.102144E+02  5.281092E+00  2.843333E+02  1.014556E+02
2.101151E+02  5.296719E+00  2.842206E+02  1.015270E+02
2.100135E+02  5.312673E+00  2.841055E+02  1.015998E+02
2.099152E+02  5.328163E+00  2.839937E+02  1.016701E+02
2.098201E+02  5.343162E+00  2.838855E+02  1.017379E+02
2.097285E+02  5.357581E+00  2.837812E+02  1.018030E+02
2.096297E+02  5.373160E+00  2.836686E+02  1.018731E+02
2.095349E+02  5.388142E+00  2.835603E+02  1.019402E+02
2.094337E+02  5.404119E+00  2.834447E+02  1.020116E+02
2.093461E+02  5.417957E+00  2.833445E+02  1.020733E+02
2.092606E+02  5.431490E+00  2.832465E+02  1.021333E+02
2.091741E+02  5.445180E+00  2.831474E+02  1.021940E+02
2.090885E+02  5.458734E+00  2.830492E+02  1.022538E+02
2.089935E+02  5.473819E+00  2.829399E+02  1.023201E+02
2.089022E+02  5.488256E+00  2.828350E+02  1.023835E+02
2.088068E+02  5.503407E+00  2.827251E+02  1.024497E+02
2.087155E+02  5.517889E+00  2.826200E+02  1.025129E+02
2.086013E+02  5.536032E+00  2.824882E+02  1.025917E+02
2.084966E+02  5.552665E+00  2.823673E+02  1.026637E+02
2.084006E+02  5.567936E+00  2.822562E+02  1.027296E+02
2.083154E+02  5.581514E+00  2.821574E+02  1.027879E+02
2.082340E+02  5.594481E+00  2.820631E+02  1.028435E+02
2.081378E+02  5.609821E+00  2.819514E+02  1.029091E+02
2.080452E+02  5.624581E+00  2.818439E+02  1.029720E+02
2.079605E+02  5.638097E+00  2.817454E+02  1.030294E+02
2.078791E+02  5.651094E+00  2.816506E+02  1.030845E+02
2.077804E+02  5.666862E+00  2.815356E+02  1.031511E+02
2.076776E+02  5.683311E+00  2.814157E+02  1.032202E+02
2.075795E+02  5.699035E+00  2.813009E+02  1.032861E+02
2.074909E+02  5.713184E+00  2.811975E+02  1.033454E+02
2.074049E+02  5.726979E+00  2.810967E+02  1.034029E+02
2.073004E+02  5.743736E+00  2.809742E+02  1.034725E+02
2.071951E+02  5.760637E+00  2.808506E+02  1.035425E+02
2.070940E+02  5.776861E+00  2.807319E+02  1.036094E+02
2.069990E+02  5.792129E+00  2.806201E+02  1.036723E+02
2.068979E+02  5.808394E+00  2.805009E+02  1.037389E+02
2.068018E+02  5.823857E+00  2.803876E+02  1.038021E+02
2.067117E+02  5.838358E+00  2.802813E+02  1.038611E+02
2.066250E+02  5.852325E+00  2.801789E+02  1.039179E+02
2.065307E+02  5.867525E+00  2.800673E+02  1.039794E+02
2.064435E+02  5.881600E+00  2.799640E+02  1.040362E+02
2.063598E+02  5.895109E+00  2.798647E+02  1.040906E+02
2.062662E+02  5.910240E+00  2.797537E+02  1.041512E+02
2.061703E+02  5.925724E+00  2.796398E+02  1.042132E+02
2.060811E+02  5.940133E+00  2.795338E+02  1.042707E+02
2.059947E+02  5.954136E+00  2.794309E+02  1.043263E+02
2.059024E+02  5.969076E+00  2.793208E+02  1.043855E+02
2.058197E+02  5.982492E+00  2.792221E+02  1.044384E+02
2.057395E+02  5.995481E+00  2.791263E+02  1.044897E+02
2.056367E+02  6.012164E+00  2.790034E+02  1.045552E+02
2.055367E+02  6.028399E+00  2.788837E+02  1.046188E+02
2.054389E+02  6.044298E+00  2.787665E+02  1.046807E+02
2.053350E+02  6.061175E+00  2.786418E+02  1.047464E+02
2.052391E+02  6.076779E+00  2.785266E+02  1.048069E+02
2.051557E+02  6.090376E+00  2.784262E+02  1.048593E+02
2.050759E+02  6.103382E+00  2.783301E+02  1.049095E+02
2.049919E+02  6.117064E+00  2.782289E+02  1.049620E+02
2.049102E+02  6.130376E+00  2.781304E+02  1.050130E+02
2.048196E+02  6.145174E+00  2.780210E+02  1.050696E+02
2.047307E+02  6.159688E+00  2.779135E+02  1.051249E+02
2.046386E+02  6.174750E+00  2.778020E+02  1.051820E+02
2.045414E+02  6.190633E+00  2.776843E+02  1.052421E+02
2.044507E+02  6.205485E+00  2.775742E+02  1.052981E+02
2.043640E+02  6.219674E+00  2.774690E+02  1.053515E+02
2.042747E+02  6.234301E+00  2.773605E+02  1.054064E+02
2.041706E+02  6.251386E+00  2.772337E+02  1.054702E+02
2.040724E+02  6.267496E+00  2.771141E+02  1.055302E+02
2.039822E+02  6.282302E+00  2.770041E+02  1.055852E+02
2.038953E+02  6.296577E+00  2.768980E+02  1.056380E+02
2.038005E+02  6.312169E+00  2.767820E+02  1.056956E+02
2.037126E+02  6.326637E+00  2.766744E+02  1.057488E+02
2.036285E+02  6.340462E+00  2.765715E+02  1.057995E+02
2.035404E+02  6.355005E+00  2.764633E+02  1.058527E+02
2.034477E+02  6.370280E+00  2.763495E+02  1.059084E+02
2.033564E+02  6.385324E+00  2.762373E+02  1.059631E+02
2.032616E+02  6.400959E+00  2.761207E+02  1.060198E+02
2.031707E+02  6.415988E+00  2.760087E+02  1.060740E+02
2.030802E+02  6.430963E+00  2.758970E+02  1.061279E+02
2.029922E+02  6.445503E+00  2.757885E+02  1.061801E+02
2.029061E+02  6.459737E+00  2.756821E+02  1.062311E+02
2.028232E+02  6.473479E+00  2.755795E+02  1.062801E+02
2.027346E+02  6.488173E+00  2.754697E+02  1.063324E+02
2.026492E+02  6.502334E+00  2.753637E+02  1.063827E+02
2.025584E+02  6.517375E+00  2.752512E+02  1.064359E+02
2.024647E+02  6.532932E+00  2.751347E+02  1.064908E+02
2.023808E+02  6.546870E+00  2.750304E+02  1.065397E+02
2.023007E+02  6.560192E+00  2.749306E+02  1.065865E+02
2.022012E+02  6.576751E+00  2.748065E+02  1.066443E+02
2.021063E+02  6.592518E+00  2.746883E+02  1.066993E+02
2.020028E+02  6.609776E+00  2.745589E+02  1.067592E+02
2.019061E+02  6.625904E+00  2.744379E+02  1.068150E+02
2.018018E+02  6.643294E+00  2.743073E+02  1.068749E+02
2.017532E+02  6.651402E+00  2.742463E+02  1.069028E+02
2.017046E+02  6.659522E+00  2.741854E+02  1.069307E+02
2.016227E+02  6.673201E+00  2.740825E+02  1.069776E+02
2.015378E+02  6.687415E+00  2.739758E+02  1.070261E+02
2.014558E+02  6.701109E+00  2.738727E+02  1.070728E+02
2.013577E+02  6.717526E+00  2.737492E+02  1.071285E+02
2.012512E+02  6.735377E+00  2.736149E+02  1.071889E+02
2.011487E+02  6.752566E+00  2.734854E+02  1.072469E+02
2.010563E+02  6.768050E+00  2.733687E+02  1.072990E+02
2.009683E+02  6.782843E+00  2.732572E+02  1.073485E+02
2.008746E+02  6.798557E+00  2.731386E+02  1.074010E+02
2.007908E+02  6.812671E+00  2.730323E+02  1.074479E+02
2.007105E+02  6.826145E+00  2.729305E+02  1.074928E+02
2.006229E+02  6.840912E+00  2.728190E+02  1.075416E+02
2.005393E+02  6.854988E+00  2.727127E+02  1.075881E+02
2.004549E+02  6.869196E+00  2.726052E+02  1.076349E+02
2.003565E+02  6.885798E+00  2.724798E+02  1.076893E+02
2.002627E+02  6.901621E+00  2.723601E+02  1.077411E+02
2.001707E+02  6.917156E+00  2.722424E+02  1.077917E+02
2.000833E+02  6.931935E+00  2.721306E+02  1.078397E+02
1.999772E+02  6.949866E+00  2.719948E+02  1.078978E+02
1.998771E+02  6.966819E+00  2.718663E+02  1.079526E+02
1.997810E+02  6.983076E+00  2.717431E+02  1.080048E+02
1.996942E+02  6.997794E+00  2.716314E+02  1.080521E+02
1.996109E+02  7.011937E+00  2.715241E+02  1.080972E+02
1.995263E+02  7.026269E+00  2.714153E+02  1.081429E+02
1.994450E+02  7.040092E+00  2.713104E+02  1.081869E+02
1.993662E+02  7.053452E+00  2.712088E+02  1.082293E+02
1.992550E+02  7.072384E+00  2.710650E+02  1.082890E+02
1.991527E+02  7.089769E+00  2.709327E+02  1.083438E+02
1.990555E+02  7.106311E+00  2.708069E+02  1.083957E+02
1.989635E+02  7.121991E+00  2.706875E+02  1.084448E+02
1.988750E+02  7.137098E+00  2.705726E+02  1.084918E+02
1.987855E+02  7.152339E+00  2.704563E+02  1.085392E+02
1.987340E+02  7.161158E+00  2.703892E+02  1.085665E+02
1.986823E+02  7.169978E+00  2.703219E+02  1.085938E+02
1.985955E+02  7.184831E+00  2.702087E+02  1.086397E+02
1.985078E+02  7.199817E+00  2.700944E+02  1.086858E+02
1.984585E+02  7.208255E+00  2.700300E+02  1.087117E+02
1.984091E+02  7.216704E+00  2.699655E+02  1.087376E+02
1.983248E+02  7.231138E+00  2.698553E+02  1.087817E+02
1.982441E+02  7.244961E+00  2.697497E+02  1.088239E+02
1.981436E+02  7.262192E+00  2.696180E+02  1.088762E+02
1.980462E+02  7.278892E+00  2.694903E+02  1.089268E+02
1.979528E+02  7.294935E+00  2.693676E+02  1.089752E+02
1.978532E+02  7.312062E+00  2.692366E+02  1.090268E+02
1.977578E+02  7.328461E+00  2.691110E+02  1.090760E+02
1.976649E+02  7.344426E+00  2.689887E+02  1.091237E+02
1.975760E+02  7.359733E+00  2.688714E+02  1.091693E+02
1.974941E+02  7.373858E+00  2.687631E+02  1.092112E+02
1.974159E+02  7.387327E+00  2.686598E+02  1.092511E+02
1.973206E+02  7.403765E+00  2.685337E+02  1.092997E+02
1.972361E+02  7.418382E+00  2.684216E+02  1.093427E+02
1.971550E+02  7.432373E+00  2.683141E+02  1.093838E+02
1.970978E+02  7.442270E+00  2.682381E+02  1.094127E+02
1.970406E+02  7.452167E+00  2.681620E+02  1.094416E+02
1.969507E+02  7.467700E+00  2.680426E+02  1.094870E+02
1.968624E+02  7.482992E+00  2.679251E+02  1.095314E+02
1.967770E+02  7.497769E+00  2.678114E+02  1.095742E+02
1.966949E+02  7.512016E+00  2.677018E+02  1.096153E+02
1.966115E+02  7.526503E+00  2.675903E+02  1.096570E+02
1.965048E+02  7.545012E+00  2.674477E+02  1.097101E+02
1.964014E+02  7.562974E+00  2.673092E+02  1.097615E+02
1.963019E+02  7.580276E+00  2.671758E+02  1.098108E+02
1.962113E+02  7.596037E+00  2.670543E+02  1.098555E+02
1.961237E+02  7.611301E+00  2.669366E+02  1.098987E+02
1.960374E+02  7.626331E+00  2.668205E+02  1.099412E+02
1.959528E+02  7.641077E+00  2.667066E+02  1.099826E+02
1.958800E+02  7.653790E+00  2.666084E+02  1.100183E+02
1.958090E+02  7.666175E+00  2.665127E+02  1.100529E+02
1.957290E+02  7.680154E+00  2.664046E+02  1.100920E+02
1.956400E+02  7.695699E+00  2.662843E+02  1.101352E+02
1.955541E+02  7.710726E+00  2.661681E+02  1.101769E+02
1.954811E+02  7.723499E+00  2.660693E+02  1.102122E+02
1.954107E+02  7.735832E+00  2.659737E+02  1.102462E+02
1.953365E+02  7.748826E+00  2.658731E+02  1.102820E+02
1.952417E+02  7.765446E+00  2.657443E+02  1.103275E+02
1.951532E+02  7.780967E+00  2.656239E+02  1.103700E+02
1.950681E+02  7.795905E+00  2.655081E+02  1.104107E+02
1.949876E+02  7.810053E+00  2.653983E+02  1.104492E+02
1.948997E+02  7.825505E+00  2.652784E+02  1.104910E+02
1.948155E+02  7.840281E+00  2.651636E+02  1.105310E+02
1.947190E+02  7.857282E+00  2.650316E+02  1.105767E+02
1.946287E+02  7.873180E+00  2.649080E+02  1.106194E+02
1.945479E+02  7.887443E+00  2.647971E+02  1.106575E+02
1.944725E+02  7.900742E+00  2.646937E+02  1.106930E+02
1.943856E+02  7.916093E+00  2.645743E+02  1.107338E+02
1.942952E+02  7.932043E+00  2.644501E+02  1.107761E+02
1.942082E+02  7.947422E+00  2.643304E+02  1.108167E+02
1.941179E+02  7.963377E+00  2.642059E+02  1.108588E+02
1.940308E+02  7.978778E+00  2.640859E+02  1.108992E+02
1.939453E+02  7.993941E+00  2.639677E+02  1.109389E+02
1.938629E+02  8.008549E+00  2.638538E+02  1.109769E+02
1.937680E+02  8.025375E+00  2.637225E+02  1.110207E+02
1.936824E+02  8.040567E+00  2.636039E+02  1.110601E+02
1.936007E+02  8.055065E+00  2.634906E+02  1.110976E+02
1.935065E+02  8.071806E+00  2.633598E+02  1.111407E+02
1.934233E+02  8.086604E+00  2.632442E+02  1.111787E+02
1.933453E+02  8.100483E+00  2.631356E+02  1.112142E+02
1.932670E+02  8.114421E+00  2.630266E+02  1.112498E+02
1.931724E+02  8.131281E+00  2.628947E+02  1.112927E+02
1.930804E+02  8.147668E+00  2.627663E+02  1.113343E+02
1.929906E+02  8.163701E+00  2.626407E+02  1.113748E+02
1.929065E+02  8.178733E+00  2.625230E+02  1.114127E+02
1.928239E+02  8.193474E+00  2.624074E+02  1.114497E+02
1.927435E+02  8.207849E+00  2.622946E+02  1.114857E+02
1.926717E+02  8.220693E+00  2.621939E+02  1.115178E+02
1.926009E+02  8.233358E+00  2.620945E+02  1.115493E+02
1.925091E+02  8.249797E+00  2.619654E+02  1.115902E+02
1.924255E+02  8.264802E+00  2.618477E+02  1.116272E+02
1.923462E+02  8.279022E+00  2.617358E+02  1.116624E+02
1.922767E+02  8.291492E+00  2.616379E+02  1.116930E+02
1.922100E+02  8.303463E+00  2.615437E+02  1.117224E+02
1.921367E+02  8.316624E+00  2.614402E+02  1.117547E+02
1.920651E+02  8.329489E+00  2.613390E+02  1.117861E+02
1.919805E+02  8.344713E+00  2.612191E+02  1.118231E+02
1.918999E+02  8.359231E+00  2.611049E+02  1.118584E+02
1.918182E+02  8.373964E+00  2.609888E+02  1.118940E+02
1.917378E+02  8.388436E+00  2.608748E+02  1.119289E+02
1.916531E+02  8.403707E+00  2.607544E+02  1.119656E+02
1.915700E+02  8.418719E+00  2.606360E+02  1.120016E+02
1.914824E+02  8.434528E+00  2.605112E+02  1.120394E+02
1.914402E+02  8.442146E+00  2.604511E+02  1.120576E+02
1.913980E+02  8.449777E+00  2.603909E+02  1.120757E+02
1.913135E+02  8.465090E+00  2.602701E+02  1.121120E+02
1.912350E+02  8.479257E+00  2.601580E+02  1.121456E+02
1.911585E+02  8.493106E+00  2.600486E+02  1.121783E+02
1.910851E+02  8.506417E+00  2.599435E+02  1.122096E+02
1.909933E+02  8.523062E+00  2.598118E+02  1.122487E+02
1.909024E+02  8.539557E+00  2.596813E+02  1.122872E+02
1.908212E+02  8.554310E+00  2.595646E+02  1.123216E+02
1.907427E+02  8.568552E+00  2.594518E+02  1.123547E+02
1.906557E+02  8.584378E+00  2.593264E+02  1.123913E+02
1.905738E+02  8.599278E+00  2.592084E+02  1.124257E+02
1.904864E+02  8.615187E+00  2.590823E+02  1.124623E+02
1.904039E+02  8.630239E+00  2.589630E+02  1.124968E+02
1.903254E+02  8.644541E+00  2.588494E+02  1.125296E+02
1.902490E+02  8.658470E+00  2.587389E+02  1.125613E+02
1.901559E+02  8.675464E+00  2.586040E+02  1.125999E+02
1.900641E+02  8.692238E+00  2.584708E+02  1.126379E+02
1.899638E+02  8.710568E+00  2.583251E+02  1.126793E+02
1.898652E+02  8.728604E+00  2.581817E+02  1.127198E+02
1.898191E+02  8.737067E+00  2.581145E+02  1.127387E+02
1.897728E+02  8.745513E+00  2.580472E+02  1.127577E+02
1.896841E+02  8.761795E+00  2.579178E+02  1.127939E+02
1.895994E+02  8.777319E+00  2.577941E+02  1.128285E+02
1.895152E+02  8.792776E+00  2.576710E+02  1.128628E+02
1.894349E+02  8.807533E+00  2.575535E+02  1.128953E+02
1.893641E+02  8.820542E+00  2.574499E+02  1.129240E+02
1.892960E+02  8.833039E+00  2.573501E+02  1.129515E+02
1.892253E+02  8.846074E+00  2.572463E+02  1.129800E+02
1.891846E+02  8.853556E+00  2.571866E+02  1.129963E+02
1.891440E+02  8.861019E+00  2.571270E+02  1.130127E+02
1.890478E+02  8.878744E+00  2.569856E+02  1.130512E+02
1.889640E+02  8.894180E+00  2.568623E+02  1.130847E+02
1.888843E+02  8.908902E+00  2.567448E+02  1.131166E+02
1.887968E+02  8.925046E+00  2.566158E+02  1.131514E+02
1.887089E+02  8.941289E+00  2.564859E+02  1.131862E+02
1.886348E+02  8.954972E+00  2.563764E+02  1.132155E+02
1.885644E+02  8.968013E+00  2.562722E+02  1.132433E+02
1.884962E+02  8.980638E+00  2.561712E+02  1.132702E+02
1.884209E+02  8.994598E+00  2.560595E+02  1.132998E+02
1.883544E+02  9.006916E+00  2.559608E+02  1.133259E+02
1.882879E+02  9.019232E+00  2.558622E+02  1.133519E+02
1.882013E+02  9.035322E+00  2.557333E+02  1.133858E+02
1.881163E+02  9.051069E+00  2.556070E+02  1.134189E+02
1.880244E+02  9.068148E+00  2.554700E+02  1.134545E+02
1.879711E+02  9.078075E+00  2.553904E+02  1.134752E+02
1.879176E+02  9.088024E+00  2.553106E+02  1.134959E+02
1.878368E+02  9.103062E+00  2.551899E+02  1.135271E+02
1.877683E+02  9.115791E+00  2.550876E+02  1.135534E+02
1.877018E+02  9.128204E+00  2.549879E+02  1.135790E+02
1.876078E+02  9.145718E+00  2.548473E+02  1.136150E+02
1.875175E+02  9.162579E+00  2.547116E+02  1.136496E+02
1.874368E+02  9.177639E+00  2.545907E+02  1.136803E+02
1.873599E+02  9.192014E+00  2.544749E+02  1.137096E+02
1.872760E+02  9.207706E+00  2.543487E+02  1.137414E+02
1.871976E+02  9.222366E+00  2.542307E+02  1.137710E+02
1.871234E+02  9.236284E+00  2.541186E+02  1.137990E+02
1.870370E+02  9.252451E+00  2.539884E+02  1.138315E+02
1.869939E+02  9.260534E+00  2.539232E+02  1.138477E+02
1.869508E+02  9.268614E+00  2.538581E+02  1.138639E+02
1.868909E+02  9.279844E+00  2.537675E+02  1.138863E+02
1.868471E+02  9.288073E+00  2.537012E+02  1.139026E+02
1.868034E+02  9.296279E+00  2.536350E+02  1.139190E+02
1.867318E+02  9.309723E+00  2.535265E+02  1.139456E+02
1.866394E+02  9.327099E+00  2.533862E+02  1.139800E+02
1.865617E+02  9.341739E+00  2.532681E+02  1.140088E+02
1.864874E+02  9.355711E+00  2.531552E+02  1.140362E+02
1.864462E+02  9.363468E+00  2.530925E+02  1.140514E+02
1.864049E+02  9.371266E+00  2.530296E+02  1.140667E+02
1.863221E+02  9.386855E+00  2.529035E+02  1.140971E+02
1.862348E+02  9.403326E+00  2.527703E+02  1.141291E+02
1.861932E+02  9.411175E+00  2.527068E+02  1.141443E+02
1.861515E+02  9.419044E+00  2.526431E+02  1.141596E+02
1.860897E+02  9.430720E+00  2.525487E+02  1.141822E+02
1.860133E+02  9.445157E+00  2.524317E+02  1.142099E+02
1.859397E+02  9.459087E+00  2.523190E+02  1.142366E+02
1.858645E+02  9.473317E+00  2.522037E+02  1.142638E+02
1.857717E+02  9.490903E+00  2.520612E+02  1.142973E+02
1.856842E+02  9.507482E+00  2.519268E+02  1.143289E+02
1.855954E+02  9.524348E+00  2.517901E+02  1.143607E+02
1.855102E+02  9.540500E+00  2.516589E+02  1.143912E+02
1.854368E+02  9.554434E+00  2.515458E+02  1.144174E+02
1.853742E+02  9.566349E+00  2.514491E+02  1.144397E+02
1.853133E+02  9.577930E+00  2.513551E+02  1.144613E+02
1.852308E+02  9.593632E+00  2.512275E+02  1.144906E+02
1.851501E+02  9.609010E+00  2.511025E+02  1.145192E+02
1.851029E+02  9.617993E+00  2.510295E+02  1.145358E+02
1.850557E+02  9.626970E+00  2.509564E+02  1.145524E+02
1.850087E+02  9.635954E+00  2.508834E+02  1.145690E+02
1.849615E+02  9.644958E+00  2.508102E+02  1.145855E+02
1.848898E+02  9.658641E+00  2.506988E+02  1.146107E+02
1.848202E+02  9.671935E+00  2.505905E+02  1.146350E+02
1.847459E+02  9.686128E+00  2.504750E+02  1.146609E+02
1.846740E+02  9.699889E+00  2.503629E+02  1.146859E+02
1.846030E+02  9.713466E+00  2.502523E+02  1.147105E+02
1.845171E+02  9.729910E+00  2.501182E+02  1.147402E+02
1.844372E+02  9.745255E+00  2.499932E+02  1.147679E+02
1.843645E+02  9.759184E+00  2.498795E+02  1.147929E+02
1.842945E+02  9.772609E+00  2.497700E+02  1.148169E+02
1.842224E+02  9.786442E+00  2.496570E+02  1.148416E+02
1.841592E+02  9.798595E+00  2.495578E+02  1.148632E+02
1.840984E+02  9.810287E+00  2.494624E+02  1.148839E+02
1.840249E+02  9.824419E+00  2.493469E+02  1.149089E+02
1.839475E+02  9.839318E+00  2.492250E+02  1.149352E+02
1.838728E+02  9.853718E+00  2.491074E+02  1.149605E+02
1.838092E+02  9.865957E+00  2.490073E+02  1.149820E+02
1.837463E+02  9.878093E+00  2.489080E+02  1.150031E+02
1.836794E+02  9.891009E+00  2.488023E+02  1.150256E+02
1.836076E+02  9.904870E+00  2.486889E+02  1.150497E+02
1.835461E+02  9.916743E+00  2.485917E+02  1.150702E+02
1.834868E+02  9.928210E+00  2.484977E+02  1.150900E+02
1.834070E+02  9.943642E+00  2.483713E+02  1.151166E+02
1.833306E+02  9.958429E+00  2.482501E+02  1.151420E+02
1.832618E+02  9.971744E+00  2.481409E+02  1.151648E+02
1.831955E+02  9.984596E+00  2.480356E+02  1.151867E+02
1.831135E+02  1.000050E+01  2.479051E+02  1.152137E+02
1.830741E+02  1.000816E+01  2.478423E+02  1.152267E+02
1.830345E+02  1.001581E+01  2.477794E+02  1.152396E+02
1.829885E+02  1.002476E+01  2.477060E+02  1.152547E+02
1.829425E+02  1.003369E+01  2.476326E+02  1.152698E+02
1.828649E+02  1.004878E+01  2.475087E+02  1.152951E+02
1.827901E+02  1.006333E+01  2.473892E+02  1.153195E+02
1.827176E+02  1.007744E+01  2.472732E+02  1.153430E+02
1.826749E+02  1.008575E+01  2.472049E+02  1.153569E+02
1.826321E+02  1.009409E+01  2.471363E+02  1.153707E+02
1.825450E+02  1.011108E+01  2.469966E+02  1.153988E+02
1.824352E+02  1.013249E+01  2.468204E+02  1.154341E+02
1.823885E+02  1.014161E+01  2.467453E+02  1.154491E+02
1.823415E+02  1.015077E+01  2.466699E+02  1.154642E+02
1.822701E+02  1.016473E+01  2.465549E+02  1.154870E+02
1.821995E+02  1.017854E+01  2.464412E+02  1.155095E+02
1.821489E+02  1.018844E+01  2.463596E+02  1.155256E+02
1.820982E+02  1.019836E+01  2.462778E+02  1.155417E+02
1.820364E+02  1.021047E+01  2.461780E+02  1.155612E+02
1.819777E+02  1.022197E+01  2.460831E+02  1.155798E+02
1.819038E+02  1.023646E+01  2.459636E+02  1.156031E+02
1.818684E+02  1.024341E+01  2.459063E+02  1.156142E+02
1.818329E+02  1.025038E+01  2.458488E+02  1.156254E+02
1.817619E+02  1.026430E+01  2.457338E+02  1.156477E+02
1.816975E+02  1.027696E+01  2.456292E+02  1.156678E+02
1.816356E+02  1.028914E+01  2.455287E+02  1.156871E+02
1.815703E+02  1.030196E+01  2.454227E+02  1.157075E+02
1.815128E+02  1.031329E+01  2.453291E+02  1.157253E+02
1.814586E+02  1.032395E+01  2.452410E+02  1.157421E+02
1.814012E+02  1.033527E+01  2.451475E+02  1.157598E+02
1.813469E+02  1.034597E+01  2.450589E+02  1.157766E+02
1.812848E+02  1.035821E+01  2.449576E+02  1.157958E+02
1.812244E+02  1.037015E+01  2.448590E+02  1.158143E+02
1.811603E+02  1.038281E+01  2.447542E+02  1.158340E+02
1.810969E+02  1.039531E+01  2.446506E+02  1.158533E+02
1.810149E+02  1.041152E+01  2.445163E+02  1.158783E+02
1.809443E+02  1.042550E+01  2.444005E+02  1.158998E+02
1.808774E+02  1.043874E+01  2.442908E+02  1.159201E+02
1.807942E+02  1.045522E+01  2.441541E+02  1.159453E+02
1.807162E+02  1.047069E+01  2.440259E+02  1.159688E+02
1.806410E+02  1.048560E+01  2.439021E+02  1.159914E+02
1.805699E+02  1.049973E+01  2.437850E+02  1.160127E+02
1.804969E+02  1.051421E+01  2.436646E+02  1.160345E+02
1.804271E+02  1.052809E+01  2.435494E+02  1.160553E+02
1.803535E+02  1.054276E+01  2.434276E+02  1.160772E+02
1.802780E+02  1.055778E+01  2.433028E+02  1.160996E+02
1.802061E+02  1.057210E+01  2.431837E+02  1.161208E+02
1.801384E+02  1.058561E+01  2.430715E+02  1.161408E+02
1.800558E+02  1.060209E+01  2.429344E+02  1.161650E+02
1.799711E+02  1.061898E+01  2.427938E+02  1.161898E+02
1.798959E+02  1.063401E+01  2.426687E+02  1.162118E+02
1.798260E+02  1.064797E+01  2.425524E+02  1.162321E+02
1.797667E+02  1.065985E+01  2.424535E+02  1.162494E+02
1.797100E+02  1.067119E+01  2.423590E+02  1.162658E+02
1.796576E+02  1.068171E+01  2.422714E+02  1.162809E+02
1.796049E+02  1.069224E+01  2.421836E+02  1.162961E+02
1.795245E+02  1.070837E+01  2.420492E+02  1.163192E+02
1.794504E+02  1.072324E+01  2.419250E+02  1.163405E+02
1.793798E+02  1.073743E+01  2.418068E+02  1.163607E+02
1.793124E+02  1.075099E+01  2.416936E+02  1.163799E+02
1.792558E+02  1.076237E+01  2.415986E+02  1.163960E+02
1.792012E+02  1.077334E+01  2.415070E+02  1.164115E+02
1.791398E+02  1.078568E+01  2.414038E+02  1.164289E+02
1.790832E+02  1.079706E+01  2.413087E+02  1.164449E+02
1.790281E+02  1.080819E+01  2.412159E+02  1.164604E+02
1.789681E+02  1.082028E+01  2.411148E+02  1.164773E+02
1.789108E+02  1.083185E+01  2.410181E+02  1.164934E+02
1.788551E+02  1.084311E+01  2.409240E+02  1.165090E+02
1.788009E+02  1.085401E+01  2.408327E+02  1.165241E+02
1.787345E+02  1.086746E+01  2.407202E+02  1.165426E+02
1.786713E+02  1.088023E+01  2.406134E+02  1.165601E+02
1.785895E+02  1.089676E+01  2.404749E+02  1.165827E+02
1.785175E+02  1.091135E+01  2.403527E+02  1.166026E+02
1.784835E+02  1.091827E+01  2.402948E+02  1.166120E+02
1.784494E+02  1.092518E+01  2.402369E+02  1.166214E+02
1.783907E+02  1.093707E+01  2.401372E+02  1.166375E+02
1.783209E+02  1.095121E+01  2.400187E+02  1.166566E+02
1.782603E+02  1.096352E+01  2.399155E+02  1.166731E+02
1.782032E+02  1.097512E+01  2.398182E+02  1.166887E+02
1.781616E+02  1.098357E+01  2.397473E+02  1.167000E+02
1.781200E+02  1.099205E+01  2.396762E+02  1.167113E+02
1.780883E+02  1.099849E+01  2.396221E+02  1.167199E+02
1.780566E+02  1.100496E+01  2.395680E+02  1.167284E+02
1.779973E+02  1.101700E+01  2.394668E+02  1.167444E+02
1.779348E+02  1.102974E+01  2.393599E+02  1.167613E+02
1.779004E+02  1.103676E+01  2.393009E+02  1.167705E+02
1.778659E+02  1.104378E+01  2.392419E+02  1.167798E+02
1.778090E+02  1.105539E+01  2.391445E+02  1.167950E+02
1.777585E+02  1.106568E+01  2.390579E+02  1.168085E+02
1.777098E+02  1.107564E+01  2.389742E+02  1.168215E+02
1.776261E+02  1.109272E+01  2.388306E+02  1.168437E+02
1.775848E+02  1.110119E+01  2.387594E+02  1.168547E+02
1.775433E+02  1.110965E+01  2.386882E+02  1.168656E+02
1.775081E+02  1.111687E+01  2.386276E+02  1.168749E+02
1.774728E+02  1.112409E+01  2.385668E+02  1.168843E+02
1.774096E+02  1.113702E+01  2.384580E+02  1.169009E+02
1.773446E+02  1.115034E+01  2.383458E+02  1.169179E+02
1.773059E+02  1.115828E+01  2.382790E+02  1.169281E+02
1.772672E+02  1.116622E+01  2.382121E+02  1.169382E+02
1.772183E+02  1.117624E+01  2.381277E+02  1.169510E+02
1.771667E+02  1.118683E+01  2.380385E+02  1.169644E+02
1.771161E+02  1.119722E+01  2.379510E+02  1.169775E+02
1.770606E+02  1.120863E+01  2.378548E+02  1.169919E+02
1.770050E+02  1.122003E+01  2.377585E+02  1.170063E+02
1.769542E+02  1.123051E+01  2.376703E+02  1.170194E+02
1.769048E+02  1.124069E+01  2.375845E+02  1.170321E+02
1.768472E+02  1.125255E+01  2.374845E+02  1.170469E+02
1.767724E+02  1.126797E+01  2.373543E+02  1.170660E+02
1.767018E+02  1.128250E+01  2.372316E+02  1.170840E+02
1.766511E+02  1.129297E+01  2.371433E+02  1.170969E+02
1.766004E+02  1.130345E+01  2.370548E+02  1.171098E+02
1.765292E+02  1.131815E+01  2.369306E+02  1.171278E+02
1.764613E+02  1.133220E+01  2.368119E+02  1.171450E+02
1.764282E+02  1.133904E+01  2.367541E+02  1.171533E+02
1.763951E+02  1.134588E+01  2.366962E+02  1.171616E+02
1.763501E+02  1.135518E+01  2.366175E+02  1.171729E+02
1.763059E+02  1.136435E+01  2.365401E+02  1.171840E+02
1.762445E+02  1.137709E+01  2.364324E+02  1.171993E+02
1.761850E+02  1.138942E+01  2.363281E+02  1.172141E+02
1.761231E+02  1.140225E+01  2.362195E+02  1.172295E+02
1.760632E+02  1.141468E+01  2.361143E+02  1.172443E+02
1.759866E+02  1.143059E+01  2.359795E+02  1.172632E+02
1.759508E+02  1.143802E+01  2.359166E+02  1.172721E+02
1.759150E+02  1.144549E+01  2.358534E+02  1.172809E+02
1.758764E+02  1.145350E+01  2.357854E+02  1.172903E+02
1.758380E+02  1.146151E+01  2.357176E+02  1.172998E+02
1.757837E+02  1.147280E+01  2.356220E+02  1.173130E+02
1.757368E+02  1.148258E+01  2.355391E+02  1.173245E+02
1.756901E+02  1.149231E+01  2.354565E+02  1.173359E+02
1.756383E+02  1.150311E+01  2.353650E+02  1.173484E+02
1.755894E+02  1.151331E+01  2.352784E+02  1.173603E+02
1.755329E+02  1.152513E+01  2.351783E+02  1.173739E+02
1.754854E+02  1.153502E+01  2.350942E+02  1.173854E+02
1.754385E+02  1.154483E+01  2.350111E+02  1.173966E+02
1.753824E+02  1.155656E+01  2.349115E+02  1.174101E+02
1.753269E+02  1.156816E+01  2.348129E+02  1.174234E+02
1.752724E+02  1.157957E+01  2.347161E+02  1.174364E+02
1.752148E+02  1.159161E+01  2.346137E+02  1.174501E+02
1.751630E+02  1.160249E+01  2.345213E+02  1.174624E+02
1.751132E+02  1.161294E+01  2.344325E+02  1.174742E+02
1.750715E+02  1.162168E+01  2.343582E+02  1.174840E+02
1.750307E+02  1.163025E+01  2.342854E+02  1.174936E+02
1.750028E+02  1.163609E+01  2.342357E+02  1.175002E+02
1.749750E+02  1.164195E+01  2.341860E+02  1.175067E+02
1.749012E+02  1.165745E+01  2.340541E+02  1.175240E+02
1.748639E+02  1.166529E+01  2.339873E+02  1.175327E+02
1.748264E+02  1.167316E+01  2.339204E+02  1.175415E+02
1.747801E+02  1.168293E+01  2.338374E+02  1.175522E+02
1.747355E+02  1.169230E+01  2.337575E+02  1.175626E+02
1.746781E+02  1.170439E+01  2.336546E+02  1.175759E+02
1.746176E+02  1.171715E+01  2.335459E+02  1.175899E+02
1.745613E+02  1.172903E+01  2.334447E+02  1.176029E+02
1.745112E+02  1.173960E+01  2.333547E+02  1.176144E+02
1.744628E+02  1.174983E+01  2.332676E+02  1.176255E+02
1.744131E+02  1.176032E+01  2.331781E+02  1.176369E+02
1.743699E+02  1.176945E+01  2.331002E+02  1.176467E+02
1.743281E+02  1.177828E+01  2.330249E+02  1.176562E+02
1.742885E+02  1.178665E+01  2.329536E+02  1.176652E+02
1.742489E+02  1.179505E+01  2.328819E+02  1.176742E+02
1.742203E+02  1.180109E+01  2.328304E+02  1.176807E+02
1.741919E+02  1.180712E+01  2.327790E+02  1.176871E+02
1.741517E+02  1.181564E+01  2.327063E+02  1.176962E+02
1.741137E+02  1.182371E+01  2.326375E+02  1.177047E+02
1.740430E+02  1.183867E+01  2.325097E+02  1.177206E+02
1.739664E+02  1.185495E+01  2.323707E+02  1.177377E+02
1.738943E+02  1.187027E+01  2.322399E+02  1.177538E+02
1.738264E+02  1.188468E+01  2.321167E+02  1.177689E+02
1.737555E+02  1.189978E+01  2.319877E+02  1.177846E+02
1.737137E+02  1.190866E+01  2.319118E+02  1.177938E+02
1.736718E+02  1.191760E+01  2.318354E+02  1.178030E+02
1.736287E+02  1.192677E+01  2.317569E+02  1.178125E+02
1.735881E+02  1.193543E+01  2.316829E+02  1.178214E+02
1.735484E+02  1.194390E+01  2.316104E+02  1.178301E+02
1.734991E+02  1.195443E+01  2.315204E+02  1.178408E+02
1.734527E+02  1.196432E+01  2.314358E+02  1.178509E+02
1.734224E+02  1.197080E+01  2.313803E+02  1.178575E+02
1.733921E+02  1.197726E+01  2.313249E+02  1.178640E+02
1.733477E+02  1.198676E+01  2.312436E+02  1.178737E+02
1.733031E+02  1.199629E+01  2.311620E+02  1.178833E+02
1.732562E+02  1.200633E+01  2.310760E+02  1.178934E+02
1.731970E+02  1.201899E+01  2.309676E+02  1.179061E+02
1.731394E+02  1.203135E+01  2.308617E+02  1.179184E+02
1.730907E+02  1.204178E+01  2.307723E+02  1.179288E+02
1.730430E+02  1.205199E+01  2.306848E+02  1.179390E+02
1.729744E+02  1.206673E+01  2.305585E+02  1.179535E+02
1.729085E+02  1.208089E+01  2.304371E+02  1.179675E+02
1.728746E+02  1.208817E+01  2.303746E+02  1.179746E+02
1.728407E+02  1.209546E+01  2.303121E+02  1.179817E+02
1.727745E+02  1.210969E+01  2.301900E+02  1.179956E+02
1.727117E+02  1.212322E+01  2.300739E+02  1.180088E+02
1.726373E+02  1.213921E+01  2.299366E+02  1.180243E+02
1.725655E+02  1.215471E+01  2.298035E+02  1.180392E+02
1.725234E+02  1.216380E+01  2.297254E+02  1.180479E+02
1.724811E+02  1.217291E+01  2.296471E+02  1.180566E+02
1.724395E+02  1.218191E+01  2.295698E+02  1.180652E+02
1.723987E+02  1.219071E+01  2.294941E+02  1.180736E+02
1.723689E+02  1.219716E+01  2.294388E+02  1.180797E+02
1.723390E+02  1.220363E+01  2.293831E+02  1.180858E+02
1.722764E+02  1.221717E+01  2.292667E+02  1.180986E+02
1.722135E+02  1.223077E+01  2.291497E+02  1.181114E+02
1.721783E+02  1.223840E+01  2.290841E+02  1.181185E+02
1.721430E+02  1.224604E+01  2.290183E+02  1.181256E+02
1.720791E+02  1.225989E+01  2.288992E+02  1.181385E+02
1.720176E+02  1.227325E+01  2.287843E+02  1.181509E+02
1.719635E+02  1.228499E+01  2.286832E+02  1.181618E+02
1.719120E+02  1.229617E+01  2.285869E+02  1.181721E+02
1.718612E+02  1.230721E+01  2.284919E+02  1.181822E+02
1.718091E+02  1.231855E+01  2.283942E+02  1.181925E+02
1.717582E+02  1.232961E+01  2.282988E+02  1.182026E+02
1.716966E+02  1.234305E+01  2.281831E+02  1.182148E+02
1.716687E+02  1.234910E+01  2.281309E+02  1.182203E+02
1.716409E+02  1.235517E+01  2.280786E+02  1.182257E+02
1.716000E+02  1.236409E+01  2.280017E+02  1.182338E+02
1.715600E+02  1.237282E+01  2.279264E+02  1.182416E+02
1.715335E+02  1.237859E+01  2.278767E+02  1.182468E+02
1.715070E+02  1.238438E+01  2.278267E+02  1.182519E+02
1.714619E+02  1.239424E+01  2.277417E+02  1.182607E+02
1.714174E+02  1.240394E+01  2.276580E+02  1.182693E+02
1.713902E+02  1.240988E+01  2.276067E+02  1.182746E+02
1.713629E+02  1.241587E+01  2.275552E+02  1.182799E+02
1.713210E+02  1.242503E+01  2.274760E+02  1.182880E+02
1.712795E+02  1.243413E+01  2.273976E+02  1.182960E+02
1.712328E+02  1.244435E+01  2.273093E+02  1.183049E+02
1.711864E+02  1.245451E+01  2.272215E+02  1.183138E+02
1.711639E+02  1.245943E+01  2.271790E+02  1.183181E+02
1.711415E+02  1.246434E+01  2.271366E+02  1.183224E+02
1.710992E+02  1.247360E+01  2.270566E+02  1.183304E+02
1.710597E+02  1.248226E+01  2.269818E+02  1.183379E+02
1.710183E+02  1.249136E+01  2.269032E+02  1.183458E+02
1.709785E+02  1.250011E+01  2.268276E+02  1.183533E+02
1.709332E+02  1.251005E+01  2.267415E+02  1.183618E+02
1.709120E+02  1.251474E+01  2.267012E+02  1.183658E+02
1.708907E+02  1.251942E+01  2.266607E+02  1.183698E+02
1.708481E+02  1.252878E+01  2.265797E+02  1.183778E+02
1.708025E+02  1.253882E+01  2.264929E+02  1.183863E+02
1.707588E+02  1.254843E+01  2.264098E+02  1.183945E+02
1.707015E+02  1.256105E+01  2.263006E+02  1.184051E+02
1.706521E+02  1.257193E+01  2.262065E+02  1.184143E+02
1.706046E+02  1.258242E+01  2.261157E+02  1.184230E+02
1.705559E+02  1.259317E+01  2.260226E+02  1.184320E+02
1.705076E+02  1.260383E+01  2.259303E+02  1.184409E+02
1.704573E+02  1.261494E+01  2.258341E+02  1.184501E+02
1.703969E+02  1.262830E+01  2.257186E+02  1.184610E+02
1.703707E+02  1.263411E+01  2.256682E+02  1.184659E+02
1.703440E+02  1.264000E+01  2.256171E+02  1.184707E+02
1.703007E+02  1.264959E+01  2.255340E+02  1.184786E+02
1.702636E+02  1.265782E+01  2.254626E+02  1.184853E+02
1.702278E+02  1.266576E+01  2.253939E+02  1.184917E+02
1.701902E+02  1.267408E+01  2.253217E+02  1.184984E+02
1.701536E+02  1.268222E+01  2.252513E+02  1.185050E+02
1.701144E+02  1.269089E+01  2.251760E+02  1.185120E+02
1.700905E+02  1.269620E+01  2.251300E+02  1.185163E+02
1.700667E+02  1.270150E+01  2.250840E+02  1.185206E+02
1.700224E+02  1.271131E+01  2.249989E+02  1.185284E+02
1.699787E+02  1.272103E+01  2.249145E+02  1.185362E+02
1.699511E+02  1.272717E+01  2.248614E+02  1.185410E+02
1.699236E+02  1.273330E+01  2.248082E+02  1.185459E+02
1.698978E+02  1.273901E+01  2.247585E+02  1.185505E+02
1.698721E+02  1.274477E+01  2.247086E+02  1.185550E+02
1.698208E+02  1.275617E+01  2.246096E+02  1.185640E+02
1.697944E+02  1.276204E+01  2.245586E+02  1.185686E+02
1.697679E+02  1.276797E+01  2.245072E+02  1.185732E+02
1.697432E+02  1.277348E+01  2.244594E+02  1.185776E+02
1.697183E+02  1.277901E+01  2.244113E+02  1.185819E+02
1.696688E+02  1.279007E+01  2.243153E+02  1.185905E+02
1.696211E+02  1.280073E+01  2.242227E+02  1.185988E+02
1.695754E+02  1.281091E+01  2.241342E+02  1.186067E+02
1.695301E+02  1.282106E+01  2.240461E+02  1.186145E+02
1.694692E+02  1.283466E+01  2.239278E+02  1.186249E+02
1.694182E+02  1.284608E+01  2.238285E+02  1.186336E+02
1.693700E+02  1.285687E+01  2.237348E+02  1.186418E+02
1.693213E+02  1.286778E+01  2.236399E+02  1.186501E+02
1.692692E+02  1.287946E+01  2.235383E+02  1.186589E+02
1.692236E+02  1.288967E+01  2.234494E+02  1.186666E+02
1.691791E+02  1.289969E+01  2.233623E+02  1.186740E+02
1.691524E+02  1.290568E+01  2.233101E+02  1.186785E+02
1.691256E+02  1.291168E+01  2.232579E+02  1.186830E+02
1.690776E+02  1.292246E+01  2.231640E+02  1.186910E+02
1.690546E+02  1.292765E+01  2.231189E+02  1.186948E+02
1.690314E+02  1.293286E+01  2.230735E+02  1.186987E+02
1.690079E+02  1.293814E+01  2.230275E+02  1.187026E+02
1.689844E+02  1.294346E+01  2.229813E+02  1.187065E+02
1.689458E+02  1.295213E+01  2.229057E+02  1.187129E+02
1.689076E+02  1.296074E+01  2.228308E+02  1.187192E+02
1.688782E+02  1.296735E+01  2.227731E+02  1.187240E+02
1.688487E+02  1.297400E+01  2.227152E+02  1.187288E+02
1.688170E+02  1.298115E+01  2.226529E+02  1.187340E+02
1.687644E+02  1.299301E+01  2.225495E+02  1.187426E+02
1.687388E+02  1.299881E+01  2.224990E+02  1.187468E+02
1.687131E+02  1.300460E+01  2.224486E+02  1.187509E+02
1.686713E+02  1.301404E+01  2.223663E+02  1.187577E+02
1.686314E+02  1.302306E+01  2.222876E+02  1.187641E+02
1.685891E+02  1.303263E+01  2.222042E+02  1.187710E+02
1.685478E+02  1.304196E+01  2.221227E+02  1.187776E+02
1.684991E+02  1.305300E+01  2.220265E+02  1.187854E+02
1.684715E+02  1.305924E+01  2.219721E+02  1.187898E+02
1.684440E+02  1.306548E+01  2.219176E+02  1.187942E+02
1.684158E+02  1.307187E+01  2.218619E+02  1.187987E+02
1.683878E+02  1.307821E+01  2.218066E+02  1.188031E+02
1.683570E+02  1.308520E+01  2.217456E+02  1.188080E+02
1.683261E+02  1.309222E+01  2.216843E+02  1.188129E+02
1.682953E+02  1.309918E+01  2.216235E+02  1.188177E+02
1.682653E+02  1.310600E+01  2.215639E+02  1.188224E+02
1.682184E+02  1.311663E+01  2.214711E+02  1.188297E+02
1.681912E+02  1.312286E+01  2.214168E+02  1.188340E+02
1.681637E+02  1.312911E+01  2.213622E+02  1.188383E+02
1.681198E+02  1.313907E+01  2.212751E+02  1.188451E+02
1.680956E+02  1.314457E+01  2.212271E+02  1.188489E+02
1.680715E+02  1.315006E+01  2.211790E+02  1.188526E+02
1.680360E+02  1.315816E+01  2.211083E+02  1.188581E+02
1.680067E+02  1.316486E+01  2.210498E+02  1.188626E+02
1.679773E+02  1.317154E+01  2.209915E+02  1.188671E+02
1.679450E+02  1.317890E+01  2.209271E+02  1.188721E+02
1.679131E+02  1.318616E+01  2.208636E+02  1.188770E+02
1.678784E+02  1.319409E+01  2.207943E+02  1.188823E+02
1.678356E+02  1.320386E+01  2.207089E+02  1.188888E+02
1.678150E+02  1.320858E+01  2.206676E+02  1.188919E+02
1.677942E+02  1.321329E+01  2.206263E+02  1.188950E+02
1.677511E+02  1.322316E+01  2.205401E+02  1.189015E+02
1.677108E+02  1.323238E+01  2.204594E+02  1.189076E+02
1.676702E+02  1.324168E+01  2.203780E+02  1.189137E+02
1.676480E+02  1.324675E+01  2.203337E+02  1.189171E+02
1.676258E+02  1.325182E+01  2.202893E+02  1.189204E+02
1.675975E+02  1.325832E+01  2.202324E+02  1.189246E+02
1.675688E+02  1.326490E+01  2.201748E+02  1.189289E+02
1.675392E+02  1.327169E+01  2.201155E+02  1.189333E+02
1.674994E+02  1.328081E+01  2.200356E+02  1.189392E+02
1.674598E+02  1.328989E+01  2.199560E+02  1.189450E+02
1.674389E+02  1.329468E+01  2.199141E+02  1.189481E+02
1.674180E+02  1.329949E+01  2.198720E+02  1.189512E+02
1.673934E+02  1.330515E+01  2.198225E+02  1.189548E+02
1.673686E+02  1.331084E+01  2.197726E+02  1.189584E+02
1.673288E+02  1.331998E+01  2.196925E+02  1.189642E+02
1.672745E+02  1.333249E+01  2.195830E+02  1.189722E+02
1.672154E+02  1.334608E+01  2.194638E+02  1.189807E+02
1.671846E+02  1.335315E+01  2.194019E+02  1.189851E+02
1.671540E+02  1.336023E+01  2.193399E+02  1.189896E+02
1.671200E+02  1.336804E+01  2.192714E+02  1.189944E+02
1.670871E+02  1.337564E+01  2.192048E+02  1.189991E+02
1.670428E+02  1.338585E+01  2.191152E+02  1.190055E+02
1.670209E+02  1.339090E+01  2.190709E+02  1.190086E+02
1.669990E+02  1.339597E+01  2.190265E+02  1.190117E+02
1.669648E+02  1.340386E+01  2.189573E+02  1.190166E+02
1.669338E+02  1.341102E+01  2.188945E+02  1.190209E+02
1.669032E+02  1.341812E+01  2.188323E+02  1.190253E+02
1.668725E+02  1.342520E+01  2.187701E+02  1.190296E+02
1.668428E+02  1.343208E+01  2.187097E+02  1.190337E+02
1.668075E+02  1.344024E+01  2.186381E+02  1.190387E+02
1.667745E+02  1.344789E+01  2.185710E+02  1.190433E+02
1.667423E+02  1.345535E+01  2.185055E+02  1.190478E+02
1.667099E+02  1.346286E+01  2.184395E+02  1.190522E+02
1.666819E+02  1.346934E+01  2.183827E+02  1.190561E+02
1.666538E+02  1.347586E+01  2.183255E+02  1.190600E+02
1.666127E+02  1.348539E+01  2.182417E+02  1.190657E+02
1.665929E+02  1.349001E+01  2.182012E+02  1.190684E+02
1.665732E+02  1.349457E+01  2.181612E+02  1.190711E+02
1.665493E+02  1.350013E+01  2.181123E+02  1.190743E+02
1.665252E+02  1.350572E+01  2.180632E+02  1.190776E+02
1.665072E+02  1.350991E+01  2.180264E+02  1.190801E+02
1.664890E+02  1.351414E+01  2.179893E+02  1.190825E+02
1.664613E+02  1.352056E+01  2.179328E+02  1.190863E+02
1.664339E+02  1.352695E+01  2.178766E+02  1.190900E+02
1.664053E+02  1.353362E+01  2.178181E+02  1.190939E+02
1.663766E+02  1.354031E+01  2.177593E+02  1.190978E+02
1.663381E+02  1.354926E+01  2.176806E+02  1.191029E+02
1.662995E+02  1.355825E+01  2.176017E+02  1.191081E+02
1.662794E+02  1.356293E+01  2.175604E+02  1.191108E+02
1.662591E+02  1.356766E+01  2.175188E+02  1.191135E+02
1.662272E+02  1.357510E+01  2.174534E+02  1.191177E+02
1.662078E+02  1.357964E+01  2.174136E+02  1.191203E+02
1.661885E+02  1.358414E+01  2.173739E+02  1.191228E+02
1.661559E+02  1.359177E+01  2.173069E+02  1.191272E+02
1.661230E+02  1.359944E+01  2.172394E+02  1.191315E+02
1.660956E+02  1.360584E+01  2.171831E+02  1.191351E+02
1.660681E+02  1.361229E+01  2.171265E+02  1.191387E+02
1.660463E+02  1.361736E+01  2.170817E+02  1.191415E+02
1.660244E+02  1.362248E+01  2.170367E+02  1.191444E+02
1.659914E+02  1.363022E+01  2.169686E+02  1.191487E+02
1.659413E+02  1.364193E+01  2.168655E+02  1.191552E+02
1.659170E+02  1.364764E+01  2.168153E+02  1.191583E+02
1.658926E+02  1.365336E+01  2.167649E+02  1.191615E+02
1.658637E+02  1.366013E+01  2.167052E+02  1.191652E+02
1.658339E+02  1.366711E+01  2.166438E+02  1.191690E+02
1.658042E+02  1.367410E+01  2.165823E+02  1.191728E+02
1.657687E+02  1.368243E+01  2.165090E+02  1.191773E+02
1.657488E+02  1.368711E+01  2.164678E+02  1.191798E+02
1.657289E+02  1.369177E+01  2.164267E+02  1.191824E+02
1.657126E+02  1.369560E+01  2.163930E+02  1.191844E+02
1.656963E+02  1.369943E+01  2.163593E+02  1.191865E+02
1.656618E+02  1.370754E+01  2.162878E+02  1.191908E+02
1.656271E+02  1.371570E+01  2.162159E+02  1.191952E+02
1.656078E+02  1.372025E+01  2.161758E+02  1.191976E+02
1.655885E+02  1.372478E+01  2.161359E+02  1.192000E+02
1.655484E+02  1.373423E+01  2.160526E+02  1.192050E+02
1.655036E+02  1.374477E+01  2.159597E+02  1.192106E+02
1.654812E+02  1.375007E+01  2.159130E+02  1.192134E+02
1.654587E+02  1.375536E+01  2.158663E+02  1.192162E+02
1.654434E+02  1.375896E+01  2.158345E+02  1.192180E+02
1.654282E+02  1.376257E+01  2.158028E+02  1.192199E+02
1.653905E+02  1.377146E+01  2.157244E+02  1.192245E+02
1.653565E+02  1.377950E+01  2.156535E+02  1.192287E+02
1.653226E+02  1.378747E+01  2.155831E+02  1.192328E+02
1.652898E+02  1.379525E+01  2.155146E+02  1.192368E+02
1.652578E+02  1.380283E+01  2.154477E+02  1.192407E+02
1.652180E+02  1.381223E+01  2.153649E+02  1.192455E+02
1.651824E+02  1.382066E+01  2.152905E+02  1.192498E+02
1.651483E+02  1.382874E+01  2.152192E+02  1.192539E+02
1.651192E+02  1.383564E+01  2.151583E+02  1.192574E+02
1.650902E+02  1.384249E+01  2.150977E+02  1.192608E+02
1.650590E+02  1.384991E+01  2.150324E+02  1.192645E+02
1.650276E+02  1.385736E+01  2.149665E+02  1.192683E+02
1.650062E+02  1.386243E+01  2.149218E+02  1.192708E+02
1.649847E+02  1.386752E+01  2.148768E+02  1.192733E+02
1.649475E+02  1.387637E+01  2.147987E+02  1.192777E+02
1.649097E+02  1.388536E+01  2.147193E+02  1.192821E+02
1.648722E+02  1.389427E+01  2.146407E+02  1.192865E+02
1.648302E+02  1.390424E+01  2.145526E+02  1.192914E+02
1.648116E+02  1.390866E+01  2.145135E+02  1.192935E+02
1.647929E+02  1.391313E+01  2.144741E+02  1.192957E+02
1.647382E+02  1.392615E+01  2.143590E+02  1.193020E+02
1.647044E+02  1.393420E+01  2.142878E+02  1.193058E+02
1.646706E+02  1.394229E+01  2.142165E+02  1.193097E+02
1.646304E+02  1.395186E+01  2.141318E+02  1.193143E+02
1.646113E+02  1.395640E+01  2.140916E+02  1.193164E+02
1.645924E+02  1.396091E+01  2.140517E+02  1.193186E+02
1.645610E+02  1.396842E+01  2.139854E+02  1.193221E+02
1.645398E+02  1.397351E+01  2.139404E+02  1.193245E+02
1.645184E+02  1.397862E+01  2.138952E+02  1.193269E+02
1.644948E+02  1.398424E+01  2.138454E+02  1.193295E+02
1.644590E+02  1.399282E+01  2.137697E+02  1.193335E+02
1.644370E+02  1.399807E+01  2.137232E+02  1.193360E+02
1.644148E+02  1.400340E+01  2.136761E+02  1.193384E+02
1.643864E+02  1.401019E+01  2.136159E+02  1.193416E+02
1.643543E+02  1.401787E+01  2.135480E+02  1.193451E+02
1.643220E+02  1.402560E+01  2.134796E+02  1.193486E+02
1.642779E+02  1.403620E+01  2.133859E+02  1.193535E+02
1.642502E+02  1.404282E+01  2.133273E+02  1.193565E+02
1.642226E+02  1.404949E+01  2.132684E+02  1.193595E+02
1.641879E+02  1.405780E+01  2.131948E+02  1.193632E+02
1.641536E+02  1.406603E+01  2.131218E+02  1.193669E+02
1.641162E+02  1.407503E+01  2.130422E+02  1.193709E+02
1.640793E+02  1.408391E+01  2.129636E+02  1.193749E+02
1.640594E+02  1.408868E+01  2.129213E+02  1.193770E+02
1.640396E+02  1.409344E+01  2.128792E+02  1.193791E+02
1.640104E+02  1.410049E+01  2.128167E+02  1.193822E+02
1.639830E+02  1.410708E+01  2.127584E+02  1.193851E+02
1.639500E+02  1.411501E+01  2.126881E+02  1.193886E+02
1.639181E+02  1.412273E+01  2.126198E+02  1.193919E+02
1.639024E+02  1.412653E+01  2.125862E+02  1.193936E+02
1.638866E+02  1.413031E+01  2.125526E+02  1.193952E+02
1.638630E+02  1.413602E+01  2.125021E+02  1.193977E+02
1.638399E+02  1.414158E+01  2.124528E+02  1.194001E+02
1.638143E+02  1.414778E+01  2.123979E+02  1.194027E+02
1.637889E+02  1.415392E+01  2.123434E+02  1.194053E+02
1.637478E+02  1.416382E+01  2.122556E+02  1.194096E+02
1.637284E+02  1.416854E+01  2.122139E+02  1.194116E+02
1.637087E+02  1.417329E+01  2.121718E+02  1.194136E+02
1.636802E+02  1.418019E+01  2.121106E+02  1.194165E+02
1.636475E+02  1.418809E+01  2.120405E+02  1.194198E+02
1.636319E+02  1.419188E+01  2.120069E+02  1.194214E+02
1.636164E+02  1.419563E+01  2.119736E+02  1.194229E+02
1.635909E+02  1.420182E+01  2.119189E+02  1.194255E+02
1.635668E+02  1.420767E+01  2.118670E+02  1.194279E+02
1.635357E+02  1.421520E+01  2.118003E+02  1.194310E+02
1.635202E+02  1.421897E+01  2.117668E+02  1.194326E+02
1.635047E+02  1.422272E+01  2.117335E+02  1.194341E+02
1.634719E+02  1.423068E+01  2.116628E+02  1.194374E+02
1.634387E+02  1.423872E+01  2.115915E+02  1.194407E+02
1.634058E+02  1.424672E+01  2.115206E+02  1.194439E+02
1.633898E+02  1.425063E+01  2.114859E+02  1.194455E+02
1.633736E+02  1.425454E+01  2.114512E+02  1.194471E+02
1.633363E+02  1.426363E+01  2.113706E+02  1.194507E+02
1.633163E+02  1.426847E+01  2.113275E+02  1.194527E+02
1.632963E+02  1.427336E+01  2.112842E+02  1.194546E+02
1.632663E+02  1.428068E+01  2.112193E+02  1.194575E+02
1.632292E+02  1.428970E+01  2.111391E+02  1.194611E+02
1.632106E+02  1.429425E+01  2.110988E+02  1.194629E+02
1.631919E+02  1.429879E+01  2.110585E+02  1.194647E+02
1.631717E+02  1.430371E+01  2.110147E+02  1.194666E+02
1.631400E+02  1.431145E+01  2.109461E+02  1.194696E+02
1.631081E+02  1.431924E+01  2.108769E+02  1.194726E+02
1.630698E+02  1.432856E+01  2.107941E+02  1.194762E+02
1.630492E+02  1.433360E+01  2.107493E+02  1.194782E+02
1.630286E+02  1.433867E+01  2.107044E+02  1.194801E+02
1.630166E+02  1.434160E+01  2.106784E+02  1.194812E+02
1.630047E+02  1.434450E+01  2.106525E+02  1.194823E+02
1.629746E+02  1.435186E+01  2.105872E+02  1.194851E+02
1.629443E+02  1.435928E+01  2.105213E+02  1.194880E+02
1.629192E+02  1.436540E+01  2.104668E+02  1.194903E+02
1.628939E+02  1.437159E+01  2.104119E+02  1.194926E+02
1.628670E+02  1.437821E+01  2.103531E+02  1.194951E+02
1.628536E+02  1.438147E+01  2.103241E+02  1.194963E+02
1.628404E+02  1.438472E+01  2.102952E+02  1.194975E+02
1.628154E+02  1.439085E+01  2.102408E+02  1.194998E+02
1.627917E+02  1.439665E+01  2.101892E+02  1.195019E+02
1.627711E+02  1.440170E+01  2.101443E+02  1.195038E+02
1.627509E+02  1.440666E+01  2.101002E+02  1.195056E+02
1.627179E+02  1.441477E+01  2.100282E+02  1.195086E+02
1.626899E+02  1.442164E+01  2.099671E+02  1.195111E+02
1.626651E+02  1.442773E+01  2.099129E+02  1.195133E+02
1.626407E+02  1.443373E+01  2.098595E+02  1.195155E+02
1.626196E+02  1.443891E+01  2.098134E+02  1.195174E+02
1.625985E+02  1.444411E+01  2.097673E+02  1.195192E+02
1.625792E+02  1.444887E+01  2.097250E+02  1.195209E+02
1.625533E+02  1.445523E+01  2.096684E+02  1.195232E+02
1.625276E+02  1.446159E+01  2.096119E+02  1.195254E+02
1.624816E+02  1.447290E+01  2.095112E+02  1.195295E+02
1.624572E+02  1.447892E+01  2.094577E+02  1.195316E+02
1.624327E+02  1.448495E+01  2.094040E+02  1.195337E+02
1.624104E+02  1.449047E+01  2.093549E+02  1.195356E+02
1.623885E+02  1.449586E+01  2.093069E+02  1.195375E+02
1.623600E+02  1.450294E+01  2.092440E+02  1.195399E+02
1.623351E+02  1.450905E+01  2.091896E+02  1.195420E+02
1.623128E+02  1.451457E+01  2.091404E+02  1.195439E+02
1.622905E+02  1.452010E+01  2.090913E+02  1.195458E+02
1.622742E+02  1.452411E+01  2.090555E+02  1.195472E+02
1.622580E+02  1.452812E+01  2.090199E+02  1.195485E+02
1.622346E+02  1.453390E+01  2.089684E+02  1.195505E+02
1.622131E+02  1.453924E+01  2.089209E+02  1.195523E+02
1.621917E+02  1.454452E+01  2.088739E+02  1.195541E+02
1.621739E+02  1.454895E+01  2.088345E+02  1.195556E+02
1.621557E+02  1.455344E+01  2.087944E+02  1.195571E+02
1.621367E+02  1.455816E+01  2.087524E+02  1.195586E+02
1.621166E+02  1.456313E+01  2.087081E+02  1.195603E+02
1.620894E+02  1.456986E+01  2.086482E+02  1.195625E+02
1.620626E+02  1.457651E+01  2.085890E+02  1.195647E+02
1.620465E+02  1.458050E+01  2.085534E+02  1.195660E+02
1.620304E+02  1.458453E+01  2.085176E+02  1.195673E+02
1.620092E+02  1.458978E+01  2.084708E+02  1.195690E+02
1.619942E+02  1.459349E+01  2.084377E+02  1.195703E+02
1.619792E+02  1.459725E+01  2.084043E+02  1.195715E+02
1.619533E+02  1.460365E+01  2.083472E+02  1.195735E+02
1.619277E+02  1.461002E+01  2.082905E+02  1.195756E+02
1.619022E+02  1.461638E+01  2.082338E+02  1.195776E+02
1.618650E+02  1.462564E+01  2.081514E+02  1.195806E+02
1.618472E+02  1.463007E+01  2.081119E+02  1.195820E+02
1.618294E+02  1.463450E+01  2.080723E+02  1.195834E+02
1.618036E+02  1.464091E+01  2.080153E+02  1.195854E+02
1.617800E+02  1.464679E+01  2.079628E+02  1.195872E+02
1.617572E+02  1.465249E+01  2.079121E+02  1.195890E+02
1.617401E+02  1.465673E+01  2.078742E+02  1.195903E+02
