# HSM/GeV  HNSM/GeV  HS/GeV  T/GeV
-2.602061E-04  -1.384138E-04  -3.272871E+02  0.000000E+00
-2.579143E-04  -1.357737E-04  -3.272868E+02  4.247039E-01
-2.602350E-04  -1.305091E-04  -3.272822E+02  2.142330E+00
-2.616793E-04  -1.285660E-04  -3.272751E+02  3.357995E+00
-2.537166E-04  -1.302931E-04  -3.272669E+02  4.352926E+00
-2.572731E-04  -1.261485E-04  -3.272585E+02  5.190763E+00
-2.490751E-04  -1.281992E-04  -3.272495E+02  5.938376E+00
-2.528161E-04  -1.239660E-04  -3.272404E+02  6.621645E+00
-2.441224E-04  -1.258598E-04  -3.272312E+02  7.247435E+00
-2.480505E-04  -1.218762E-04  -3.272219E+02  7.822365E+00
-2.401529E-04  -1.238982E-04  -3.272124E+02  8.369144E+00
-2.441413E-04  -1.195194E-04  -3.272028E+02  8.886390E+00
-2.355853E-04  -1.213196E-04  -3.271934E+02  9.371996E+00
-2.389184E-04  -1.173872E-04  -3.271836E+02  9.843326E+00
-2.308905E-04  -1.191240E-04  -3.271740E+02  1.029042E+01
-2.352434E-04  -1.151443E-04  -3.271643E+02  1.072007E+01
-2.279831E-04  -1.170198E-04  -3.271546E+02  1.113659E+01
-2.315806E-04  -1.128858E-04  -3.271449E+02  1.153659E+01
-2.240281E-04  -1.147004E-04  -3.271351E+02  1.192497E+01
-2.277216E-04  -1.108103E-04  -3.271253E+02  1.230352E+01
-2.198384E-04  -1.126260E-04  -3.271156E+02  1.267027E+01
-2.235801E-04  -1.088369E-04  -3.271059E+02  1.302513E+01
-2.161242E-04  -1.106357E-04  -3.270961E+02  1.337276E+01
-2.197991E-04  -1.069090E-04  -3.270863E+02  1.371296E+01
-2.120776E-04  -1.083629E-04  -3.270766E+02  1.404295E+01
-2.155337E-04  -1.047825E-04  -3.270669E+02  1.436481E+01
-2.081030E-04  -1.067057E-04  -3.270570E+02  1.468370E+01
-2.009290E-04  -1.085956E-04  -3.270473E+02  1.499499E+01
-2.043160E-04  -1.049640E-04  -3.270377E+02  1.529807E+01
-2.062279E-04  -1.018236E-04  -3.270279E+02  1.559706E+01
-1.992687E-04  -1.037062E-04  -3.270181E+02  1.589242E+01
-2.023639E-04  -9.994769E-05  -3.270085E+02  1.617837E+01
-1.958350E-04  -1.018513E-04  -3.269988E+02  1.646145E+01
-1.989105E-04  -9.804727E-05  -3.269890E+02  1.674218E+01
-1.920402E-04  -9.966853E-05  -3.269794E+02  1.701657E+01
-1.950344E-04  -9.645946E-05  -3.269696E+02  1.728766E+01
-1.884799E-04  -9.799864E-05  -3.269601E+02  1.755084E+01
-1.916486E-04  -9.435512E-05  -3.269503E+02  1.781395E+01
-1.849563E-04  -9.593941E-05  -3.269406E+02  1.807263E+01
-1.891418E-04  -9.254969E-05  -3.269309E+02  1.832913E+01
-1.822922E-04  -9.390300E-05  -3.269213E+02  1.857915E+01
-1.848819E-04  -9.033191E-05  -3.269115E+02  1.882949E+01
-1.797051E-04  -9.162002E-05  -3.269020E+02  1.907364E+01
-1.736751E-04  -9.328397E-05  -3.268922E+02  1.931697E+01
-1.767133E-04  -9.009307E-05  -3.268825E+02  1.955640E+01
-1.703777E-04  -8.687934E-05  -3.268729E+02  1.979173E+01
-1.735868E-04  -8.381189E-05  -3.268632E+02  2.002521E+01
-1.675186E-04  -8.529599E-05  -3.268535E+02  2.025596E+01
-1.705400E-04  -8.210993E-05  -3.268437E+02  2.048668E+01
-1.648032E-04  -8.360951E-05  -3.268341E+02  2.071278E+01
-1.676854E-04  -8.082707E-05  -3.268245E+02  2.093252E+01
-1.613362E-04  -8.223714E-05  -3.268148E+02  2.115597E+01
-1.583476E-04  -8.084361E-05  -3.268055E+02  2.137317E+01
-1.512079E-04  -8.139803E-05  -3.267960E+02  2.158973E+01
-1.538285E-04  -7.822548E-05  -3.267864E+02  2.180585E+01
-1.476945E-04  -7.940934E-05  -3.267770E+02  2.201946E+01
-1.514615E-04  -7.721418E-05  -3.267675E+02  2.223045E+01
-1.538242E-04  -7.451973E-05  -3.267581E+02  2.243688E+01
-1.484247E-04  -7.638714E-05  -3.267485E+02  2.264479E+01
-1.516899E-04  -7.423661E-05  -3.267389E+02  2.285129E+01
-1.525666E-04  -7.208541E-05  -3.267295E+02  2.305353E+01
-1.475093E-04  -7.384505E-05  -3.267198E+02  2.325633E+01
-1.439640E-04  -7.459499E-05  -3.267103E+02  2.345555E+01
-1.473344E-04  -7.240664E-05  -3.267007E+02  2.365373E+01
-1.492679E-04  -7.097379E-05  -3.266911E+02  2.384909E+01
-1.430414E-04  -7.189432E-05  -3.266814E+02  2.404446E+01
-1.387203E-04  -6.975071E-05  -3.266718E+02  2.423722E+01
-1.420631E-04  -6.743397E-05  -3.266620E+02  2.443057E+01
-1.368380E-04  -6.845076E-05  -3.266524E+02  2.462038E+01
-1.319432E-04  -6.953855E-05  -3.266426E+02  2.480914E+01
-1.345965E-04  -6.729589E-05  -3.266328E+02  2.499726E+01
-1.357120E-04  -6.517296E-05  -3.266231E+02  2.518259E+01
-1.309297E-04  -6.639986E-05  -3.266132E+02  2.536806E+01
-1.266907E-04  -6.420848E-05  -3.266035E+02  2.555004E+01
-1.222094E-04  -6.549545E-05  -3.265935E+02  2.573347E+01
-1.244244E-04  -6.326367E-05  -3.265837E+02  2.591440E+01
-1.278484E-04  -6.096651E-05  -3.265738E+02  2.609290E+01
-1.234791E-04  -6.199148E-05  -3.265638E+02  2.627243E+01
-1.193979E-04  -6.319775E-05  -3.265538E+02  2.644961E+01
-1.217942E-04  -6.121856E-05  -3.265438E+02  2.662576E+01
-1.237767E-04  -5.921181E-05  -3.265339E+02  2.679931E+01
-1.198515E-04  -6.039177E-05  -3.265238E+02  2.697241E+01
-1.222501E-04  -5.828336E-05  -3.265136E+02  2.714528E+01
-1.188354E-04  -5.979449E-05  -3.265034E+02  2.731758E+01
-1.199277E-04  -5.727191E-05  -3.264934E+02  2.748692E+01
-1.233776E-04  -5.575461E-05  -3.264831E+02  2.765687E+01
-1.197150E-04  -5.682804E-05  -3.264728E+02  2.782551E+01
-1.167878E-04  -5.841458E-05  -3.264626E+02  2.799194E+01
-1.189785E-04  -5.628005E-05  -3.264522E+02  2.815892E+01
-1.154916E-04  -5.766251E-05  -3.264418E+02  2.832541E+01
-1.094809E-04  -5.766843E-05  -3.264315E+02  2.849005E+01
-1.115057E-04  -5.635446E-05  -3.264211E+02  2.865242E+01
-1.136896E-04  -5.438769E-05  -3.264106E+02  2.881462E+01
-1.085484E-04  -5.495966E-05  -3.264001E+02  2.897638E+01
-1.119588E-04  -5.379026E-05  -3.263895E+02  2.913837E+01
-1.097402E-04  -5.554415E-05  -3.263790E+02  2.929807E+01
-1.052597E-04  -5.532376E-05  -3.263684E+02  2.945638E+01
-1.033915E-04  -5.145101E-05  -3.263577E+02  2.961520E+01
-1.048998E-04  -4.952220E-05  -3.263470E+02  2.977254E+01
-1.018845E-04  -4.988906E-05  -3.263363E+02  2.992806E+01
-1.063559E-04  -4.934248E-05  -3.263254E+02  3.008464E+01
-1.062636E-04  -5.203455E-05  -3.263146E+02  3.023974E+01
-1.085734E-04  -5.043558E-05  -3.263038E+02  3.039277E+01
-1.035638E-04  -5.081945E-05  -3.262929E+02  3.054561E+01
-9.881747E-05  -4.904598E-05  -3.262818E+02  3.069973E+01
-9.790396E-05  -4.603397E-05  -3.262711E+02  3.084956E+01
-9.409268E-05  -4.726239E-05  -3.262599E+02  3.100105E+01
-8.743895E-05  -4.645795E-05  -3.262488E+02  3.115225E+01
-9.226237E-05  -4.648742E-05  -3.262377E+02  3.130216E+01
-8.740712E-05  -4.564701E-05  -3.262266E+02  3.145042E+01
-8.997579E-05  -4.448047E-05  -3.262153E+02  3.159862E+01
-8.742066E-05  -4.321483E-05  -3.262041E+02  3.174582E+01
-8.972478E-05  -4.669853E-05  -3.261928E+02  3.189224E+01
-8.468911E-05  -4.659093E-05  -3.261814E+02  3.203925E+01
-8.656064E-05  -4.518255E-05  -3.261700E+02  3.218509E+01
-8.239982E-05  -4.301306E-05  -3.261586E+02  3.232957E+01
-8.749680E-05  -4.718785E-05  -3.261472E+02  3.247261E+01
-8.511664E-05  -4.328915E-05  -3.261355E+02  3.261778E+01
-8.806850E-05  -4.688207E-05  -3.261242E+02  3.275840E+01
-8.684533E-05  -4.345681E-05  -3.261124E+02  3.290193E+01
-8.121629E-05  -4.291166E-05  -3.261009E+02  3.304231E+01
-8.095001E-05  -4.046791E-05  -3.260891E+02  3.318359E+01
-8.804762E-05  -4.189077E-05  -3.260774E+02  3.332369E+01
-8.354796E-05  -4.202055E-05  -3.260656E+02  3.346329E+01
-7.735105E-05  -3.874021E-05  -3.260537E+02  3.360322E+01
-7.335240E-05  -3.863127E-05  -3.260419E+02  3.374167E+01
-8.050776E-05  -4.021747E-05  -3.260300E+02  3.387920E+01
-7.577159E-05  -4.025404E-05  -3.260179E+02  3.401755E+01
-7.562934E-05  -3.811058E-05  -3.260060E+02  3.415444E+01
-6.950970E-05  -3.702899E-05  -3.259940E+02  3.428994E+01
-7.581719E-05  -3.821578E-05  -3.259818E+02  3.442568E+01
-8.231088E-05  -3.925312E-05  -3.259697E+02  3.456075E+01
-7.388387E-05  -3.712707E-05  -3.259574E+02  3.469625E+01
-7.779532E-05  -3.710987E-05  -3.259452E+02  3.483080E+01
-7.302648E-05  -3.475468E-05  -3.259330E+02  3.496352E+01
-7.733332E-05  -3.895499E-05  -3.259205E+02  3.509716E+01
-7.184798E-05  -3.824994E-05  -3.259082E+02  3.522962E+01
-7.145717E-05  -3.612371E-05  -3.258957E+02  3.536241E+01
-8.157342E-05  -3.931726E-05  -3.258832E+02  3.549449E+01
-7.692865E-05  -3.857533E-05  -3.258708E+02  3.562451E+01
-8.088736E-05  -4.265609E-05  -3.258581E+02  3.575584E+01
-7.765446E-05  -3.880495E-05  -3.258454E+02  3.588667E+01
-7.768845E-05  -3.674058E-05  -3.258328E+02  3.601636E+01
-7.473746E-05  -3.532416E-05  -3.258201E+02  3.614498E+01
-7.392111E-05  -3.500012E-05  -3.258073E+02  3.627376E+01
-7.371171E-05  -3.308372E-05  -3.257945E+02  3.640201E+01
-7.196525E-05  -3.460664E-05  -3.257815E+02  3.653093E+01
-7.093992E-05  -3.595681E-05  -3.257687E+02  3.665835E+01
-6.619778E-05  -3.173459E-05  -3.257558E+02  3.678487E+01
-6.822710E-05  -3.272926E-05  -3.257427E+02  3.691180E+01
-7.315494E-05  -3.526605E-05  -3.257297E+02  3.703760E+01
-6.813361E-05  -3.464253E-05  -3.257166E+02  3.716292E+01
-6.277847E-05  -3.034537E-05  -3.257035E+02  3.728783E+01
-5.989466E-05  -2.870656E-05  -3.256901E+02  3.741390E+01
-5.500948E-05  -2.631886E-05  -3.256770E+02  3.753819E+01
-4.739767E-05  -2.394425E-05  -3.256637E+02  3.766236E+01
-5.193900E-05  -2.501952E-05  -3.256504E+02  3.778565E+01
-5.383733E-05  -2.468247E-05  -3.256371E+02  3.790796E+01
-5.522583E-05  -2.538073E-05  -3.256235E+02  3.803108E+01
-5.528869E-05  -2.397489E-05  -3.256101E+02  3.815347E+01
-5.712282E-05  -2.502801E-05  -3.255966E+02  3.827552E+01
-5.954524E-05  -2.762944E-05  -3.255831E+02  3.839646E+01
-6.464661E-05  -3.184619E-05  -3.255693E+02  3.851877E+01
-7.154427E-05  -3.534156E-05  -3.255557E+02  3.863949E+01
-8.225858E-05  -4.263532E-05  -3.255419E+02  3.876039E+01
-7.691971E-05  -3.980452E-05  -3.255283E+02  3.887967E+01
-7.092977E-05  -3.665502E-05  -3.255144E+02  3.899893E+01
-5.747820E-05  -3.195206E-05  -3.255006E+02  3.911824E+01
-6.031692E-05  -3.171879E-05  -3.254867E+02  3.923698E+01
-6.120026E-05  -3.050385E-05  -3.254727E+02  3.935570E+01
-6.894627E-05  -3.272858E-05  -3.254587E+02  3.947411E+01
-7.462520E-05  -3.384904E-05  -3.254448E+02  3.959123E+01
-8.681387E-05  -4.192942E-05  -3.254306E+02  3.970880E+01
-8.440679E-05  -4.352522E-05  -3.254164E+02  3.982652E+01
-8.365335E-05  -4.089949E-05  -3.254023E+02  3.994321E+01
-7.936521E-05  -3.634531E-05  -3.253880E+02  4.006015E+01
-7.035225E-05  -3.383586E-05  -3.253738E+02  4.017590E+01
-6.357918E-05  -2.858386E-05  -3.253593E+02  4.029275E+01
-7.048987E-05  -3.362340E-05  -3.253452E+02  4.040702E+01
-7.115582E-05  -3.594374E-05  -3.253305E+02  4.052320E+01
-7.382500E-05  -3.730975E-05  -3.253161E+02  4.063788E+01
-6.376722E-05  -3.420015E-05  -3.253016E+02  4.075224E+01
-4.851670E-05  -2.648884E-05  -3.252872E+02  4.086554E+01
-4.653163E-05  -2.407860E-05  -3.252725E+02  4.097952E+01
-4.561150E-05  -2.361068E-05  -3.252579E+02  4.109275E+01
-4.061616E-05  -2.232197E-05  -3.252432E+02  4.120601E+01
-4.556996E-05  -2.364318E-05  -3.252284E+02  4.131888E+01
-4.138806E-05  -2.025281E-05  -3.252136E+02  4.143147E+01
-2.365036E-05  -1.243547E-05  -3.251988E+02  4.154410E+01
-3.830752E-05  -1.975006E-05  -3.251839E+02  4.165629E+01
-4.437786E-05  -2.284366E-05  -3.251690E+02  4.176807E+01
-4.497036E-05  -2.443546E-05  -3.251540E+02  4.187940E+01
-4.928974E-05  -2.658189E-05  -3.251391E+02  4.198914E+01
-4.081963E-05  -2.379739E-05  -3.251240E+02  4.209985E+01
-4.918268E-05  -2.792867E-05  -3.251087E+02  4.221129E+01
-4.817588E-05  -2.606652E-05  -3.250939E+02  4.232019E+01
-3.137132E-05  -1.745308E-05  -3.250785E+02  4.243049E+01
-2.148077E-05  -1.151782E-05  -3.250632E+02  4.254090E+01
-1.082203E-05  -6.711263E-06  -3.250481E+02  4.264904E+01
-1.304356E-05  -8.130598E-06  -3.250327E+02  4.275809E+01
-8.385547E-06  -6.166278E-06  -3.250174E+02  4.286631E+01
-1.253419E-05  -7.906218E-06  -3.250019E+02  4.297504E+01
-1.049919E-05  -6.512926E-06  -3.249865E+02  4.308319E+01
-1.245388E-05  -7.768110E-06  -3.249712E+02  4.319002E+01
-1.113544E-05  -7.424211E-06  -3.249555E+02  4.329817E+01
-2.164816E-05  -1.296721E-05  -3.249401E+02  4.340439E+01
-1.373179E-05  -9.637862E-06  -3.249243E+02  4.351193E+01
-1.025179E-05  -7.800786E-06  -3.249087E+02  4.361830E+01
-6.419882E-06  -5.832864E-06  -3.248930E+02  4.372487E+01
5.300706E-06  -1.740640E-07  -3.248773E+02  4.383059E+01
-3.539640E-06  -4.498835E-06  -3.248615E+02  4.393647E+01
-1.513720E-05  -1.010588E-05  -3.248455E+02  4.404277E+01
-2.334353E-05  -1.415696E-05  -3.248295E+02  4.414893E+01
-1.976843E-05  -1.164596E-05  -3.248136E+02  4.425384E+01
-4.222732E-05  -2.353760E-05  -3.247976E+02  4.435878E+01
-4.377978E-05  -2.423536E-05  -3.247816E+02  4.446331E+01
-2.327523E-05  -1.386193E-05  -3.247655E+02  4.456783E+01
-2.474611E-05  -1.384866E-05  -3.247495E+02  4.467168E+01
-4.562408E-05  -2.496327E-05  -3.247332E+02  4.477589E+01
-2.714087E-05  -1.691047E-05  -3.247169E+02  4.488004E+01
-3.528221E-05  -1.994750E-05  -3.247006E+02  4.498405E+01
-3.920550E-05  -2.182094E-05  -3.246844E+02  4.508680E+01
-4.109759E-05  -2.105218E-05  -3.246680E+02  4.519006E+01
-3.635553E-05  -1.739240E-05  -3.246516E+02  4.529259E+01
-3.191751E-05  -1.613835E-05  -3.246352E+02  4.539515E+01
-3.856329E-05  -1.857404E-05  -3.246189E+02  4.549665E+01
-4.610966E-05  -2.237185E-05  -3.246023E+02  4.559896E+01
-3.108057E-05  -1.622853E-05  -3.245856E+02  4.570130E+01
-4.678294E-05  -2.380235E-05  -3.245690E+02  4.580296E+01
-3.667307E-05  -1.750460E-05  -3.245525E+02  4.590373E+01
-2.990675E-05  -1.306247E-05  -3.245359E+02  4.600393E+01
1.012630E-03  5.091879E-04  -3.245192E+02  4.610483E+01
1.034419E-03  5.201067E-04  -3.245024E+02  4.620590E+01
1.035283E-03  5.218784E-04  -3.244858E+02  4.630572E+01
1.013456E-03  5.062215E-04  -3.244690E+02  4.640544E+01
1.011841E-03  5.070220E-04  -3.244520E+02  4.650530E+01
1.030249E-03  5.201413E-04  -3.244351E+02  4.660529E+01
9.864012E-04  5.085394E-04  -3.244180E+02  4.670562E+01
9.752852E-04  4.854594E-04  -3.244011E+02  4.680439E+01
9.657905E-04  4.823008E-04  -3.243840E+02  4.690343E+01
9.374392E-04  4.917877E-04  -3.243667E+02  4.700358E+01
9.678543E-04  4.871158E-04  -3.243500E+02  4.710039E+01
9.856509E-04  5.014844E-04  -3.243327E+02  4.719883E+01
9.929136E-04  5.014874E-04  -3.243155E+02  4.729722E+01
9.939349E-04  4.983633E-04  -3.242982E+02  4.739543E+01
9.723545E-04  4.817182E-04  -3.242809E+02  4.749335E+01
9.507927E-04  4.834882E-04  -3.242637E+02  4.759034E+01
9.301011E-04  4.626355E-04  -3.242460E+02  4.768883E+01
9.441014E-04  4.713851E-04  -3.242287E+02  4.778605E+01
9.373390E-04  4.756061E-04  -3.242113E+02  4.788277E+01
9.354214E-04  4.646402E-04  -3.241937E+02  4.797984E+01
9.310064E-04  4.662413E-04  -3.241762E+02  4.807634E+01
9.555065E-04  4.762198E-04  -3.241585E+02  4.817304E+01
9.564818E-04  4.790279E-04  -3.241411E+02  4.826869E+01
9.471442E-04  4.779193E-04  -3.241233E+02  4.836528E+01
9.480685E-04  4.747719E-04  -3.241056E+02  4.846107E+01
9.466639E-04  4.667408E-04  -3.240878E+02  4.855707E+01
9.329281E-04  4.721015E-04  -3.240702E+02  4.865198E+01
9.427414E-04  4.735264E-04  -3.240524E+02  4.874664E+01
9.455969E-04  4.766195E-04  -3.240342E+02  4.884296E+01
9.575553E-04  4.801531E-04  -3.240166E+02  4.893703E+01
9.444124E-04  4.838219E-04  -3.239985E+02  4.903200E+01
9.605934E-04  4.788627E-04  -3.239808E+02  4.912564E+01
9.686833E-04  4.843924E-04  -3.239628E+02  4.921945E+01
9.577194E-04  4.839094E-04  -3.239445E+02  4.931460E+01
9.574505E-04  4.781708E-04  -3.239265E+02  4.940850E+01
9.657443E-04  4.839051E-04  -3.239082E+02  4.950313E+01
9.450019E-04  4.777563E-04  -3.238900E+02  4.959669E+01
9.514319E-04  4.794187E-04  -3.238717E+02  4.969015E+01
9.463448E-04  4.795620E-04  -3.238536E+02  4.978262E+01
9.617699E-04  4.861503E-04  -3.238353E+02  4.987586E+01
9.902657E-04  4.994264E-04  -3.238171E+02  4.996805E+01
9.835715E-04  4.995438E-04  -3.237986E+02  5.006118E+01
9.890291E-04  4.986328E-04  -3.237803E+02  5.015377E+01
1.008745E-03  5.144017E-04  -3.237619E+02  5.024581E+01
1.037449E-03  5.246090E-04  -3.237434E+02  5.033788E+01
1.023973E-03  5.217363E-04  -3.237251E+02  5.042911E+01
1.013331E-03  5.146002E-04  -3.237066E+02  5.052044E+01
1.031354E-03  5.212818E-04  -3.236880E+02  5.061208E+01
1.024474E-03  5.136812E-04  -3.236692E+02  5.070422E+01
9.892907E-04  4.997902E-04  -3.236509E+02  5.079426E+01
1.009041E-03  4.878225E-04  -3.236320E+02  5.088570E+01
9.713609E-04  4.904504E-04  -3.236135E+02  5.097576E+01
9.735756E-04  4.857664E-04  -3.235951E+02  5.106465E+01
9.371449E-04  4.761576E-04  -3.235764E+02  5.115465E+01
9.994624E-04  5.024709E-04  -3.235575E+02  5.124519E+01
9.988910E-04  5.076930E-04  -3.235385E+02  5.133620E+01
9.881865E-04  4.874064E-04  -3.235199E+02  5.142532E+01
1.033126E-03  5.148013E-04  -3.235008E+02  5.151571E+01
1.032596E-03  5.161184E-04  -3.234817E+02  5.160568E+01
1.014600E-03  5.080102E-04  -3.234627E+02  5.169510E+01
9.986631E-04  5.016768E-04  -3.234437E+02  5.178430E+01
1.009321E-03  5.059716E-04  -3.234249E+02  5.187269E+01
9.829676E-04  4.861305E-04  -3.234055E+02  5.196266E+01
1.022387E-03  5.117418E-04  -3.233864E+02  5.205154E+01
1.008185E-03  5.062965E-04  -3.233671E+02  5.214018E+01
1.017701E-03  5.136039E-04  -3.233481E+02  5.222788E+01
9.901903E-04  5.002400E-04  -3.233289E+02  5.231609E+01
1.009638E-03  5.082229E-04  -3.233097E+02  5.240404E+01
1.037332E-03  5.168285E-04  -3.232902E+02  5.249298E+01
1.027879E-03  5.158687E-04  -3.232709E+02  5.258099E+01
1.011409E-03  5.115589E-04  -3.232517E+02  5.266756E+01
1.030930E-03  5.161937E-04  -3.232321E+02  5.275536E+01
9.976854E-04  4.972120E-04  -3.232129E+02  5.284203E+01
1.023130E-03  5.115603E-04  -3.231932E+02  5.293018E+01
1.005451E-03  5.041247E-04  -3.231738E+02  5.301697E+01
9.753537E-04  4.884478E-04  -3.231544E+02  5.310325E+01
9.753565E-04  4.830998E-04  -3.231346E+02  5.319084E+01
9.531022E-04  4.755818E-04  -3.231151E+02  5.327757E+01
9.283336E-04  4.671002E-04  -3.230956E+02  5.336319E+01
9.608368E-04  4.845942E-04  -3.230761E+02  5.344830E+01
9.561532E-04  4.780912E-04  -3.230563E+02  5.353477E+01
9.569307E-04  4.797628E-04  -3.230368E+02  5.362019E+01
9.385243E-04  4.665676E-04  -3.230167E+02  5.370731E+01
9.691054E-04  4.853032E-04  -3.229969E+02  5.379308E+01
9.603380E-04  4.824162E-04  -3.229770E+02  5.387852E+01
9.515016E-04  4.705345E-04  -3.229571E+02  5.396419E+01
9.156258E-04  4.644267E-04  -3.229372E+02  5.404948E+01
9.220849E-04  4.661040E-04  -3.229173E+02  5.413443E+01
9.337260E-04  4.615122E-04  -3.228972E+02  5.421993E+01
8.800975E-04  4.452802E-04  -3.228774E+02  5.430415E+01
9.013535E-04  4.601643E-04  -3.228571E+02  5.438956E+01
8.803949E-04  4.412244E-04  -3.228375E+02  5.447252E+01
8.708941E-04  4.386677E-04  -3.228173E+02  5.455716E+01
8.388052E-04  4.202407E-04  -3.227971E+02  5.464181E+01
8.297380E-04  4.163881E-04  -3.227768E+02  5.472630E+01
8.147839E-04  4.137650E-04  -3.227565E+02  5.481053E+01
8.042704E-04  3.956869E-04  -3.227362E+02  5.489470E+01
7.660913E-04  3.963512E-04  -3.227159E+02  5.497871E+01
8.027260E-04  3.982378E-04  -3.226959E+02  5.506152E+01
8.143108E-04  4.102636E-04  -3.226756E+02  5.514474E+01
8.006273E-04  4.005527E-04  -3.226554E+02  5.522711E+01
8.192522E-04  4.074827E-04  -3.226350E+02  5.531052E+01
7.795323E-04  3.970774E-04  -3.226148E+02  5.539265E+01
7.907385E-04  3.972756E-04  -3.225943E+02  5.547580E+01
7.851763E-04  3.956890E-04  -3.225740E+02  5.555787E+01
7.585190E-04  3.835690E-04  -3.225535E+02  5.564028E+01
7.669258E-04  3.844796E-04  -3.225331E+02  5.572222E+01
7.466416E-04  3.765038E-04  -3.225125E+02  5.580486E+01
7.485361E-04  3.771142E-04  -3.224919E+02  5.588691E+01
7.060933E-04  3.476793E-04  -3.224711E+02  5.596962E+01
6.963684E-04  3.608597E-04  -3.224505E+02  5.605181E+01
7.004391E-04  3.465924E-04  -3.224296E+02  5.613417E+01
6.578555E-04  3.350945E-04  -3.224092E+02  5.621494E+01
6.564115E-04  3.177569E-04  -3.223881E+02  5.629721E+01
6.943076E-04  3.491172E-04  -3.223673E+02  5.637893E+01
6.651325E-04  3.311527E-04  -3.223466E+02  5.646010E+01
6.695289E-04  3.413610E-04  -3.223257E+02  5.654121E+01
7.312657E-04  3.647474E-04  -3.223047E+02  5.662264E+01
7.335594E-04  3.759989E-04  -3.222837E+02  5.670424E+01
7.627589E-04  3.710428E-04  -3.222631E+02  5.678401E+01
7.513321E-04  3.795809E-04  -3.222419E+02  5.686540E+01
7.274401E-04  3.742232E-04  -3.222208E+02  5.694652E+01
7.547368E-04  3.687253E-04  -3.221999E+02  5.702652E+01
7.138497E-04  3.653861E-04  -3.221788E+02  5.710660E+01
7.555942E-04  3.679203E-04  -3.221577E+02  5.718679E+01
7.160938E-04  3.642244E-04  -3.221366E+02  5.726701E+01
7.193986E-04  3.571409E-04  -3.221154E+02  5.734727E+01
7.379139E-04  3.762687E-04  -3.220946E+02  5.742620E+01
7.657662E-04  3.781870E-04  -3.220731E+02  5.750639E+01
7.239199E-04  3.661384E-04  -3.220520E+02  5.758578E+01
7.486294E-04  3.575609E-04  -3.220306E+02  5.766570E+01
6.945833E-04  3.490339E-04  -3.220094E+02  5.774498E+01
7.037888E-04  3.486203E-04  -3.219879E+02  5.782475E+01
6.593876E-04  3.395650E-04  -3.219663E+02  5.790447E+01
6.611786E-04  3.229490E-04  -3.219450E+02  5.798351E+01
6.339562E-04  3.264549E-04  -3.219239E+02  5.806128E+01
6.486622E-04  3.208516E-04  -3.219024E+02  5.814024E+01
6.120384E-04  3.178564E-04  -3.218809E+02  5.821906E+01
6.322184E-04  3.112566E-04  -3.218594E+02  5.829782E+01
6.086439E-04  3.166196E-04  -3.218379E+02  5.837640E+01
6.043361E-04  2.977634E-04  -3.218163E+02  5.845475E+01
6.094216E-04  3.123157E-04  -3.217945E+02  5.853358E+01
6.336664E-04  3.075505E-04  -3.217730E+02  5.861140E+01
6.126239E-04  3.138407E-04  -3.217513E+02  5.868958E+01
6.010111E-04  2.916957E-04  -3.217300E+02  5.876649E+01
6.015669E-04  3.078490E-04  -3.217083E+02  5.884395E+01
6.208988E-04  3.007139E-04  -3.216867E+02  5.892138E+01
6.122308E-04  3.118701E-04  -3.216646E+02  5.899984E+01
6.468200E-04  3.218696E-04  -3.216427E+02  5.907787E+01
6.245581E-04  3.293194E-04  -3.216208E+02  5.915562E+01
6.336188E-04  3.176383E-04  -3.215990E+02  5.923296E+01
6.152570E-04  3.149908E-04  -3.215771E+02  5.931007E+01
6.078599E-04  2.930550E-04  -3.215552E+02  5.938707E+01
6.101049E-04  3.095476E-04  -3.215336E+02  5.946280E+01
6.200811E-04  2.993806E-04  -3.215119E+02  5.953854E+01
5.784013E-04  2.952813E-04  -3.214899E+02  5.961518E+01
5.908238E-04  2.885008E-04  -3.214677E+02  5.969279E+01
5.619423E-04  2.905469E-04  -3.214453E+02  5.977056E+01
5.268723E-04  2.580376E-04  -3.214233E+02  5.984700E+01
4.962494E-04  2.576374E-04  -3.214012E+02  5.992318E+01
4.675121E-04  2.294251E-04  -3.213790E+02  5.999962E+01
4.742312E-04  2.447875E-04  -3.213569E+02  6.007574E+01
4.948939E-04  2.423096E-04  -3.213347E+02  6.015171E+01
4.502910E-04  2.332409E-04  -3.213127E+02  6.022687E+01
4.596190E-04  2.251055E-04  -3.212903E+02  6.030291E+01
4.341454E-04  2.246763E-04  -3.212683E+02  6.037805E+01
4.497168E-04  2.195440E-04  -3.212460E+02  6.045363E+01
4.169074E-04  2.146605E-04  -3.212237E+02  6.052902E+01
4.393762E-04  2.135973E-04  -3.212012E+02  6.060469E+01
4.756888E-04  2.434233E-04  -3.211787E+02  6.068079E+01
4.747933E-04  2.346126E-04  -3.211562E+02  6.075634E+01
4.619225E-04  2.390966E-04  -3.211332E+02  6.083310E+01
4.581075E-04  2.253439E-04  -3.211108E+02  6.090822E+01
4.570097E-04  2.376036E-04  -3.210880E+02  6.098386E+01
4.747904E-04  2.344505E-04  -3.210657E+02  6.105824E+01
4.986922E-04  2.558534E-04  -3.210432E+02  6.113278E+01
5.254800E-04  2.597554E-04  -3.210207E+02  6.120729E+01
4.764296E-04  2.455175E-04  -3.209984E+02  6.128083E+01
4.729055E-04  2.318730E-04  -3.209758E+02  6.135526E+01
4.336150E-04  2.253127E-04  -3.209530E+02  6.143006E+01
4.552343E-04  2.240218E-04  -3.209303E+02  6.150437E+01
4.242749E-04  2.203928E-04  -3.209080E+02  6.157749E+01
4.196795E-04  2.068806E-04  -3.208853E+02  6.165122E+01
4.019749E-04  2.099077E-04  -3.208625E+02  6.172545E+01
3.955064E-04  1.955722E-04  -3.208397E+02  6.179924E+01
4.040212E-04  2.087362E-04  -3.208167E+02  6.187360E+01
4.381087E-04  2.187155E-04  -3.207934E+02  6.194856E+01
4.361227E-04  2.286570E-04  -3.207705E+02  6.202267E+01
4.399486E-04  2.183293E-04  -3.207477E+02  6.209606E+01
4.437099E-04  2.247955E-04  -3.207247E+02  6.216949E+01
4.446866E-04  2.148926E-04  -3.207019E+02  6.224269E+01
4.282197E-04  2.182304E-04  -3.206792E+02  6.231509E+01
4.332629E-04  2.101771E-04  -3.206561E+02  6.238848E+01
4.126070E-04  2.116832E-04  -3.206329E+02  6.246193E+01
4.431887E-04  2.150051E-04  -3.206101E+02  6.253431E+01
4.361539E-04  2.238873E-04  -3.205872E+02  6.260649E+01
4.574043E-04  2.217101E-04  -3.205643E+02  6.267884E+01
4.123899E-04  2.129138E-04  -3.205410E+02  6.275200E+01
4.530182E-04  2.217018E-04  -3.205179E+02  6.282450E+01
4.253408E-04  2.205249E-04  -3.204944E+02  6.289780E+01
4.180493E-04  2.057153E-04  -3.204715E+02  6.296976E+01
4.018306E-04  2.067589E-04  -3.204479E+02  6.304304E+01
4.222157E-04  2.057286E-04  -3.204247E+02  6.311515E+01
4.137663E-04  2.137592E-04  -3.204013E+02  6.318755E+01
4.313166E-04  2.110591E-04  -3.203781E+02  6.325956E+01
4.007357E-04  2.067479E-04  -3.203551E+02  6.333045E+01
4.384764E-04  2.132456E-04  -3.203317E+02  6.340235E+01
3.895914E-04  2.007267E-04  -3.203086E+02  6.347337E+01
3.941305E-04  1.933071E-04  -3.202851E+02  6.354541E+01
3.880604E-04  2.010789E-04  -3.202618E+02  6.361700E+01
3.775511E-04  1.850434E-04  -3.202388E+02  6.368721E+01
3.514845E-04  1.838215E-04  -3.202151E+02  6.375911E+01
3.559016E-04  1.768833E-04  -3.201913E+02  6.383129E+01
3.704204E-04  1.935518E-04  -3.201676E+02  6.390318E+01
3.709720E-04  1.837896E-04  -3.201443E+02  6.397368E+01
3.378819E-04  1.775662E-04  -3.201212E+02  6.404359E+01
3.441119E-04  1.711148E-04  -3.200976E+02  6.411443E+01
3.542055E-04  1.840268E-04  -3.200743E+02  6.418460E+01
3.666965E-04  1.798169E-04  -3.200507E+02  6.425526E+01
3.796056E-04  1.965028E-04  -3.200266E+02  6.432725E+01
3.710113E-04  1.835395E-04  -3.200031E+02  6.439781E+01
3.718176E-04  1.939008E-04  -3.199793E+02  6.446851E+01
3.897203E-04  1.925577E-04  -3.199557E+02  6.453891E+01
3.435480E-04  1.763385E-04  -3.199318E+02  6.460975E+01
3.837812E-04  1.863977E-04  -3.199078E+02  6.468044E+01
3.456586E-04  1.771532E-04  -3.198842E+02  6.475038E+01
2.851939E-04  1.405329E-04  -3.198605E+02  6.482003E+01
3.211761E-04  1.659787E-04  -3.198366E+02  6.489005E+01
3.066835E-04  1.498030E-04  -3.198129E+02  6.495994E+01
2.666455E-04  1.385171E-04  -3.197892E+02  6.502903E+01
3.010401E-04  1.477480E-04  -3.197654E+02  6.509857E+01
3.068930E-04  1.596234E-04  -3.197416E+02  6.516821E+01
3.201211E-04  1.576304E-04  -3.197176E+02  6.523784E+01
3.136582E-04  1.608158E-04  -3.196940E+02  6.530655E+01
3.255147E-04  1.580320E-04  -3.196705E+02  6.537450E+01
3.258433E-04  1.670229E-04  -3.196461E+02  6.544480E+01
3.062317E-04  1.488438E-04  -3.196225E+02  6.551317E+01
3.057032E-04  1.576046E-04  -3.195989E+02  6.558122E+01
3.395684E-04  1.656344E-04  -3.195744E+02  6.565142E+01
3.388419E-04  1.738007E-04  -3.195502E+02  6.572095E+01
3.597229E-04  1.750029E-04  -3.195264E+02  6.578901E+01
3.671807E-04  1.895861E-04  -3.195026E+02  6.585692E+01
4.022643E-04  1.972038E-04  -3.194789E+02  6.592454E+01
3.818846E-04  1.979484E-04  -3.194544E+02  6.599398E+01
3.755395E-04  1.859604E-04  -3.194302E+02  6.606276E+01
3.893222E-04  2.033869E-04  -3.194058E+02  6.613167E+01
4.174023E-04  2.064080E-04  -3.193815E+02  6.620053E+01
4.019941E-04  2.083682E-04  -3.193570E+02  6.626933E+01
4.255795E-04  2.096995E-04  -3.193328E+02  6.633747E+01
4.165427E-04  2.166962E-04  -3.193081E+02  6.640672E+01
4.586543E-04  2.261221E-04  -3.192839E+02  6.647489E+01
4.378951E-04  2.281849E-04  -3.192599E+02  6.654203E+01
4.446621E-04  2.176887E-04  -3.192353E+02  6.661029E+01
4.405572E-04  2.275328E-04  -3.192116E+02  6.667683E+01
4.104036E-04  2.002850E-04  -3.191868E+02  6.674532E+01
4.121303E-04  2.120623E-04  -3.191627E+02  6.681237E+01
4.420589E-04  2.149814E-04  -3.191383E+02  6.687972E+01
4.197450E-04  2.171555E-04  -3.191136E+02  6.694812E+01
4.324267E-04  2.119151E-04  -3.190890E+02  6.701606E+01
3.763949E-04  1.927989E-04  -3.190644E+02  6.708378E+01
3.960110E-04  1.924395E-04  -3.190398E+02  6.715129E+01
3.843744E-04  1.961747E-04  -3.190157E+02  6.721762E+01
3.538894E-04  1.717199E-04  -3.189914E+02  6.728380E+01
3.116605E-04  1.582100E-04  -3.189670E+02  6.735048E+01
3.403071E-04  1.654780E-04  -3.189428E+02  6.741648E+01
3.493236E-04  1.795470E-04  -3.189183E+02  6.748314E+01
3.623563E-04  1.757919E-04  -3.188938E+02  6.754977E+01
3.333602E-04  1.712580E-04  -3.188691E+02  6.761690E+01
3.191703E-04  1.537330E-04  -3.188443E+02  6.768367E+01
2.983898E-04  1.518794E-04  -3.188194E+02  6.775097E+01
2.723589E-04  1.309335E-04  -3.187945E+02  6.781792E+01
2.506383E-04  1.263383E-04  -3.187698E+02  6.788426E+01
2.212675E-04  1.043515E-04  -3.187451E+02  6.795060E+01
1.876521E-04  9.345234E-05  -3.187199E+02  6.801830E+01
2.070253E-04  1.098686E-04  -3.186951E+02  6.808457E+01
2.257372E-04  1.128428E-04  -3.186704E+02  6.815052E+01
2.591012E-04  1.230140E-04  -3.186456E+02  6.821651E+01
2.260392E-04  1.136443E-04  -3.186206E+02  6.828297E+01
2.093349E-04  9.877066E-05  -3.185955E+02  6.834954E+01
1.976965E-04  9.895345E-05  -3.185704E+02  6.841623E+01
2.180188E-04  1.035515E-04  -3.185454E+02  6.848238E+01
1.989962E-04  1.005919E-04  -3.185204E+02  6.854811E+01
1.819875E-04  8.585838E-05  -3.184953E+02  6.861429E+01
1.783136E-04  8.900716E-05  -3.184704E+02  6.867977E+01
1.748836E-04  8.345937E-05  -3.184455E+02  6.874502E+01
1.802826E-04  9.085339E-05  -3.184205E+02  6.881050E+01
1.763969E-04  8.375105E-05  -3.183953E+02  6.887620E+01
1.586133E-04  7.980373E-05  -3.183698E+02  6.894280E+01
1.627366E-04  7.750223E-05  -3.183450E+02  6.900755E+01
1.349671E-04  6.834813E-05  -3.183198E+02  6.907268E+01
1.377218E-04  6.613059E-05  -3.182948E+02  6.913775E+01
1.780155E-04  8.237518E-05  -3.182691E+02  6.920425E+01
1.438197E-04  6.990929E-05  -3.182437E+02  6.927016E+01
1.758621E-04  8.971168E-05  -3.182181E+02  6.933595E+01
2.091385E-04  1.015051E-04  -3.181928E+02  6.940104E+01
1.876619E-04  9.577826E-05  -3.181676E+02  6.946606E+01
1.873631E-04  1.004632E-04  -3.181425E+02  6.953057E+01
2.037452E-04  1.032305E-04  -3.181166E+02  6.959669E+01
2.299428E-04  1.111098E-04  -3.180917E+02  6.966062E+01
2.185510E-04  1.123148E-04  -3.180666E+02  6.972458E+01
2.279042E-04  1.108114E-04  -3.180415E+02  6.978862E+01
2.001285E-04  1.034006E-04  -3.180159E+02  6.985348E+01
2.150576E-04  1.048455E-04  -3.179897E+02  6.991984E+01
2.334806E-04  1.194442E-04  -3.179647E+02  6.998366E+01
2.245062E-04  1.083185E-04  -3.179394E+02  7.004753E+01
2.442308E-04  1.258349E-04  -3.179140E+02  7.011167E+01
2.639277E-04  1.290455E-04  -3.178884E+02  7.017596E+01
2.630507E-04  1.355890E-04  -3.178625E+02  7.024124E+01
2.792648E-04  1.357937E-04  -3.178371E+02  7.030518E+01
3.027268E-04  1.560197E-04  -3.178115E+02  7.036924E+01
3.382102E-04  1.650732E-04  -3.177857E+02  7.043390E+01
3.126973E-04  1.615161E-04  -3.177602E+02  7.049760E+01
3.124959E-04  1.528604E-04  -3.177344E+02  7.056175E+01
3.474675E-04  1.775092E-04  -3.177085E+02  7.062639E+01
3.919779E-04  1.889470E-04  -3.176830E+02  7.068987E+01
3.607088E-04  1.853580E-04  -3.176572E+02  7.075367E+01
3.755519E-04  1.828528E-04  -3.176320E+02  7.081622E+01
3.969674E-04  2.049662E-04  -3.176060E+02  7.088031E+01
3.836056E-04  1.883134E-04  -3.175803E+02  7.094389E+01
3.277748E-04  1.670270E-04  -3.175549E+02  7.100669E+01
3.633278E-04  1.752026E-04  -3.175292E+02  7.106961E+01
3.437468E-04  1.754254E-04  -3.175036E+02  7.113255E+01
3.491170E-04  1.693596E-04  -3.174781E+02  7.119508E+01
3.165998E-04  1.629678E-04  -3.174524E+02  7.125788E+01
3.063172E-04  1.482544E-04  -3.174267E+02  7.132069E+01
2.852367E-04  1.465278E-04  -3.174008E+02  7.138378E+01
2.909900E-04  1.410744E-04  -3.173751E+02  7.144650E+01
2.791569E-04  1.436216E-04  -3.173492E+02  7.150955E+01
2.867196E-04  1.391749E-04  -3.173230E+02  7.157304E+01
2.428755E-04  1.252837E-04  -3.172972E+02  7.163578E+01
2.419977E-04  1.194317E-04  -3.172713E+02  7.169845E+01
2.627649E-04  1.374026E-04  -3.172455E+02  7.176052E+01
2.559692E-04  1.262312E-04  -3.172192E+02  7.182387E+01
2.114920E-04  1.111218E-04  -3.171934E+02  7.188596E+01
2.058880E-04  1.018346E-04  -3.171675E+02  7.194827E+01
1.826807E-04  9.588813E-05  -3.171414E+02  7.201090E+01
2.029787E-04  1.008377E-04  -3.171153E+02  7.207335E+01
1.973115E-04  1.037290E-04  -3.170893E+02  7.213559E+01
1.964344E-04  9.766895E-05  -3.170630E+02  7.219826E+01
1.518484E-04  8.078651E-05  -3.170369E+02  7.226046E+01
1.892444E-04  9.509385E-05  -3.170106E+02  7.232300E+01
2.207758E-04  1.054784E-04  -3.169844E+02  7.238532E+01
2.283856E-04  1.157154E-04  -3.169582E+02  7.244732E+01
1.895538E-04  8.973405E-05  -3.169319E+02  7.250942E+01
1.786893E-04  8.942559E-05  -3.169061E+02  7.257065E+01
2.155039E-04  1.022680E-04  -3.168798E+02  7.263249E+01
2.439212E-04  1.221864E-04  -3.168534E+02  7.269491E+01
2.551726E-04  1.213012E-04  -3.168274E+02  7.275606E+01
1.981792E-04  1.006338E-04  -3.168012E+02  7.281748E+01
1.976042E-04  9.511288E-05  -3.167752E+02  7.287850E+01
2.060665E-04  1.050942E-04  -3.167493E+02  7.293913E+01
2.106933E-04  1.013946E-04  -3.167230E+02  7.300065E+01
1.858545E-04  9.419413E-05  -3.166969E+02  7.306148E+01
2.090010E-04  1.002802E-04  -3.166706E+02  7.312260E+01
2.497397E-04  1.263450E-04  -3.166441E+02  7.318432E+01
2.448163E-04  1.171124E-04  -3.166173E+02  7.324656E+01
2.318500E-04  1.178974E-04  -3.165907E+02  7.330818E+01
2.346376E-04  1.121880E-04  -3.165644E+02  7.336903E+01
2.181210E-04  1.104703E-04  -3.165380E+02  7.343001E+01
2.140958E-04  1.146296E-04  -3.165117E+02  7.349068E+01
1.972860E-04  9.975359E-05  -3.164856E+02  7.355085E+01
1.836392E-04  9.290291E-05  -3.164594E+02  7.361107E+01
1.726214E-04  8.174553E-05  -3.164331E+02  7.367138E+01
1.801191E-04  9.036211E-05  -3.164065E+02  7.373236E+01
1.601821E-04  8.569343E-05  -3.163799E+02  7.379336E+01
1.339366E-04  6.821106E-05  -3.163532E+02  7.385436E+01
1.412409E-04  6.792449E-05  -3.163268E+02  7.391471E+01
1.077293E-04  5.515021E-05  -3.163004E+02  7.397461E+01
5.720998E-05  2.712456E-05  -3.162737E+02  7.403528E+01
1.139740E-04  5.341903E-05  -3.162472E+02  7.409572E+01
1.156892E-04  5.714284E-05  -3.162204E+02  7.415635E+01
1.057794E-04  5.539096E-05  -3.161936E+02  7.421703E+01
7.773802E-05  3.841432E-05  -3.161668E+02  7.427785E+01
8.405109E-05  3.939350E-05  -3.161398E+02  7.433862E+01
5.780140E-05  2.638793E-05  -3.161134E+02  7.439822E+01
4.314377E-05  1.909345E-05  -3.160870E+02  7.445776E+01
3.960297E-05  1.641227E-05  -3.160604E+02  7.451755E+01
3.031707E-05  1.096917E-05  -3.160334E+02  7.457789E+01
1.127998E-05  9.441072E-07  -3.160070E+02  7.463732E+01
1.309517E-05  1.615252E-06  -3.159805E+02  7.469652E+01
-8.871311E-04  -4.403421E-04  -3.159534E+02  7.475689E+01
-8.991084E-04  -4.489874E-04  -3.159269E+02  7.481622E+01
-8.578610E-04  -4.303354E-04  -3.158995E+02  7.487686E+01
-8.589121E-04  -4.235719E-04  -3.158730E+02  7.493605E+01
-8.752232E-04  -4.408128E-04  -3.158467E+02  7.499449E+01
-9.016481E-04  -4.524727E-04  -3.158199E+02  7.505384E+01
-8.941203E-04  -4.472961E-04  -3.157931E+02  7.511302E+01
-8.913538E-04  -4.419257E-04  -3.157658E+02  7.517329E+01
-8.793860E-04  -4.419914E-04  -3.157388E+02  7.523292E+01
-8.621972E-04  -4.317821E-04  -3.157115E+02  7.529314E+01
-8.606075E-04  -4.225572E-04  -3.156846E+02  7.535242E+01
-8.407497E-04  -4.234368E-04  -3.156569E+02  7.541312E+01
-8.549223E-04  -4.248592E-04  -3.156290E+02  7.547432E+01
-8.478965E-04  -4.253300E-04  -3.156019E+02  7.553395E+01
-8.193154E-04  -4.047871E-04  -3.155744E+02  7.559386E+01
-7.945936E-04  -4.013351E-04  -3.155474E+02  7.565307E+01
-7.630772E-04  -3.757640E-04  -3.155199E+02  7.571274E+01
-7.669250E-04  -3.856736E-04  -3.154928E+02  7.577195E+01
-7.858196E-04  -3.912318E-04  -3.154658E+02  7.583063E+01
-7.658527E-04  -3.852038E-04  -3.154386E+02  7.588958E+01
-7.376771E-04  -3.678450E-04  -3.154115E+02  7.594833E+01
-7.025168E-04  -3.483473E-04  -3.153847E+02  7.600648E+01
-7.093762E-04  -3.607091E-04  -3.153582E+02  7.606369E+01
-7.398048E-04  -3.687861E-04  -3.153306E+02  7.612328E+01
-7.298313E-04  -3.649943E-04  -3.153035E+02  7.618173E+01
-6.972443E-04  -3.555995E-04  -3.152760E+02  7.624072E+01
-7.622200E-04  -3.685896E-04  -3.152492E+02  7.629855E+01
-7.560696E-04  -3.778487E-04  -3.152217E+02  7.635732E+01
-7.564689E-04  -3.769001E-04  -3.151949E+02  7.641510E+01
-6.894091E-04  -3.492108E-04  -3.151674E+02  7.647378E+01
-6.741878E-04  -3.445228E-04  -3.151400E+02  7.653241E+01
-6.661218E-04  -3.256259E-04  -3.151124E+02  7.659118E+01
-5.960692E-04  -3.041271E-04  -3.150848E+02  7.665002E+01
-6.383897E-04  -3.126933E-04  -3.150571E+02  7.670892E+01
-5.997863E-04  -3.093004E-04  -3.150298E+02  7.676707E+01
-6.026729E-04  -2.928754E-04  -3.150028E+02  7.682442E+01
-5.545069E-04  -2.850872E-04  -3.149751E+02  7.688289E+01
-5.692618E-04  -2.794821E-04  -3.149477E+02  7.694091E+01
-5.570570E-04  -2.840290E-04  -3.149209E+02  7.699765E+01
-5.578478E-04  -2.728584E-04  -3.148933E+02  7.705567E+01
-5.323969E-04  -2.755185E-04  -3.148664E+02  7.711257E+01
-5.100181E-04  -2.514969E-04  -3.148387E+02  7.717072E+01
-5.103560E-04  -2.509596E-04  -3.148115E+02  7.722802E+01
-5.075301E-04  -2.661340E-04  -3.147837E+02  7.728627E+01
-5.420743E-04  -2.693141E-04  -3.147565E+02  7.734331E+01
-5.353509E-04  -2.709043E-04  -3.147288E+02  7.740098E+01
-5.398178E-04  -2.560875E-04  -3.147017E+02  7.745770E+01
-5.291173E-04  -2.668798E-04  -3.146744E+02  7.751471E+01
-5.336035E-04  -2.595690E-04  -3.146465E+02  7.757292E+01
-5.145973E-04  -2.651281E-04  -3.146191E+02  7.763014E+01
-5.207148E-04  -2.546292E-04  -3.145911E+02  7.768805E+01
-4.891112E-04  -2.502839E-04  -3.145635E+02  7.774550E+01
-5.434316E-04  -2.620335E-04  -3.145357E+02  7.780298E+01
-4.848911E-04  -2.499071E-04  -3.145075E+02  7.786132E+01
-4.716564E-04  -2.297989E-04  -3.144799E+02  7.791847E+01
-4.166621E-04  -2.135164E-04  -3.144521E+02  7.797566E+01
-4.539669E-04  -2.198324E-04  -3.144244E+02  7.803275E+01
-4.070935E-04  -2.088257E-04  -3.143967E+02  7.808988E+01
-3.865352E-04  -1.874716E-04  -3.143684E+02  7.814809E+01
-3.795330E-04  -1.927148E-04  -3.143408E+02  7.820472E+01
-4.337265E-04  -2.085951E-04  -3.143132E+02  7.826128E+01
-4.746392E-04  -2.406477E-04  -3.142854E+02  7.831826E+01
-4.944757E-04  -2.408942E-04  -3.142575E+02  7.837518E+01
-4.830665E-04  -2.476272E-04  -3.142296E+02  7.843201E+01
-4.943920E-04  -2.396569E-04  -3.142020E+02  7.848840E+01
-5.105805E-04  -2.620680E-04  -3.141742E+02  7.854494E+01
-5.219257E-04  -2.554677E-04  -3.141460E+02  7.860225E+01
-5.169885E-04  -2.663303E-04  -3.141185E+02  7.865824E+01
-5.247152E-04  -2.577731E-04  -3.140908E+02  7.871437E+01
-4.932946E-04  -2.562671E-04  -3.140632E+02  7.877039E+01
-4.902237E-04  -2.430264E-04  -3.140349E+02  7.882743E+01
-4.490154E-04  -2.360464E-04  -3.140072E+02  7.888352E+01
-4.719371E-04  -2.352773E-04  -3.139795E+02  7.893941E+01
-4.485469E-04  -2.374257E-04  -3.139516E+02  7.899568E+01
-4.238360E-04  -2.111275E-04  -3.139231E+02  7.905279E+01
-3.833166E-04  -1.998120E-04  -3.138951E+02  7.910919E+01
-3.501763E-04  -1.727036E-04  -3.138671E+02  7.916547E+01
-3.526417E-04  -1.847146E-04  -3.138394E+02  7.922103E+01
-3.293166E-04  -1.588826E-04  -3.138107E+02  7.927811E+01
-3.186039E-04  -1.619722E-04  -3.137825E+02  7.933470E+01
-3.348681E-04  -1.611878E-04  -3.137542E+02  7.939107E+01
-2.756270E-04  -1.410997E-04  -3.137261E+02  7.944709E+01
-3.074317E-04  -1.490729E-04  -3.136985E+02  7.950221E+01
-3.188788E-04  -1.641350E-04  -3.136709E+02  7.955695E+01
-2.860628E-04  -1.379324E-04  -3.136427E+02  7.961293E+01
-2.611327E-04  -1.330194E-04  -3.136145E+02  7.966888E+01
-2.458087E-04  -1.177709E-04  -3.135865E+02  7.972432E+01
-1.963385E-04  -1.001736E-04  -3.135587E+02  7.977929E+01
-2.033137E-04  -9.880796E-05  -3.135307E+02  7.983448E+01
-2.063149E-04  -1.063196E-04  -3.135025E+02  7.989020E+01
-1.948605E-04  -9.498790E-05  -3.134742E+02  7.994600E+01
-1.929810E-04  -9.742391E-05  -3.134456E+02  8.000234E+01
-2.032510E-04  -1.079086E-04  -3.134177E+02  8.005714E+01
-2.097585E-04  -1.040287E-04  -3.133896E+02  8.011226E+01
-2.645978E-04  -1.252505E-04  -3.133617E+02  8.016707E+01
-2.292028E-04  -1.140232E-04  -3.133337E+02  8.022183E+01
-2.425906E-04  -1.274729E-04  -3.133053E+02  8.027738E+01
-2.439719E-04  -1.213286E-04  -3.132771E+02  8.033246E+01
-2.463285E-04  -1.295908E-04  -3.132491E+02  8.038709E+01
-2.668648E-04  -1.300150E-04  -3.132205E+02  8.044267E+01
-2.418146E-04  -1.244077E-04  -3.131923E+02  8.049769E+01
-2.495327E-04  -1.189617E-04  -3.131637E+02  8.055323E+01
-2.047974E-04  -1.037113E-04  -3.131355E+02  8.060796E+01
-2.130750E-04  -1.025515E-04  -3.131077E+02  8.066192E+01
-1.940538E-04  -9.903069E-05  -3.130788E+02  8.071779E+01
-1.923468E-04  -1.041125E-04  -3.130504E+02  8.077281E+01
-1.987939E-04  -1.009767E-04  -3.130217E+02  8.082802E+01
-2.208855E-04  -1.060041E-04  -3.129934E+02  8.088266E+01
-2.448620E-04  -1.256093E-04  -3.129647E+02  8.093801E+01
-2.419490E-04  -1.169225E-04  -3.129362E+02  8.099293E+01
-2.200859E-04  -1.125246E-04  -3.129074E+02  8.104804E+01
-2.510984E-04  -1.216368E-04  -3.128791E+02  8.110263E+01
-2.067909E-04  -1.073155E-04  -3.128505E+02  8.115743E+01
-2.320458E-04  -1.138931E-04  -3.128216E+02  8.121243E+01
-2.378600E-04  -1.232563E-04  -3.127932E+02  8.126682E+01
-2.256995E-04  -1.105782E-04  -3.127650E+02  8.132083E+01
-2.330186E-04  -1.211581E-04  -3.127359E+02  8.137629E+01
-1.883861E-04  -9.234839E-05  -3.127074E+02  8.143069E+01
-1.813621E-04  -9.521695E-05  -3.126784E+02  8.148553E+01
-1.902118E-04  -9.393143E-05  -3.126498E+02  8.154004E+01
-1.658228E-04  -8.220672E-05  -3.126212E+02  8.159423E+01
-1.405474E-04  -7.428612E-05  -3.125932E+02  8.164753E+01
-1.200898E-04  -5.978377E-05  -3.125639E+02  8.170276E+01
-1.232257E-04  -6.451122E-05  -3.125351E+02  8.175735E+01
-1.412504E-04  -6.931177E-05  -3.125065E+02  8.181129E+01
-1.116404E-04  -5.838732E-05  -3.124780E+02  8.186517E+01
-1.118911E-04  -5.873445E-05  -3.124495E+02  8.191883E+01
-7.482729E-05  -3.641347E-05  -3.124205E+02  8.197334E+01
-5.991499E-05  -3.112615E-05  -3.123915E+02  8.202787E+01
-2.176074E-05  -1.099366E-05  -3.123627E+02  8.208196E+01
-9.428903E-06  -4.783891E-06  -3.123341E+02  8.213561E+01
-4.182347E-05  -2.079647E-05  -3.123056E+02  8.218889E+01
-2.548475E-06  -3.064443E-06  -3.122770E+02  8.224236E+01
1.969647E-05  7.650794E-06  -3.122477E+02  8.229710E+01
4.014055E-05  1.737421E-05  -3.122188E+02  8.235117E+01
-4.449334E-06  -4.706654E-06  -3.121902E+02  8.240446E+01
1.569557E-05  5.646716E-06  -3.121610E+02  8.245862E+01
1.677402E-05  6.057990E-06  -3.121324E+02  8.251206E+01
-1.157388E-05  -7.664225E-06  -3.121038E+02  8.256516E+01
-8.905278E-04  -4.461353E-04  -3.120752E+02  8.261803E+01
-8.055134E-04  -4.016812E-04  -3.120472E+02  8.267006E+01
-7.911319E-04  -3.925741E-04  -3.120184E+02  8.272333E+01
-7.603747E-04  -3.797658E-04  -3.119900E+02  8.277590E+01
-7.189813E-04  -3.652869E-04  -3.119609E+02  8.282950E+01
-6.955714E-04  -3.451085E-04  -3.119323E+02  8.288241E+01
-7.086533E-04  -3.551360E-04  -3.119035E+02  8.293536E+01
-7.707288E-04  -3.836391E-04  -3.118743E+02  8.298892E+01
-7.194161E-04  -3.617939E-04  -3.118451E+02  8.304275E+01
-6.971806E-04  -3.404307E-04  -3.118160E+02  8.309619E+01
-6.831751E-04  -3.518977E-04  -3.117870E+02  8.314946E+01
-6.677269E-04  -3.207816E-04  -3.117575E+02  8.320335E+01
-6.577040E-04  -3.327219E-04  -3.117289E+02  8.325572E+01
-6.368477E-04  -3.067953E-04  -3.116998E+02  8.330871E+01
-6.258154E-04  -3.151669E-04  -3.116704E+02  8.336246E+01
-6.297846E-04  -3.037563E-04  -3.116418E+02  8.341473E+01
-6.069717E-04  -3.081132E-04  -3.116127E+02  8.346756E+01
-6.033457E-04  -2.978836E-04  -3.115836E+02  8.352058E+01
-5.956709E-04  -3.079084E-04  -3.115544E+02  8.357366E+01
-5.999312E-04  -2.960516E-04  -3.115251E+02  8.362676E+01
-5.661261E-04  -2.892442E-04  -3.114959E+02  8.367968E+01
-5.543586E-04  -2.688993E-04  -3.114674E+02  8.373144E+01
-5.947972E-04  -3.025041E-04  -3.114378E+02  8.378468E+01
-5.730717E-04  -2.847670E-04  -3.114089E+02  8.383712E+01
-5.674304E-04  -2.868462E-04  -3.113800E+02  8.388922E+01
-5.266761E-04  -2.596238E-04  -3.113509E+02  8.394150E+01
-5.174590E-04  -2.675241E-04  -3.113215E+02  8.399443E+01
-5.241981E-04  -2.544802E-04  -3.112924E+02  8.404698E+01
-5.140141E-04  -2.624438E-04  -3.112630E+02  8.409970E+01
-4.942011E-04  -2.452272E-04  -3.112332E+02  8.415314E+01
-4.788733E-04  -2.498316E-04  -3.112044E+02  8.420493E+01
-5.000576E-04  -2.402639E-04  -3.111749E+02  8.425739E+01
-4.519185E-04  -2.296315E-04  -3.111459E+02  8.430942E+01
-4.657263E-04  -2.291029E-04  -3.111168E+02  8.436128E+01
-4.727660E-04  -2.412141E-04  -3.110873E+02  8.441398E+01
-5.198153E-04  -2.505359E-04  -3.110579E+02  8.446645E+01
-4.980121E-04  -2.572831E-04  -3.110285E+02  8.451871E+01
-5.353389E-04  -2.601575E-04  -3.109993E+02  8.457069E+01
-4.912869E-04  -2.525933E-04  -3.109698E+02  8.462304E+01
-4.725479E-04  -2.317472E-04  -3.109407E+02  8.467471E+01
-5.053147E-04  -2.599501E-04  -3.109113E+02  8.472672E+01
-5.322457E-04  -2.573300E-04  -3.108820E+02  8.477862E+01
-5.092876E-04  -2.506293E-04  -3.108523E+02  8.483113E+01
-4.729037E-04  -2.474486E-04  -3.108232E+02  8.488254E+01
-4.755755E-04  -2.306962E-04  -3.107940E+02  8.493403E+01
-4.207140E-04  -2.164228E-04  -3.107642E+02  8.498653E+01
-4.138740E-04  -2.012980E-04  -3.107347E+02  8.503846E+01
-3.383910E-04  -1.753213E-04  -3.107053E+02  8.509018E+01
-2.980408E-04  -1.436962E-04  -3.106757E+02  8.514218E+01
-3.217709E-04  -1.654315E-04  -3.106458E+02  8.519469E+01
-3.073133E-04  -1.489376E-04  -3.106163E+02  8.524642E+01
-2.611991E-04  -1.354423E-04  -3.105869E+02  8.529785E+01
-2.485123E-04  -1.203312E-04  -3.105577E+02  8.534897E+01
-2.217575E-04  -1.138309E-04  -3.105286E+02  8.539971E+01
-2.154795E-04  -1.018868E-04  -3.104994E+02  8.545054E+01
-2.133006E-04  -1.094770E-04  -3.104698E+02  8.550220E+01
-2.282994E-04  -1.109214E-04  -3.104404E+02  8.555353E+01
-2.300378E-04  -1.199639E-04  -3.104105E+02  8.560540E+01
-2.402209E-04  -1.174620E-04  -3.103810E+02  8.565674E+01
-2.506269E-04  -1.273604E-04  -3.103510E+02  8.570882E+01
-1.997050E-04  -9.557269E-05  -3.103214E+02  8.576023E+01
-2.035104E-04  -1.041249E-04  -3.102918E+02  8.581146E+01
-2.121033E-04  -1.041104E-04  -3.102617E+02  8.586333E+01
-1.776713E-04  -9.294782E-05  -3.102323E+02  8.591421E+01
-1.567207E-04  -7.597789E-05  -3.102031E+02  8.596473E+01
-1.378015E-04  -7.301049E-05  -3.101733E+02  8.601594E+01
-1.602844E-04  -8.052820E-05  -3.101439E+02  8.606679E+01
-1.779153E-04  -8.401396E-05  -3.101147E+02  8.611702E+01
-1.667656E-04  -8.415142E-05  -3.100846E+02  8.616861E+01
-1.927657E-04  -9.092376E-05  -3.100547E+02  8.622000E+01
-1.698974E-04  -8.532251E-05  -3.100246E+02  8.627162E+01
-1.556600E-04  -8.294230E-05  -3.099948E+02  8.632278E+01
-1.437705E-04  -7.252018E-05  -3.099649E+02  8.637383E+01
-1.170130E-04  -5.464544E-05  -3.099352E+02  8.642466E+01
-1.497990E-04  -6.758575E-05  -3.099058E+02  8.647495E+01
-1.189655E-04  -5.845816E-05  -3.098760E+02  8.652567E+01
-1.300463E-04  -6.799271E-05  -3.098464E+02  8.657620E+01
-1.308840E-04  -6.456987E-05  -3.098169E+02  8.662641E+01
-1.618134E-04  -7.444814E-05  -3.097871E+02  8.667705E+01
-1.588218E-04  -7.898398E-05  -3.097573E+02  8.672764E+01
-1.374038E-04  -7.346685E-05  -3.097277E+02  8.677798E+01
-1.399770E-04  -6.926912E-05  -3.096975E+02  8.682914E+01
-1.227574E-04  -5.647463E-05  -3.096677E+02  8.687973E+01
-9.446200E-05  -4.762312E-05  -3.096374E+02  8.693074E+01
-1.058239E-04  -5.645016E-05  -3.096070E+02  8.698210E+01
-8.927246E-05  -4.413140E-05  -3.095769E+02  8.703300E+01
-8.534853E-05  -4.485912E-05  -3.095473E+02  8.708295E+01
-8.635962E-05  -4.518866E-05  -3.095181E+02  8.713216E+01
-9.086126E-05  -4.390741E-05  -3.094884E+02  8.718205E+01
-4.099687E-05  -2.334865E-05  -3.094586E+02  8.723219E+01
-3.870982E-05  -2.048895E-05  -3.094289E+02  8.728201E+01
-4.598245E-05  -2.393843E-05  -3.093996E+02  8.733135E+01
-3.863233E-05  -1.992870E-05  -3.093693E+02  8.738208E+01
-2.403607E-05  -1.264215E-05  -3.093406E+02  8.743036E+01
-2.234349E-06  -2.942879E-06  -3.093113E+02  8.747915E+01
-2.016345E-05  -1.191280E-05  -3.092813E+02  8.752944E+01
-1.610884E-05  -8.912501E-06  -3.092511E+02  8.757976E+01
3.177804E-05  1.391210E-05  -3.092209E+02  8.763017E+01
4.309174E-05  2.053970E-05  -3.091910E+02  8.768010E+01
6.453547E-05  3.006495E-05  -3.091612E+02  8.772961E+01
5.551884E-05  2.327971E-05  -3.091312E+02  8.777945E+01
9.126163E-05  4.233819E-05  -3.091011E+02  8.782945E+01
4.136499E-05  1.808277E-05  -3.090708E+02  8.787945E+01
-4.781114E-06  -4.993254E-06  -3.090406E+02  8.792945E+01
1.254185E-06  -1.957655E-06  -3.090104E+02  8.797945E+01
-2.517048E-05  -1.390059E-05  -3.089797E+02  8.803003E+01
-2.710899E-05  -1.457981E-05  -3.089501E+02  8.807885E+01
-2.701211E-05  -1.348168E-05  -3.089204E+02  8.812777E+01
-3.750301E-05  -1.874666E-05  -3.088907E+02  8.817693E+01
-2.443096E-05  -1.255056E-05  -3.088607E+02  8.822662E+01
-5.878531E-05  -3.224820E-05  -3.088306E+02  8.827638E+01
-3.516637E-05  -1.896110E-05  -3.088012E+02  8.832496E+01
-5.696405E-05  -3.166289E-05  -3.087720E+02  8.837328E+01
-5.756353E-05  -3.234114E-05  -3.087415E+02  8.842387E+01
-7.588998E-05  -3.920319E-05  -3.087114E+02  8.847343E+01
-9.427546E-05  -4.531635E-05  -3.086821E+02  8.852206E+01
-1.038350E-04  -5.438097E-05  -3.086520E+02  8.857122E+01
-1.062186E-04  -5.920835E-05  -3.086218E+02  8.862014E+01
-1.131819E-04  -5.785023E-05  -3.085919E+02  8.866821E+01
-1.056312E-04  -5.050208E-05  -3.085618E+02  8.871606E+01
-1.166335E-04  -5.850030E-05  -3.085309E+02  8.876506E+01
-1.090686E-04  -5.196557E-05  -3.085001E+02  8.881335E+01
-1.051288E-04  -5.000216E-05  -3.084920E+02  8.882582E+01
-1.051951E-04  -5.202273E-05  -3.084910E+02  8.882738E+01
-1.098065E-04  -5.430229E-05  -3.084909E+02  8.882758E+01
