# HSM/GeV  HNSM/GeV  HS/GeV  T/GeV
2.132486E+02  1.420637E+02  -2.378598E+02  0.000000E+00
2.132472E+02  1.420624E+02  -2.378586E+02  1.933372E+00
2.132464E+02  1.420606E+02  -2.378541E+02  3.933372E+00
2.132440E+02  1.420570E+02  -2.378472E+02  5.810872E+00
2.132410E+02  1.420527E+02  -2.378394E+02  7.349034E+00
2.132376E+02  1.420479E+02  -2.378309E+02  8.671337E+00
2.132339E+02  1.420428E+02  -2.378219E+02  9.835135E+00
2.132300E+02  1.420373E+02  -2.378121E+02  1.089091E+01
2.132259E+02  1.420316E+02  -2.378018E+02  1.185837E+01
2.132214E+02  1.420253E+02  -2.377907E+02  1.277356E+01
2.132167E+02  1.420187E+02  -2.377791E+02  1.362084E+01
2.132116E+02  1.420117E+02  -2.377666E+02  1.442223E+01
2.132064E+02  1.420044E+02  -2.377535E+02  1.518197E+01
2.132006E+02  1.419964E+02  -2.377393E+02  1.591726E+01
2.131948E+02  1.419882E+02  -2.377248E+02  1.660680E+01
2.131885E+02  1.419795E+02  -2.377092E+02  1.727154E+01
2.131820E+02  1.419704E+02  -2.376930E+02  1.790641E+01
2.131749E+02  1.419606E+02  -2.376757E+02  1.853132E+01
2.131684E+02  1.419516E+02  -2.376596E+02  1.906802E+01
2.131606E+02  1.419406E+02  -2.376398E+02  1.964840E+01
2.131522E+02  1.419287E+02  -2.376181E+02  2.021384E+01
2.131436E+02  1.419164E+02  -2.375959E+02  2.075503E+01
2.131343E+02  1.419032E+02  -2.375721E+02  2.129630E+01
2.131251E+02  1.418902E+02  -2.375485E+02  2.179960E+01
2.131151E+02  1.418761E+02  -2.375229E+02  2.231073E+01
2.131049E+02  1.418617E+02  -2.374969E+02  2.279921E+01
2.130943E+02  1.418469E+02  -2.374702E+02  2.327491E+01
2.130836E+02  1.418318E+02  -2.374430E+02  2.373277E+01
2.130718E+02  1.418153E+02  -2.374132E+02  2.420635E+01
2.130605E+02  1.417995E+02  -2.373848E+02  2.463679E+01
2.130482E+02  1.417823E+02  -2.373540E+02  2.507967E+01
2.130354E+02  1.417645E+02  -2.373219E+02  2.551956E+01
2.130219E+02  1.417457E+02  -2.372883E+02  2.595864E+01
2.130082E+02  1.417267E+02  -2.372542E+02  2.638298E+01
2.129941E+02  1.417071E+02  -2.372193E+02  2.679831E+01
2.129800E+02  1.416878E+02  -2.371848E+02  2.719206E+01
2.129650E+02  1.416671E+02  -2.371479E+02  2.759537E+01
2.129502E+02  1.416467E+02  -2.371117E+02  2.797655E+01
2.129342E+02  1.416247E+02  -2.370725E+02  2.837188E+01
2.129178E+02  1.416022E+02  -2.370326E+02  2.875913E+01
2.129013E+02  1.415797E+02  -2.369927E+02  2.913234E+01
2.128833E+02  1.415550E+02  -2.369491E+02  2.952413E+01
2.128660E+02  1.415315E+02  -2.369075E+02  2.988588E+01
2.128483E+02  1.415074E+02  -2.368649E+02  3.024255E+01
2.128297E+02  1.414822E+02  -2.368206E+02  3.060194E+01
2.128118E+02  1.414578E+02  -2.367776E+02  3.093847E+01
2.127927E+02  1.414320E+02  -2.367322E+02  3.128331E+01
2.127741E+02  1.414070E+02  -2.366882E+02  3.160808E+01
2.127529E+02  1.413782E+02  -2.366378E+02  3.196736E+01
2.127339E+02  1.413527E+02  -2.365931E+02  3.227750E+01
2.127129E+02  1.413244E+02  -2.365436E+02  3.261079E+01
2.126905E+02  1.412945E+02  -2.364912E+02  3.295286E+01
2.126699E+02  1.412668E+02  -2.364429E+02  3.326020E+01
2.126467E+02  1.412357E+02  -2.363887E+02  3.359550E+01
2.126230E+02  1.412042E+02  -2.363338E+02  3.392511E+01
2.126000E+02  1.411735E+02  -2.362803E+02  3.423744E+01
2.125770E+02  1.411429E+02  -2.362271E+02  3.454052E+01
2.125544E+02  1.411128E+02  -2.361748E+02  3.483176E+01
2.125310E+02  1.410817E+02  -2.361208E+02  3.512405E+01
2.125068E+02  1.410496E+02  -2.360652E+02  3.541929E+01
2.124825E+02  1.410174E+02  -2.360094E+02  3.570762E+01
2.124583E+02  1.409854E+02  -2.359540E+02  3.598796E+01
2.124316E+02  1.409501E+02  -2.358931E+02  3.628913E+01
2.124048E+02  1.409148E+02  -2.358320E+02  3.658387E+01
2.123786E+02  1.408802E+02  -2.357723E+02  3.686553E+01
2.123524E+02  1.408458E+02  -2.357130E+02  3.713989E+01
2.123247E+02  1.408094E+02  -2.356503E+02  3.742339E+01
2.122940E+02  1.407691E+02  -2.355809E+02  3.773036E+01
2.122672E+02  1.407340E+02  -2.355205E+02  3.799161E+01
2.122378E+02  1.406954E+02  -2.354543E+02  3.827246E+01
2.122115E+02  1.406610E+02  -2.353952E+02  3.851783E+01
2.121816E+02  1.406219E+02  -2.353281E+02  3.879203E+01
2.121530E+02  1.405846E+02  -2.352641E+02  3.904813E+01
2.121212E+02  1.405431E+02  -2.351931E+02  3.932678E+01
2.120926E+02  1.405059E+02  -2.351293E+02  3.957214E+01
2.120639E+02  1.404685E+02  -2.350654E+02  3.981419E+01
2.120338E+02  1.404294E+02  -2.349986E+02  4.006286E+01
2.120008E+02  1.403866E+02  -2.349253E+02  4.032999E+01
2.119696E+02  1.403461E+02  -2.348562E+02  4.057785E+01
2.119400E+02  1.403077E+02  -2.347906E+02  4.080937E+01
2.119040E+02  1.402611E+02  -2.347112E+02  4.108451E+01
2.118721E+02  1.402198E+02  -2.346408E+02  4.132401E+01
2.118396E+02  1.401778E+02  -2.345692E+02  4.156393E+01
2.118063E+02  1.401348E+02  -2.344960E+02  4.180485E+01
2.117735E+02  1.400924E+02  -2.344239E+02  4.203846E+01
2.117398E+02  1.400491E+02  -2.343502E+02  4.227392E+01
2.117033E+02  1.400020E+02  -2.342702E+02  4.252499E+01
2.116670E+02  1.399553E+02  -2.341908E+02  4.277028E+01
2.116286E+02  1.399059E+02  -2.341070E+02  4.302514E+01
2.115890E+02  1.398550E+02  -2.340207E+02  4.328300E+01
2.115524E+02  1.398081E+02  -2.339410E+02  4.351720E+01
2.115142E+02  1.397591E+02  -2.338580E+02  4.375733E+01
2.114751E+02  1.397090E+02  -2.337730E+02  4.399968E+01
2.114353E+02  1.396581E+02  -2.336868E+02  4.424172E+01
2.113982E+02  1.396106E+02  -2.336063E+02  4.446432E+01
2.113590E+02  1.395605E+02  -2.335215E+02  4.469552E+01
2.113190E+02  1.395094E+02  -2.334351E+02  4.492766E+01
2.112823E+02  1.394626E+02  -2.333559E+02  4.513738E+01
2.112418E+02  1.394109E+02  -2.332686E+02  4.536538E+01
2.112015E+02  1.393595E+02  -2.331818E+02  4.558929E+01
2.111648E+02  1.393127E+02  -2.331026E+02  4.579037E+01
2.111229E+02  1.392594E+02  -2.330127E+02  4.601622E+01
2.110806E+02  1.392057E+02  -2.329219E+02  4.624113E+01
2.110417E+02  1.391562E+02  -2.328384E+02  4.644514E+01
2.110037E+02  1.391079E+02  -2.327570E+02  4.664170E+01
2.109658E+02  1.390598E+02  -2.326758E+02  4.683512E+01
2.109249E+02  1.390079E+02  -2.325883E+02  4.704136E+01
2.108853E+02  1.389577E+02  -2.325036E+02  4.723884E+01
2.108475E+02  1.389098E+02  -2.324229E+02  4.742457E+01
2.108044E+02  1.388552E+02  -2.323310E+02  4.763375E+01
2.107653E+02  1.388058E+02  -2.322477E+02  4.782105E+01
2.107230E+02  1.387522E+02  -2.321574E+02  4.802166E+01
2.106989E+02  1.387218E+02  -2.321062E+02  4.813473E+01
2.106747E+02  1.386911E+02  -2.320544E+02  4.824780E+01
2.106315E+02  1.386365E+02  -2.319626E+02  4.844689E+01
2.105918E+02  1.385865E+02  -2.318784E+02  4.862745E+01
2.105508E+02  1.385347E+02  -2.317913E+02  4.881231E+01
2.105055E+02  1.384776E+02  -2.316951E+02  4.901403E+01
2.104557E+02  1.384148E+02  -2.315895E+02  4.923295E+01
2.104070E+02  1.383534E+02  -2.314862E+02  4.944423E+01
2.103632E+02  1.382982E+02  -2.313934E+02  4.963202E+01
2.103223E+02  1.382467E+02  -2.313068E+02  4.980543E+01
2.102740E+02  1.381860E+02  -2.312048E+02  5.000781E+01
2.102268E+02  1.381266E+02  -2.311050E+02  5.020325E+01
2.101804E+02  1.380683E+02  -2.310069E+02  5.039337E+01
2.101351E+02  1.380114E+02  -2.309113E+02  5.057662E+01
2.100859E+02  1.379497E+02  -2.308076E+02  5.077354E+01
2.100609E+02  1.379183E+02  -2.307550E+02  5.087261E+01
2.100358E+02  1.378868E+02  -2.307020E+02  5.097169E+01
2.099840E+02  1.378218E+02  -2.305928E+02  5.117419E+01
2.099382E+02  1.377644E+02  -2.304964E+02  5.135126E+01
2.098907E+02  1.377049E+02  -2.303964E+02  5.153296E+01
2.098469E+02  1.376500E+02  -2.303043E+02  5.169886E+01
2.098043E+02  1.375967E+02  -2.302148E+02  5.185856E+01
2.097598E+02  1.375410E+02  -2.301211E+02  5.202418E+01
2.097100E+02  1.374787E+02  -2.300166E+02  5.220721E+01
2.096649E+02  1.374223E+02  -2.299219E+02  5.237151E+01
2.096157E+02  1.373609E+02  -2.298187E+02  5.254882E+01
2.095684E+02  1.373017E+02  -2.297193E+02  5.271790E+01
2.095166E+02  1.372371E+02  -2.296108E+02  5.290091E+01
2.094693E+02  1.371779E+02  -2.295116E+02  5.306662E+01
2.094191E+02  1.371153E+02  -2.294065E+02  5.324065E+01
2.093698E+02  1.370539E+02  -2.293033E+02  5.340976E+01
2.093244E+02  1.369972E+02  -2.292081E+02  5.356453E+01
2.092811E+02  1.369433E+02  -2.291176E+02  5.371051E+01
2.092320E+02  1.368821E+02  -2.290149E+02  5.387454E+01
2.091870E+02  1.368261E+02  -2.289208E+02  5.402367E+01
2.091392E+02  1.367665E+02  -2.288208E+02  5.418086E+01
2.090831E+02  1.366967E+02  -2.287037E+02  5.436350E+01
2.090322E+02  1.366334E+02  -2.285974E+02  5.452745E+01
2.089828E+02  1.365719E+02  -2.284941E+02  5.468553E+01
2.089301E+02  1.365065E+02  -2.283842E+02  5.485229E+01
2.088821E+02  1.364468E+02  -2.282839E+02  5.500315E+01
2.088295E+02  1.363814E+02  -2.281742E+02  5.516689E+01
2.087713E+02  1.363091E+02  -2.280528E+02  5.534636E+01
2.087192E+02  1.362445E+02  -2.279442E+02  5.550556E+01
2.086707E+02  1.361843E+02  -2.278431E+02  5.565242E+01
2.086259E+02  1.361287E+02  -2.277497E+02  5.578716E+01
2.085747E+02  1.360653E+02  -2.276433E+02  5.593964E+01
2.085211E+02  1.359988E+02  -2.275315E+02  5.609843E+01
2.084719E+02  1.359378E+02  -2.274291E+02  5.624262E+01
2.084136E+02  1.358655E+02  -2.273076E+02  5.641246E+01
2.083605E+02  1.357998E+02  -2.271971E+02  5.656552E+01
2.083075E+02  1.357341E+02  -2.270868E+02  5.671721E+01
2.082572E+02  1.356719E+02  -2.269820E+02  5.685996E+01
2.082052E+02  1.356075E+02  -2.268740E+02  5.700632E+01
2.081472E+02  1.355358E+02  -2.267534E+02  5.716822E+01
2.081040E+02  1.354823E+02  -2.266635E+02  5.728821E+01
2.080632E+02  1.354319E+02  -2.265786E+02  5.740068E+01
2.080298E+02  1.353906E+02  -2.265092E+02  5.749215E+01
2.079962E+02  1.353491E+02  -2.264395E+02  5.758362E+01
2.079356E+02  1.352742E+02  -2.263133E+02  5.774797E+01
2.078806E+02  1.352063E+02  -2.261991E+02  5.789565E+01
2.078274E+02  1.351406E+02  -2.260885E+02  5.803749E+01
2.077783E+02  1.350800E+02  -2.259867E+02  5.816732E+01
2.077209E+02  1.350091E+02  -2.258674E+02  5.831827E+01
2.076683E+02  1.349442E+02  -2.257581E+02  5.845555E+01
2.076185E+02  1.348829E+02  -2.256548E+02  5.858427E+01
2.075717E+02  1.348250E+02  -2.255574E+02  5.870481E+01
2.075164E+02  1.347569E+02  -2.254427E+02  5.884606E+01
2.074649E+02  1.346934E+02  -2.253358E+02  5.897668E+01
2.074290E+02  1.346492E+02  -2.252613E+02  5.906717E+01
2.073930E+02  1.346048E+02  -2.251866E+02  5.915766E+01
2.073297E+02  1.345268E+02  -2.250550E+02  5.931572E+01
2.072722E+02  1.344560E+02  -2.249357E+02  5.945796E+01
2.072106E+02  1.343802E+02  -2.248080E+02  5.960912E+01
2.071535E+02  1.343098E+02  -2.246893E+02  5.974849E+01
2.070992E+02  1.342431E+02  -2.245769E+02  5.987986E+01
2.070478E+02  1.341799E+02  -2.244702E+02  6.000332E+01
2.069905E+02  1.341093E+02  -2.243512E+02  6.014051E+01
2.069302E+02  1.340352E+02  -2.242261E+02  6.028339E+01
2.068751E+02  1.339674E+02  -2.241117E+02  6.041326E+01
2.068188E+02  1.338982E+02  -2.239950E+02  6.054494E+01
2.067601E+02  1.338261E+02  -2.238732E+02  6.068132E+01
2.067015E+02  1.337542E+02  -2.237518E+02  6.081635E+01
2.066703E+02  1.337157E+02  -2.236868E+02  6.088824E+01
2.066388E+02  1.336771E+02  -2.236216E+02  6.096013E+01
2.065811E+02  1.336062E+02  -2.235018E+02  6.109148E+01
2.065266E+02  1.335394E+02  -2.233888E+02  6.121454E+01
2.064762E+02  1.334775E+02  -2.232843E+02  6.132776E+01
2.064174E+02  1.334054E+02  -2.231623E+02  6.145902E+01
2.063617E+02  1.333371E+02  -2.230469E+02  6.158249E+01
2.063043E+02  1.332666E+02  -2.229277E+02  6.170911E+01
2.062519E+02  1.332024E+02  -2.228190E+02  6.182391E+01
2.061925E+02  1.331295E+02  -2.226957E+02  6.195318E+01
2.061352E+02  1.330592E+02  -2.225767E+02  6.207738E+01
2.060739E+02  1.329841E+02  -2.224496E+02  6.220902E+01
2.060179E+02  1.329155E+02  -2.223334E+02  6.232857E+01
2.059612E+02  1.328460E+02  -2.222157E+02  6.244892E+01
2.059022E+02  1.327738E+02  -2.220934E+02  6.257330E+01
2.058455E+02  1.327043E+02  -2.219756E+02  6.269232E+01
2.057852E+02  1.326305E+02  -2.218505E+02  6.281796E+01
2.057300E+02  1.325630E+02  -2.217360E+02  6.293226E+01
2.056760E+02  1.324969E+02  -2.216238E+02  6.304348E+01
2.056215E+02  1.324302E+02  -2.215108E+02  6.315500E+01
2.055594E+02  1.323542E+02  -2.213818E+02  6.328153E+01
2.055019E+02  1.322839E+02  -2.212625E+02  6.339780E+01
2.054457E+02  1.322152E+02  -2.211458E+02  6.351089E+01
2.054082E+02  1.321692E+02  -2.210678E+02  6.358605E+01
2.053705E+02  1.321232E+02  -2.209896E+02  6.366121E+01
2.053017E+02  1.320391E+02  -2.208467E+02  6.379774E+01
2.052697E+02  1.320000E+02  -2.207803E+02  6.386085E+01
2.052377E+02  1.319608E+02  -2.207137E+02  6.392395E+01
2.051735E+02  1.318824E+02  -2.205804E+02  6.404970E+01
2.051194E+02  1.318164E+02  -2.204681E+02  6.415496E+01
2.050675E+02  1.317529E+02  -2.203600E+02  6.425557E+01
2.050054E+02  1.316771E+02  -2.202312E+02  6.437507E+01
2.049405E+02  1.315978E+02  -2.200963E+02  6.449946E+01
2.048799E+02  1.315238E+02  -2.199703E+02  6.461478E+01
2.048110E+02  1.314398E+02  -2.198272E+02  6.474504E+01
2.047800E+02  1.314019E+02  -2.197627E+02  6.480347E+01
2.047489E+02  1.313639E+02  -2.196980E+02  6.486191E+01
2.046918E+02  1.312943E+02  -2.195793E+02  6.496865E+01
2.046234E+02  1.312108E+02  -2.194371E+02  6.509578E+01
2.045598E+02  1.311333E+02  -2.193048E+02  6.521329E+01
2.045012E+02  1.310618E+02  -2.191828E+02  6.532108E+01
2.044406E+02  1.309879E+02  -2.190569E+02  6.543166E+01
2.043821E+02  1.309166E+02  -2.189351E+02  6.553796E+01
2.043222E+02  1.308436E+02  -2.188104E+02  6.564633E+01
2.042595E+02  1.307671E+02  -2.186798E+02  6.575902E+01
2.042027E+02  1.306980E+02  -2.185617E+02  6.586058E+01
2.041472E+02  1.306304E+02  -2.184461E+02  6.595925E+01
2.040814E+02  1.305502E+02  -2.183092E+02  6.607573E+01
2.040217E+02  1.304774E+02  -2.181847E+02  6.618082E+01
2.039663E+02  1.304100E+02  -2.180693E+02  6.627790E+01
2.039080E+02  1.303390E+02  -2.179479E+02  6.637948E+01
2.038533E+02  1.302724E+02  -2.178338E+02  6.647438E+01
2.037874E+02  1.301922E+02  -2.176965E+02  6.658803E+01
2.037250E+02  1.301162E+02  -2.175664E+02  6.669502E+01
2.036900E+02  1.300737E+02  -2.174935E+02  6.675475E+01
2.036550E+02  1.300311E+02  -2.174205E+02  6.681447E+01
2.035982E+02  1.299620E+02  -2.173021E+02  6.691080E+01
2.035445E+02  1.298966E+02  -2.171901E+02  6.700147E+01
2.034839E+02  1.298230E+02  -2.170637E+02  6.710331E+01
2.034222E+02  1.297479E+02  -2.169349E+02  6.720655E+01
2.033575E+02  1.296693E+02  -2.167999E+02  6.731407E+01
2.032891E+02  1.295861E+02  -2.166571E+02  6.742729E+01
2.032263E+02  1.295098E+02  -2.165260E+02  6.753064E+01
2.031620E+02  1.294315E+02  -2.163916E+02  6.763600E+01
2.030997E+02  1.293559E+02  -2.162616E+02  6.773731E+01
2.030417E+02  1.292853E+02  -2.161402E+02  6.783144E+01
2.029886E+02  1.292208E+02  -2.160293E+02  6.791705E+01
2.029381E+02  1.291595E+02  -2.159238E+02  6.799816E+01
2.028807E+02  1.290898E+02  -2.158039E+02  6.808993E+01
2.028274E+02  1.290251E+02  -2.156925E+02  6.817482E+01
2.027640E+02  1.289480E+02  -2.155596E+02  6.827543E+01
2.026947E+02  1.288639E+02  -2.154148E+02  6.838465E+01
2.026619E+02  1.288241E+02  -2.153461E+02  6.843626E+01
2.026289E+02  1.287841E+02  -2.152771E+02  6.848787E+01
2.025647E+02  1.287061E+02  -2.151426E+02  6.858816E+01
2.025043E+02  1.286328E+02  -2.150162E+02  6.868196E+01
2.024487E+02  1.285653E+02  -2.148998E+02  6.876796E+01
2.023964E+02  1.285019E+02  -2.147904E+02  6.884841E+01
2.023437E+02  1.284379E+02  -2.146797E+02  6.892933E+01
2.022930E+02  1.283764E+02  -2.145735E+02  6.900677E+01
2.022608E+02  1.283374E+02  -2.145062E+02  6.905572E+01
2.022286E+02  1.282983E+02  -2.144387E+02  6.910466E+01
2.021581E+02  1.282128E+02  -2.142908E+02  6.921138E+01
2.020908E+02  1.281312E+02  -2.141497E+02  6.931267E+01
2.020140E+02  1.280381E+02  -2.139887E+02  6.942747E+01
2.019796E+02  1.279963E+02  -2.139165E+02  6.947892E+01
2.019450E+02  1.279544E+02  -2.138438E+02  6.953037E+01
2.018705E+02  1.278641E+02  -2.136876E+02  6.964066E+01
2.018076E+02  1.277879E+02  -2.135555E+02  6.973337E+01
2.017484E+02  1.277162E+02  -2.134311E+02  6.982019E+01
2.016858E+02  1.276402E+02  -2.132995E+02  6.991172E+01
2.016276E+02  1.275698E+02  -2.131773E+02  6.999629E+01
2.015698E+02  1.274998E+02  -2.130559E+02  7.007991E+01
2.015355E+02  1.274582E+02  -2.129837E+02  7.012954E+01
2.015010E+02  1.274164E+02  -2.129112E+02  7.017917E+01
2.014299E+02  1.273304E+02  -2.127618E+02  7.028100E+01
2.013650E+02  1.272517E+02  -2.126252E+02  7.037370E+01
2.013026E+02  1.271762E+02  -2.124940E+02  7.046222E+01
2.012434E+02  1.271044E+02  -2.123692E+02  7.054610E+01
2.011838E+02  1.270323E+02  -2.122438E+02  7.063001E+01
2.011279E+02  1.269647E+02  -2.121261E+02  7.070843E+01
2.010707E+02  1.268955E+02  -2.120056E+02  7.078833E+01
2.010164E+02  1.268297E+02  -2.118912E+02  7.086390E+01
2.009509E+02  1.267506E+02  -2.117533E+02  7.095455E+01
2.008901E+02  1.266769E+02  -2.116249E+02  7.103857E+01
2.008325E+02  1.266072E+02  -2.115035E+02  7.111769E+01
2.007686E+02  1.265300E+02  -2.113689E+02  7.120502E+01
2.007035E+02  1.264512E+02  -2.112314E+02  7.129370E+01
2.006353E+02  1.263686E+02  -2.110873E+02  7.138623E+01
2.005676E+02  1.262868E+02  -2.109444E+02  7.147763E+01
2.005040E+02  1.262099E+02  -2.108102E+02  7.156298E+01
2.004495E+02  1.261440E+02  -2.106950E+02  7.163596E+01
2.003974E+02  1.260810E+02  -2.105848E+02  7.170545E+01
2.003362E+02  1.260070E+02  -2.104555E+02  7.178671E+01
2.003048E+02  1.259692E+02  -2.103893E+02  7.182822E+01
2.002734E+02  1.259311E+02  -2.103227E+02  7.186974E+01
2.002367E+02  1.258868E+02  -2.102452E+02  7.191808E+01
2.001999E+02  1.258424E+02  -2.101674E+02  7.196642E+01
2.001420E+02  1.257723E+02  -2.100447E+02  7.204246E+01
2.000872E+02  1.257061E+02  -2.099288E+02  7.211401E+01
2.000232E+02  1.256288E+02  -2.097933E+02  7.219723E+01
1.999639E+02  1.255573E+02  -2.096679E+02  7.227398E+01
1.999001E+02  1.254801E+02  -2.095325E+02  7.235634E+01
1.998315E+02  1.253973E+02  -2.093872E+02  7.244445E+01
1.997679E+02  1.253205E+02  -2.092524E+02  7.252579E+01
1.997084E+02  1.252486E+02  -2.091262E+02  7.260160E+01
1.996488E+02  1.251766E+02  -2.089998E+02  7.267724E+01
1.995783E+02  1.250915E+02  -2.088501E+02  7.276631E+01
1.995409E+02  1.250463E+02  -2.087707E+02  7.281345E+01
1.995033E+02  1.250010E+02  -2.086910E+02  7.286058E+01
1.994353E+02  1.249189E+02  -2.085466E+02  7.294574E+01
1.993610E+02  1.248292E+02  -2.083887E+02  7.303834E+01
1.993011E+02  1.247569E+02  -2.082614E+02  7.311266E+01
1.992434E+02  1.246872E+02  -2.081387E+02  7.318403E+01
1.992091E+02  1.246459E+02  -2.080659E+02  7.322624E+01
1.991748E+02  1.246045E+02  -2.079930E+02  7.326846E+01
1.991215E+02  1.245402E+02  -2.078796E+02  7.333382E+01
1.990713E+02  1.244796E+02  -2.077726E+02  7.339528E+01
1.990129E+02  1.244092E+02  -2.076484E+02  7.346633E+01
1.989567E+02  1.243414E+02  -2.075287E+02  7.353455E+01
1.989024E+02  1.242759E+02  -2.074132E+02  7.360017E+01
1.988460E+02  1.242080E+02  -2.072931E+02  7.366814E+01
1.987988E+02  1.241510E+02  -2.071923E+02  7.372496E+01
1.987513E+02  1.240937E+02  -2.070912E+02  7.378178E+01
1.986795E+02  1.240072E+02  -2.069381E+02  7.386753E+01
1.986123E+02  1.239261E+02  -2.067948E+02  7.394735E+01
1.985439E+02  1.238436E+02  -2.066487E+02  7.402838E+01
1.984945E+02  1.237841E+02  -2.065432E+02  7.408661E+01
1.984631E+02  1.237462E+02  -2.064762E+02  7.412355E+01
1.984316E+02  1.237083E+02  -2.064090E+02  7.416050E+01
1.983726E+02  1.236372E+02  -2.062830E+02  7.422954E+01
1.983032E+02  1.235535E+02  -2.061346E+02  7.431055E+01
1.982369E+02  1.234736E+02  -2.059929E+02  7.438750E+01
1.981802E+02  1.234053E+02  -2.058718E+02  7.445310E+01
1.981266E+02  1.233408E+02  -2.057572E+02  7.451485E+01
1.980657E+02  1.232674E+02  -2.056268E+02  7.458486E+01
1.980103E+02  1.232007E+02  -2.055084E+02  7.464828E+01
1.979577E+02  1.231374E+02  -2.053958E+02  7.470831E+01
1.979000E+02  1.230677E+02  -2.052719E+02  7.477407E+01
1.978317E+02  1.229856E+02  -2.051258E+02  7.485136E+01
1.977676E+02  1.229083E+02  -2.049884E+02  7.492375E+01
1.976979E+02  1.228244E+02  -2.048389E+02  7.500214E+01
1.976323E+02  1.227454E+02  -2.046981E+02  7.507562E+01
1.975618E+02  1.226606E+02  -2.045470E+02  7.515420E+01
1.975279E+02  1.226197E+02  -2.044740E+02  7.519201E+01
1.974937E+02  1.225786E+02  -2.044009E+02  7.522981E+01
1.974330E+02  1.225056E+02  -2.042705E+02  7.529701E+01
1.973749E+02  1.224355E+02  -2.041455E+02  7.536113E+01
1.973064E+02  1.223532E+02  -2.039984E+02  7.543634E+01
1.972483E+02  1.222833E+02  -2.038736E+02  7.549993E+01
1.971923E+02  1.222158E+02  -2.037530E+02  7.556105E+01
1.971351E+02  1.221470E+02  -2.036300E+02  7.562324E+01
1.970809E+02  1.220818E+02  -2.035134E+02  7.568200E+01
1.970225E+02  1.220115E+02  -2.033876E+02  7.574512E+01
1.969671E+02  1.219449E+02  -2.032683E+02  7.580478E+01
1.969311E+02  1.219015E+02  -2.031907E+02  7.584346E+01
1.968950E+02  1.218581E+02  -2.031130E+02  7.588214E+01
1.968320E+02  1.217824E+02  -2.029773E+02  7.594940E+01
1.967717E+02  1.217099E+02  -2.028473E+02  7.601362E+01
1.967135E+02  1.216399E+02  -2.027218E+02  7.607539E+01
1.966555E+02  1.215701E+02  -2.025966E+02  7.613676E+01
1.965907E+02  1.214922E+02  -2.024568E+02  7.620499E+01
1.965438E+02  1.214358E+02  -2.023554E+02  7.625438E+01
1.964967E+02  1.213792E+02  -2.022537E+02  7.630376E+01
1.964026E+02  1.212660E+02  -2.020503E+02  7.640198E+01
1.963406E+02  1.211915E+02  -2.019163E+02  7.646640E+01
1.962899E+02  1.211306E+02  -2.018069E+02  7.651881E+01
1.962417E+02  1.210726E+02  -2.017024E+02  7.656871E+01
1.961842E+02  1.210036E+02  -2.015781E+02  7.662787E+01
1.961449E+02  1.209563E+02  -2.014930E+02  7.666825E+01
1.961055E+02  1.209089E+02  -2.014076E+02  7.670864E+01
1.960276E+02  1.208153E+02  -2.012389E+02  7.678822E+01
1.959586E+02  1.207324E+02  -2.010895E+02  7.685840E+01
1.958949E+02  1.206559E+02  -2.009515E+02  7.692295E+01
1.958352E+02  1.205841E+02  -2.008219E+02  7.698333E+01
1.957979E+02  1.205394E+02  -2.007412E+02  7.702078E+01
1.957607E+02  1.204947E+02  -2.006604E+02  7.705823E+01
1.956917E+02  1.204118E+02  -2.005107E+02  7.712740E+01
1.956587E+02  1.203721E+02  -2.004389E+02  7.716041E+01
1.956256E+02  1.203324E+02  -2.003671E+02  7.719342E+01
1.955946E+02  1.202952E+02  -2.002998E+02  7.722430E+01
1.955635E+02  1.202579E+02  -2.002323E+02  7.725519E+01
1.955231E+02  1.202093E+02  -2.001444E+02  7.729536E+01
1.954825E+02  1.201605E+02  -2.000561E+02  7.733553E+01
1.954071E+02  1.200700E+02  -1.998922E+02  7.740995E+01
1.953737E+02  1.200299E+02  -1.998196E+02  7.744280E+01
1.953403E+02  1.199898E+02  -1.997469E+02  7.747565E+01
1.952776E+02  1.199145E+02  -1.996105E+02  7.753706E+01
1.952180E+02  1.198430E+02  -1.994807E+02  7.759524E+01
1.951517E+02  1.197634E+02  -1.993364E+02  7.765975E+01
1.950904E+02  1.196899E+02  -1.992029E+02  7.771919E+01
1.950237E+02  1.196098E+02  -1.990574E+02  7.778366E+01
1.949612E+02  1.195346E+02  -1.989210E+02  7.784393E+01
1.948945E+02  1.194547E+02  -1.987757E+02  7.790784E+01
1.948403E+02  1.193896E+02  -1.986573E+02  7.795974E+01
1.947888E+02  1.193278E+02  -1.985450E+02  7.800886E+01
1.947429E+02  1.192727E+02  -1.984445E+02  7.805260E+01
1.946968E+02  1.192174E+02  -1.983439E+02  7.809634E+01
1.946152E+02  1.191195E+02  -1.981655E+02  7.817355E+01
1.945177E+02  1.190025E+02  -1.979524E+02  7.826531E+01
1.944323E+02  1.189001E+02  -1.977654E+02  7.834533E+01
1.943592E+02  1.188124E+02  -1.976055E+02  7.841349E+01
1.942937E+02  1.187339E+02  -1.974621E+02  7.847435E+01
1.942319E+02  1.186597E+02  -1.973266E+02  7.853168E+01
1.941938E+02  1.186141E+02  -1.972432E+02  7.856680E+01
1.941558E+02  1.185684E+02  -1.971597E+02  7.860193E+01
1.941206E+02  1.185263E+02  -1.970827E+02  7.863427E+01
1.940854E+02  1.184841E+02  -1.970055E+02  7.866661E+01
1.940180E+02  1.184033E+02  -1.968575E+02  7.872838E+01
1.939660E+02  1.183409E+02  -1.967435E+02  7.877587E+01
1.939139E+02  1.182784E+02  -1.966289E+02  7.882336E+01
1.938409E+02  1.181909E+02  -1.964687E+02  7.888960E+01
1.938025E+02  1.181449E+02  -1.963843E+02  7.892436E+01
1.937641E+02  1.180988E+02  -1.962998E+02  7.895912E+01
1.936918E+02  1.180122E+02  -1.961409E+02  7.902416E+01
1.936236E+02  1.179304E+02  -1.959908E+02  7.908541E+01
1.935535E+02  1.178464E+02  -1.958365E+02  7.914814E+01
1.934866E+02  1.177662E+02  -1.956891E+02  7.920774E+01
1.934273E+02  1.176952E+02  -1.955585E+02  7.926043E+01
1.933707E+02  1.176274E+02  -1.954339E+02  7.931051E+01
1.933027E+02  1.175459E+02  -1.952840E+02  7.937055E+01
1.932670E+02  1.175032E+02  -1.952053E+02  7.940199E+01
1.932312E+02  1.174603E+02  -1.951263E+02  7.943344E+01
1.931967E+02  1.174188E+02  -1.950500E+02  7.946379E+01
1.931620E+02  1.173773E+02  -1.949735E+02  7.949414E+01
1.930967E+02  1.172991E+02  -1.948293E+02  7.955119E+01
1.930400E+02  1.172312E+02  -1.947042E+02  7.960053E+01
1.929858E+02  1.171662E+02  -1.945843E+02  7.964765E+01
1.929272E+02  1.170961E+02  -1.944548E+02  7.969838E+01
1.928700E+02  1.170276E+02  -1.943284E+02  7.974772E+01
1.928366E+02  1.169876E+02  -1.942544E+02  7.977653E+01
1.928031E+02  1.169474E+02  -1.941802E+02  7.980534E+01
1.927393E+02  1.168711E+02  -1.940392E+02  7.986004E+01
1.926727E+02  1.167912E+02  -1.938916E+02  7.991703E+01
1.926094E+02  1.167155E+02  -1.937513E+02  7.997097E+01
1.925452E+02  1.166387E+02  -1.936093E+02  8.002545E+01
1.924834E+02  1.165646E+02  -1.934720E+02  8.007781E+01
1.924159E+02  1.164839E+02  -1.933224E+02  8.013475E+01
1.923388E+02  1.163916E+02  -1.931514E+02  8.019958E+01
1.922792E+02  1.163201E+02  -1.930188E+02  8.024961E+01
1.922339E+02  1.162661E+02  -1.929184E+02  8.028736E+01
1.921887E+02  1.162119E+02  -1.928179E+02  8.032511E+01
1.921012E+02  1.161071E+02  -1.926233E+02  8.039790E+01
1.920380E+02  1.160315E+02  -1.924827E+02  8.045021E+01
1.919844E+02  1.159674E+02  -1.923636E+02  8.049444E+01
1.919328E+02  1.159056E+02  -1.922486E+02  8.053698E+01
1.918742E+02  1.158355E+02  -1.921182E+02  8.058507E+01
1.918088E+02  1.157573E+02  -1.919725E+02  8.063862E+01
1.917626E+02  1.157020E+02  -1.918695E+02  8.067637E+01
1.917185E+02  1.156492E+02  -1.917713E+02  8.071230E+01
1.916662E+02  1.155867E+02  -1.916547E+02  8.075475E+01
1.916100E+02  1.155195E+02  -1.915293E+02  8.080034E+01
1.915649E+02  1.154654E+02  -1.914284E+02  8.083688E+01
1.915288E+02  1.154223E+02  -1.913480E+02  8.086596E+01
1.914927E+02  1.153792E+02  -1.912674E+02  8.089504E+01
1.914481E+02  1.153258E+02  -1.911678E+02  8.093087E+01
1.914110E+02  1.152814E+02  -1.910848E+02  8.096071E+01
1.913737E+02  1.152368E+02  -1.910014E+02  8.099055E+01
1.913329E+02  1.151880E+02  -1.909103E+02  8.102315E+01
1.912921E+02  1.151392E+02  -1.908189E+02  8.105575E+01
1.912301E+02  1.150650E+02  -1.906803E+02  8.110509E+01
1.911696E+02  1.149928E+02  -1.905450E+02  8.115304E+01
1.911362E+02  1.149528E+02  -1.904703E+02  8.117948E+01
1.911028E+02  1.149128E+02  -1.903953E+02  8.120592E+01
1.910339E+02  1.148305E+02  -1.902411E+02  8.126022E+01
1.909885E+02  1.147762E+02  -1.901393E+02  8.129591E+01
1.909564E+02  1.147378E+02  -1.900673E+02  8.132109E+01
1.909243E+02  1.146994E+02  -1.899953E+02  8.134627E+01
1.908627E+02  1.146258E+02  -1.898571E+02  8.139442E+01
1.907979E+02  1.145483E+02  -1.897118E+02  8.144490E+01
1.907349E+02  1.144731E+02  -1.895704E+02  8.149384E+01
1.907059E+02  1.144383E+02  -1.895051E+02  8.151640E+01
1.906766E+02  1.144034E+02  -1.894396E+02  8.153896E+01
1.906359E+02  1.143546E+02  -1.893478E+02  8.157053E+01
1.905949E+02  1.143057E+02  -1.892558E+02  8.160211E+01
1.905192E+02  1.142152E+02  -1.890855E+02  8.166036E+01
1.904372E+02  1.141172E+02  -1.889011E+02  8.172317E+01
1.903766E+02  1.140448E+02  -1.887646E+02  8.176947E+01
1.903190E+02  1.139760E+02  -1.886350E+02  8.181329E+01
1.902571E+02  1.139020E+02  -1.884955E+02  8.186029E+01
1.902088E+02  1.138443E+02  -1.883867E+02  8.189686E+01
1.901604E+02  1.137865E+02  -1.882777E+02  8.193342E+01
1.900850E+02  1.136964E+02  -1.881074E+02  8.199028E+01
1.900135E+02  1.136110E+02  -1.879462E+02  8.204393E+01
1.899686E+02  1.135573E+02  -1.878447E+02  8.207758E+01
1.899235E+02  1.135035E+02  -1.877429E+02  8.211123E+01
1.898412E+02  1.134051E+02  -1.875569E+02  8.217257E+01
1.897868E+02  1.133402E+02  -1.874339E+02  8.221293E+01
1.897453E+02  1.132906E+02  -1.873400E+02  8.224367E+01
1.897037E+02  1.132410E+02  -1.872460E+02  8.227441E+01
1.896388E+02  1.131634E+02  -1.870991E+02  8.232227E+01
1.896009E+02  1.131182E+02  -1.870134E+02  8.235012E+01
1.895630E+02  1.130730E+02  -1.869275E+02  8.237798E+01
1.895070E+02  1.130061E+02  -1.868006E+02  8.241898E+01
1.894547E+02  1.129436E+02  -1.866821E+02  8.245723E+01
1.893972E+02  1.128750E+02  -1.865517E+02  8.249911E+01
1.893667E+02  1.128385E+02  -1.864825E+02  8.252132E+01
1.893361E+02  1.128020E+02  -1.864132E+02  8.254353E+01
1.892763E+02  1.127306E+02  -1.862774E+02  8.258687E+01
1.892458E+02  1.126943E+02  -1.862083E+02  8.260890E+01
1.892154E+02  1.126579E+02  -1.861391E+02  8.263094E+01
1.891832E+02  1.126194E+02  -1.860659E+02  8.265413E+01
1.891510E+02  1.125810E+02  -1.859928E+02  8.267732E+01
1.890901E+02  1.125083E+02  -1.858545E+02  8.272109E+01
1.890265E+02  1.124324E+02  -1.857100E+02  8.276663E+01
1.889979E+02  1.123983E+02  -1.856449E+02  8.278709E+01
1.889693E+02  1.123641E+02  -1.855797E+02  8.280754E+01
1.889354E+02  1.123237E+02  -1.855027E+02  8.283168E+01
1.889015E+02  1.122833E+02  -1.854256E+02  8.285582E+01
1.888493E+02  1.122209E+02  -1.853066E+02  8.289293E+01
1.887982E+02  1.121599E+02  -1.851902E+02  8.292911E+01
1.887387E+02  1.120889E+02  -1.850546E+02  8.297119E+01
1.886765E+02  1.120148E+02  -1.849130E+02  8.301501E+01
1.886086E+02  1.119338E+02  -1.847582E+02  8.306268E+01
1.885670E+02  1.118840E+02  -1.846631E+02  8.309190E+01
1.885252E+02  1.118342E+02  -1.845678E+02  8.312111E+01
1.884903E+02  1.117925E+02  -1.844880E+02  8.314553E+01
1.884552E+02  1.117508E+02  -1.844081E+02  8.316994E+01
1.883898E+02  1.116727E+02  -1.842586E+02  8.321547E+01
1.883381E+02  1.116110E+02  -1.841404E+02  8.325131E+01
1.882882E+02  1.115514E+02  -1.840262E+02  8.328590E+01
1.882381E+02  1.114917E+02  -1.839116E+02  8.332051E+01
1.881882E+02  1.114321E+02  -1.837974E+02  8.335486E+01
1.881541E+02  1.113915E+02  -1.837194E+02  8.337830E+01
1.881200E+02  1.113508E+02  -1.836412E+02  8.340173E+01
1.880557E+02  1.112741E+02  -1.834941E+02  8.344575E+01
1.879930E+02  1.111994E+02  -1.833505E+02  8.348857E+01
1.879446E+02  1.111416E+02  -1.832394E+02  8.352157E+01
1.878966E+02  1.110844E+02  -1.831294E+02  8.355417E+01
1.878647E+02  1.110464E+02  -1.830563E+02  8.357582E+01
1.878328E+02  1.110083E+02  -1.829829E+02  8.359746E+01
1.877730E+02  1.109369E+02  -1.828455E+02  8.363793E+01
1.877028E+02  1.108533E+02  -1.826845E+02  8.368520E+01
1.876474E+02  1.107872E+02  -1.825572E+02  8.372245E+01
1.875953E+02  1.107251E+02  -1.824374E+02  8.375740E+01
1.875686E+02  1.106933E+02  -1.823761E+02  8.377523E+01
1.875420E+02  1.106615E+02  -1.823148E+02  8.379307E+01
1.874900E+02  1.105996E+02  -1.821953E+02  8.382773E+01
1.874478E+02  1.105493E+02  -1.820982E+02  8.385582E+01
1.874076E+02  1.105014E+02  -1.820056E+02  8.388258E+01
1.873699E+02  1.104564E+02  -1.819188E+02  8.390757E+01
1.873322E+02  1.104115E+02  -1.818319E+02  8.393256E+01
1.873050E+02  1.103790E+02  -1.817692E+02  8.395057E+01
1.872777E+02  1.103465E+02  -1.817063E+02  8.396858E+01
1.872175E+02  1.102748E+02  -1.815676E+02  8.400827E+01
1.871807E+02  1.102308E+02  -1.814826E+02  8.403249E+01
1.871438E+02  1.101869E+02  -1.813976E+02  8.405672E+01
1.870914E+02  1.101245E+02  -1.812767E+02  8.409106E+01
1.870413E+02  1.100647E+02  -1.811610E+02  8.412384E+01
1.870010E+02  1.100168E+02  -1.810680E+02  8.415008E+01
1.869671E+02  1.099763E+02  -1.809895E+02  8.417225E+01
1.869329E+02  1.099356E+02  -1.809107E+02  8.419442E+01
1.868615E+02  1.098505E+02  -1.807456E+02  8.424076E+01
1.868067E+02  1.097851E+02  -1.806187E+02  8.427628E+01
1.867542E+02  1.097227E+02  -1.804974E+02  8.431014E+01
1.867213E+02  1.096834E+02  -1.804211E+02  8.433135E+01
1.866883E+02  1.096441E+02  -1.803448E+02  8.435256E+01
1.866259E+02  1.095698E+02  -1.802002E+02  8.439263E+01
1.865613E+02  1.094928E+02  -1.800506E+02  8.443398E+01
1.864897E+02  1.094075E+02  -1.798845E+02  8.447968E+01
1.864179E+02  1.093219E+02  -1.797179E+02  8.452539E+01
1.863644E+02  1.092583E+02  -1.795939E+02  8.455930E+01
1.863138E+02  1.091980E+02  -1.794764E+02  8.459134E+01
1.862699E+02  1.091457E+02  -1.793745E+02  8.461903E+01
1.862272E+02  1.090948E+02  -1.792752E+02  8.464598E+01
1.861770E+02  1.090350E+02  -1.791584E+02  8.467757E+01
1.861454E+02  1.089974E+02  -1.790849E+02  8.469742E+01
1.861138E+02  1.089597E+02  -1.790113E+02  8.471727E+01
1.860614E+02  1.088973E+02  -1.788895E+02  8.475004E+01
1.860096E+02  1.088358E+02  -1.787692E+02  8.478230E+01
1.859721E+02  1.087910E+02  -1.786817E+02  8.480573E+01
1.859344E+02  1.087462E+02  -1.785940E+02  8.482916E+01
1.858780E+02  1.086789E+02  -1.784623E+02  8.486426E+01
1.858498E+02  1.086454E+02  -1.783969E+02  8.488166E+01
1.858218E+02  1.086120E+02  -1.783314E+02  8.489905E+01
1.857661E+02  1.085457E+02  -1.782016E+02  8.493345E+01
1.857143E+02  1.084840E+02  -1.780807E+02  8.496536E+01
1.856682E+02  1.084292E+02  -1.779732E+02  8.499369E+01
1.856235E+02  1.083759E+02  -1.778688E+02  8.502114E+01
1.855736E+02  1.083166E+02  -1.777523E+02  8.505168E+01
1.855259E+02  1.082598E+02  -1.776408E+02  8.508085E+01
1.854766E+02  1.082011E+02  -1.775256E+02  8.511089E+01
1.854290E+02  1.081444E+02  -1.774143E+02  8.513990E+01
1.853792E+02  1.080851E+02  -1.772977E+02  8.517017E+01
1.853525E+02  1.080534E+02  -1.772353E+02  8.518631E+01
1.853259E+02  1.080217E+02  -1.771730E+02  8.520244E+01
1.852743E+02  1.079602E+02  -1.770521E+02  8.523364E+01
1.852202E+02  1.078959E+02  -1.769254E+02  8.526627E+01
1.851780E+02  1.078456E+02  -1.768265E+02  8.529166E+01
1.851370E+02  1.077968E+02  -1.767303E+02  8.531632E+01
1.850924E+02  1.077438E+02  -1.766260E+02  8.534301E+01
1.850496E+02  1.076928E+02  -1.765255E+02  8.536866E+01
1.850024E+02  1.076366E+02  -1.764147E+02  8.539683E+01
1.849561E+02  1.075815E+02  -1.763060E+02  8.542445E+01
1.849271E+02  1.075471E+02  -1.762380E+02  8.544169E+01
1.848981E+02  1.075126E+02  -1.761699E+02  8.545892E+01
1.848660E+02  1.074743E+02  -1.760944E+02  8.547799E+01
1.848338E+02  1.074360E+02  -1.760187E+02  8.549706E+01
1.847892E+02  1.073829E+02  -1.759138E+02  8.552349E+01
1.847460E+02  1.073315E+02  -1.758121E+02  8.554901E+01
1.847043E+02  1.072819E+02  -1.757141E+02  8.557357E+01
1.846634E+02  1.072333E+02  -1.756180E+02  8.559760E+01
1.846223E+02  1.071844E+02  -1.755213E+02  8.562176E+01
1.845819E+02  1.071363E+02  -1.754260E+02  8.564547E+01
1.845379E+02  1.070839E+02  -1.753224E+02  8.567122E+01
1.844947E+02  1.070326E+02  -1.752206E+02  8.569646E+01
1.844658E+02  1.069982E+02  -1.751525E+02  8.571332E+01
1.844368E+02  1.069637E+02  -1.750842E+02  8.573018E+01
1.843921E+02  1.069105E+02  -1.749787E+02  8.575619E+01
1.843481E+02  1.068582E+02  -1.748750E+02  8.578168E+01
1.842979E+02  1.067985E+02  -1.747565E+02  8.581079E+01
1.842714E+02  1.067670E+02  -1.746940E+02  8.582613E+01
1.842449E+02  1.067354E+02  -1.746313E+02  8.584147E+01
1.841926E+02  1.066732E+02  -1.745077E+02  8.587162E+01
1.841476E+02  1.066197E+02  -1.744014E+02  8.589753E+01
1.841033E+02  1.065671E+02  -1.742968E+02  8.592292E+01
1.840602E+02  1.065158E+02  -1.741948E+02  8.594765E+01
1.840183E+02  1.064659E+02  -1.740957E+02  8.597163E+01
1.839854E+02  1.064268E+02  -1.740177E+02  8.599042E+01
1.839525E+02  1.063876E+02  -1.739399E+02  8.600922E+01
1.839260E+02  1.063562E+02  -1.738772E+02  8.602430E+01
1.838995E+02  1.063247E+02  -1.738145E+02  8.603937E+01
1.838465E+02  1.062616E+02  -1.736887E+02  8.606953E+01
1.838187E+02  1.062285E+02  -1.736228E+02  8.608529E+01
1.837908E+02  1.061954E+02  -1.735569E+02  8.610104E+01
1.837469E+02  1.061432E+02  -1.734527E+02  8.612591E+01
1.837184E+02  1.061094E+02  -1.733853E+02  8.614198E+01
1.836900E+02  1.060755E+02  -1.733177E+02  8.615804E+01
1.836416E+02  1.060180E+02  -1.732029E+02  8.618528E+01
1.836010E+02  1.059697E+02  -1.731064E+02  8.620811E+01
1.835614E+02  1.059227E+02  -1.730126E+02  8.623030E+01
1.835344E+02  1.058906E+02  -1.729485E+02  8.624541E+01
1.835074E+02  1.058585E+02  -1.728843E+02  8.626053E+01
1.834555E+02  1.057968E+02  -1.727610E+02  8.628952E+01
1.833943E+02  1.057240E+02  -1.726154E+02  8.632364E+01
1.833486E+02  1.056697E+02  -1.725067E+02  8.634905E+01
1.833039E+02  1.056165E+02  -1.724003E+02  8.637387E+01
1.832572E+02  1.055610E+02  -1.722891E+02  8.639974E+01
1.832067E+02  1.055010E+02  -1.721688E+02  8.642766E+01
1.831849E+02  1.054751E+02  -1.721169E+02  8.643968E+01
1.831631E+02  1.054492E+02  -1.720650E+02  8.645170E+01
1.831221E+02  1.054004E+02  -1.719672E+02  8.647429E+01
1.830850E+02  1.053563E+02  -1.718787E+02  8.649471E+01
1.830485E+02  1.053129E+02  -1.717917E+02  8.651473E+01
1.830130E+02  1.052707E+02  -1.717069E+02  8.653420E+01
1.829774E+02  1.052285E+02  -1.716221E+02  8.655366E+01
1.829229E+02  1.051637E+02  -1.714919E+02  8.658344E+01
1.828700E+02  1.051009E+02  -1.713657E+02  8.661223E+01
1.828187E+02  1.050399E+02  -1.712431E+02  8.664014E+01
1.827825E+02  1.049969E+02  -1.711567E+02  8.665975E+01
1.827525E+02  1.049612E+02  -1.710848E+02  8.667601E+01
1.827225E+02  1.049256E+02  -1.710131E+02  8.669227E+01
1.826649E+02  1.048572E+02  -1.708753E+02  8.672338E+01
1.826091E+02  1.047909E+02  -1.707418E+02  8.675346E+01
1.825551E+02  1.047267E+02  -1.706124E+02  8.678253E+01
1.825014E+02  1.046628E+02  -1.704836E+02  8.681132E+01
1.824437E+02  1.045944E+02  -1.703455E+02  8.684218E+01
1.824024E+02  1.045452E+02  -1.702463E+02  8.686426E+01
1.823616E+02  1.044968E+02  -1.701485E+02  8.688599E+01
1.823193E+02  1.044466E+02  -1.700470E+02  8.690850E+01
1.822802E+02  1.044001E+02  -1.699530E+02  8.692933E+01
1.822406E+02  1.043530E+02  -1.698579E+02  8.695032E+01
1.822042E+02  1.043098E+02  -1.697705E+02  8.696961E+01
1.821809E+02  1.042822E+02  -1.697146E+02  8.698190E+01
1.821577E+02  1.042546E+02  -1.696588E+02  8.699419E+01
1.821235E+02  1.042140E+02  -1.695766E+02  8.701221E+01
1.820893E+02  1.041734E+02  -1.694945E+02  8.703022E+01
1.820223E+02  1.040938E+02  -1.693333E+02  8.706545E+01
1.819791E+02  1.040424E+02  -1.692291E+02  8.708817E+01
1.819372E+02  1.039927E+02  -1.691283E+02  8.711011E+01
1.818900E+02  1.039367E+02  -1.690147E+02  8.713474E+01
1.818534E+02  1.038932E+02  -1.689265E+02  8.715386E+01
1.818167E+02  1.038496E+02  -1.688382E+02  8.717298E+01
1.817460E+02  1.037657E+02  -1.686676E+02  8.720974E+01
1.816790E+02  1.036861E+02  -1.685059E+02  8.724448E+01
1.816381E+02  1.036375E+02  -1.684073E+02  8.726562E+01
1.815982E+02  1.035901E+02  -1.683108E+02  8.728627E+01
1.815538E+02  1.035374E+02  -1.682037E+02  8.730911E+01
1.815095E+02  1.034847E+02  -1.680964E+02  8.733192E+01
1.814623E+02  1.034288E+02  -1.679825E+02  8.735616E+01
1.814093E+02  1.033658E+02  -1.678542E+02  8.738334E+01
1.813778E+02  1.033284E+02  -1.677779E+02  8.739946E+01
1.813462E+02  1.032909E+02  -1.677016E+02  8.741559E+01
1.812884E+02  1.032222E+02  -1.675616E+02  8.744507E+01
1.812581E+02  1.031863E+02  -1.674882E+02  8.746051E+01
1.812277E+02  1.031502E+02  -1.674146E+02  8.747594E+01
1.811702E+02  1.030820E+02  -1.672754E+02  8.750507E+01
1.811161E+02  1.030177E+02  -1.671441E+02  8.753251E+01
1.810843E+02  1.029800E+02  -1.670670E+02  8.754856E+01
1.810525E+02  1.029423E+02  -1.669898E+02  8.756460E+01
1.810312E+02  1.029170E+02  -1.669382E+02  8.757531E+01
1.810100E+02  1.028918E+02  -1.668866E+02  8.758603E+01
1.809712E+02  1.028458E+02  -1.667925E+02  8.760552E+01
1.809335E+02  1.028011E+02  -1.667010E+02  8.762447E+01
1.809083E+02  1.027711E+02  -1.666397E+02  8.763714E+01
1.808829E+02  1.027410E+02  -1.665781E+02  8.764982E+01
1.808375E+02  1.026871E+02  -1.664677E+02  8.767255E+01
1.807966E+02  1.026385E+02  -1.663682E+02  8.769299E+01
1.807578E+02  1.025925E+02  -1.662739E+02  8.771233E+01
1.807311E+02  1.025608E+02  -1.662089E+02  8.772561E+01
1.807044E+02  1.025291E+02  -1.661440E+02  8.773888E+01
1.806486E+02  1.024629E+02  -1.660081E+02  8.776660E+01
1.805937E+02  1.023977E+02  -1.658743E+02  8.779384E+01
1.805392E+02  1.023331E+02  -1.657416E+02  8.782072E+01
1.804902E+02  1.022749E+02  -1.656220E+02  8.784494E+01
1.804424E+02  1.022182E+02  -1.655055E+02  8.786843E+01
1.803983E+02  1.021658E+02  -1.653977E+02  8.789014E+01
1.803552E+02  1.021147E+02  -1.652926E+02  8.791128E+01
1.803108E+02  1.020620E+02  -1.651841E+02  8.793302E+01
1.802663E+02  1.020093E+02  -1.650755E+02  8.795473E+01
1.802316E+02  1.019681E+02  -1.649907E+02  8.797170E+01
1.802060E+02  1.019376E+02  -1.649279E+02  8.798420E+01
1.801803E+02  1.019071E+02  -1.648652E+02  8.799670E+01
1.801289E+02  1.018462E+02  -1.647395E+02  8.802170E+01
1.801031E+02  1.018156E+02  -1.646763E+02  8.803420E+01
1.800774E+02  1.017851E+02  -1.646134E+02  8.804670E+01
1.800417E+02  1.017428E+02  -1.645262E+02  8.806392E+01
1.800081E+02  1.017029E+02  -1.644437E+02  8.808022E+01
1.799682E+02  1.016556E+02  -1.643461E+02  8.809947E+01
1.799164E+02  1.015941E+02  -1.642190E+02  8.812443E+01
1.798706E+02  1.015398E+02  -1.641070E+02  8.814643E+01
1.798245E+02  1.014851E+02  -1.639938E+02  8.816858E+01
1.797794E+02  1.014316E+02  -1.638831E+02  8.819017E+01
1.797288E+02  1.013716E+02  -1.637590E+02  8.821436E+01
1.797012E+02  1.013389E+02  -1.636912E+02  8.822752E+01
1.796737E+02  1.013062E+02  -1.636236E+02  8.824067E+01
1.796333E+02  1.012584E+02  -1.635246E+02  8.825986E+01
1.795821E+02  1.011976E+02  -1.633986E+02  8.828419E+01
1.795223E+02  1.011267E+02  -1.632515E+02  8.831254E+01
1.794639E+02  1.010574E+02  -1.631080E+02  8.834011E+01
1.794026E+02  1.009847E+02  -1.629570E+02  8.836903E+01
1.793478E+02  1.009198E+02  -1.628221E+02  8.839481E+01
1.793217E+02  1.008889E+02  -1.627579E+02  8.840705E+01
1.792956E+02  1.008579E+02  -1.626936E+02  8.841929E+01
1.792696E+02  1.008271E+02  -1.626296E+02  8.843148E+01
1.792435E+02  1.007962E+02  -1.625653E+02  8.844366E+01
1.792143E+02  1.007615E+02  -1.624933E+02  8.845733E+01
1.791847E+02  1.007264E+02  -1.624201E+02  8.847120E+01
1.791480E+02  1.006829E+02  -1.623297E+02  8.848829E+01
1.791123E+02  1.006406E+02  -1.622417E+02  8.850495E+01
1.790672E+02  1.005871E+02  -1.621302E+02  8.852595E+01
1.790156E+02  1.005258E+02  -1.620025E+02  8.854998E+01
1.789822E+02  1.004863E+02  -1.619201E+02  8.856546E+01
1.789489E+02  1.004468E+02  -1.618376E+02  8.858094E+01
1.789202E+02  1.004128E+02  -1.617668E+02  8.859423E+01
1.788915E+02  1.003787E+02  -1.616957E+02  8.860752E+01
1.788529E+02  1.003329E+02  -1.616000E+02  8.862540E+01
1.788265E+02  1.003016E+02  -1.615347E+02  8.863757E+01
1.788002E+02  1.002704E+02  -1.614694E+02  8.864974E+01
1.787416E+02  1.002008E+02  -1.613241E+02  8.867679E+01
1.786833E+02  1.001317E+02  -1.611796E+02  8.870359E+01
1.786441E+02  1.000851E+02  -1.610821E+02  8.872166E+01
1.786047E+02  1.000384E+02  -1.609843E+02  8.873973E+01
1.785667E+02  9.999332E+01  -1.608899E+02  8.875716E+01
1.785286E+02  9.994815E+01  -1.607954E+02  8.877452E+01
1.784862E+02  9.989791E+01  -1.606901E+02  8.879378E+01
1.784453E+02  9.984940E+01  -1.605885E+02  8.881232E+01
1.784013E+02  9.979727E+01  -1.604793E+02  8.883217E+01
1.783570E+02  9.974487E+01  -1.603695E+02  8.885203E+01
1.783138E+02  9.969387E+01  -1.602627E+02  8.887128E+01
1.782802E+02  9.965407E+01  -1.601793E+02  8.888630E+01
1.782462E+02  9.961398E+01  -1.600952E+02  8.890131E+01
1.782143E+02  9.957622E+01  -1.600160E+02  8.891543E+01
1.781822E+02  9.953837E+01  -1.599366E+02  8.892956E+01
1.781428E+02  9.949188E+01  -1.598392E+02  8.894684E+01
1.781240E+02  9.946970E+01  -1.597926E+02  8.895507E+01
1.781146E+02  9.945853E+01  -1.597692E+02  8.895919E+01
1.781099E+02  9.945302E+01  -1.597577E+02  8.896125E+01
1.781086E+02  9.945154E+01  -1.597546E+02  8.896176E+01
1.781081E+02  9.945085E+01  -1.597531E+02  8.896202E+01
1.781078E+02  9.945054E+01  -1.597525E+02  8.896215E+01
