# HSM/GeV  HNSM/GeV  HS/GeV  T/GeV
9.298802E+01  3.099313E+01  3.713137E-02  4.507921E+01
9.298604E+01  3.099256E+01  3.590065E-02  4.508156E+01
9.297845E+01  3.098997E+01  3.666660E-02  4.509097E+01
9.292222E+01  3.097014E+01  5.089221E-02  4.516107E+01
9.289788E+01  3.096185E+01  5.307051E-02  4.519113E+01
9.287340E+01  3.095384E+01  5.103738E-02  4.522119E+01
9.281872E+01  3.093631E+01  4.213688E-02  4.528809E+01
9.276381E+01  3.091882E+01  3.155089E-02  4.535499E+01
9.270185E+01  3.089925E+01  1.755182E-02  4.543018E+01
9.266662E+01  3.088768E+01  1.537983E-02  4.547296E+01
9.263144E+01  3.087587E+01  1.646539E-02  4.551574E+01
9.261038E+01  3.086902E+01  1.427978E-02  4.554113E+01
9.258942E+01  3.086202E+01  1.443025E-02  4.556653E+01
9.254716E+01  3.084821E+01  1.078442E-02  4.561732E+01
9.247117E+01  3.082266E+01  1.374714E-02  4.570881E+01
9.241311E+01  3.080370E+01  8.571580E-03  4.577816E+01
9.237365E+01  3.079133E+01  -1.510822E-03  4.582501E+01
9.235919E+01  3.078651E+01  -1.484860E-03  4.584226E+01
9.234472E+01  3.078168E+01  -1.393768E-03  4.585950E+01
9.230472E+01  3.076821E+01  3.970579E-04  4.590707E+01
9.226470E+01  3.075490E+01  -5.664628E-05  4.595463E+01
9.217990E+01  3.072665E+01  -2.188742E-04  4.605463E+01
9.213749E+01  3.071212E+01  4.950160E-03  4.610463E+01
9.209486E+01  3.069815E+01  1.673534E-03  4.615463E+01
9.203372E+01  3.067850E+01  -7.629962E-03  4.622580E+01
9.197256E+01  3.065831E+01  -1.031935E-02  4.629697E+01
9.196418E+01  3.065474E+01  -1.905730E-04  4.630704E+01
9.195550E+01  3.065197E+01  -1.748598E-03  4.631711E+01
9.191682E+01  3.063885E+01  1.278586E-03  4.636209E+01
9.188039E+01  3.062726E+01  -5.972693E-03  4.640417E+01
9.182592E+01  3.060918E+01  -6.975461E-03  4.646693E+01
9.178489E+01  3.059575E+01  -1.034656E-02  4.651406E+01
9.177486E+01  3.059165E+01  -4.278319E-04  4.652585E+01
9.176455E+01  3.058824E+01  -8.450288E-04  4.653763E+01
9.174348E+01  3.058090E+01  3.353016E-03  4.656198E+01
9.172217E+01  3.057413E+01  -8.903216E-04  4.658633E+01
9.167965E+01  3.055984E+01  5.939266E-04  4.663504E+01
9.161562E+01  3.053823E+01  4.090358E-03  4.670813E+01
9.158351E+01  3.052749E+01  4.459603E-03  4.674468E+01
9.155125E+01  3.051707E+01  1.821080E-04  4.678122E+01
9.152014E+01  3.050633E+01  4.994275E-03  4.681654E+01
9.143351E+01  3.047718E+01  8.556077E-03  4.691439E+01
9.130797E+01  3.043570E+01  3.767554E-03  4.705514E+01
9.112958E+01  3.037652E+01  7.987330E-05  4.725353E+01
9.099741E+01  3.033279E+01  -4.219079E-03  4.739905E+01
9.093121E+01  3.031035E+01  6.503619E-04  4.747181E+01
9.086457E+01  3.028820E+01  -6.346734E-05  4.754457E+01
9.078326E+01  3.026108E+01  4.143604E-05  4.763311E+01
9.073782E+01  3.024628E+01  -4.451260E-03  4.768224E+01
9.069233E+01  3.023096E+01  -2.390513E-03  4.773137E+01
9.062963E+01  3.021023E+01  -4.591339E-03  4.779894E+01
9.056684E+01  3.018897E+01  -2.769100E-04  4.786651E+01
9.050613E+01  3.016871E+01  -5.969071E-05  4.793142E+01
9.044411E+01  3.014805E+01  -1.306099E-04  4.799765E+01
9.037990E+01  3.012663E+01  -1.123376E-05  4.806591E+01
9.032532E+01  3.010845E+01  -1.410973E-04  4.812376E+01
9.027165E+01  3.009062E+01  -9.305869E-04  4.818036E+01
9.008906E+01  3.002971E+01  -3.480637E-04  4.837212E+01
8.990466E+01  2.996810E+01  1.634534E-03  4.856388E+01
8.982623E+01  2.994154E+01  7.044883E-03  4.864494E+01
8.978676E+01  2.992890E+01  2.656958E-04  4.868546E+01
8.974723E+01  2.991585E+01  -1.477536E-03  4.872599E+01
8.967821E+01  2.989326E+01  -6.989105E-03  4.879653E+01
8.966119E+01  2.988707E+01  -1.204199E-04  4.881416E+01
8.964392E+01  2.988126E+01  5.237554E-04  4.883180E+01
8.950798E+01  2.983602E+01  -4.340395E-04  4.897003E+01
8.937104E+01  2.979046E+01  -1.400996E-03  4.910827E+01
8.927143E+01  2.975715E+01  -2.022524E-05  4.920829E+01
8.917128E+01  2.972378E+01  -1.717509E-04  4.930831E+01
8.899185E+01  2.966414E+01  -2.641390E-03  4.948619E+01
8.881058E+01  2.960430E+01  -1.034381E-02  4.966407E+01
8.879740E+01  2.959914E+01  -5.125529E-05  4.967723E+01
8.878398E+01  2.959456E+01  1.372539E-03  4.969040E+01
8.869942E+01  2.956645E+01  3.523369E-04  4.977281E+01
8.860757E+01  2.953573E+01  1.752154E-03  4.986199E+01
8.851546E+01  2.950472E+01  5.905430E-03  4.995116E+01
8.846089E+01  2.948695E+01  1.519293E-04  5.000345E+01
8.840643E+01  2.946900E+01  -2.722890E-03  5.005574E+01
8.825430E+01  2.941815E+01  -7.542230E-04  5.020112E+01
8.816680E+01  2.938904E+01  -1.367298E-03  5.028426E+01
8.807900E+01  2.935966E+01  1.724978E-04  5.036740E+01
8.799451E+01  2.933148E+01  2.605546E-04  5.044695E+01
8.786127E+01  2.928709E+01  -9.036395E-05  5.057181E+01
8.769626E+01  2.923209E+01  -1.861659E-05  5.072539E+01
8.752707E+01  2.917570E+01  -7.513788E-05  5.088161E+01
8.743978E+01  2.914659E+01  3.502353E-05  5.096175E+01
8.735198E+01  2.911755E+01  -3.079109E-03  5.104189E+01
8.692388E+01  2.897463E+01  -7.706477E-05  5.142881E+01
8.650984E+01  2.883672E+01  -1.410383E-03  5.179581E+01
8.640018E+01  2.880005E+01  9.231157E-05  5.189195E+01
8.628981E+01  2.876345E+01  -2.650601E-03  5.198810E+01
8.617697E+01  2.872535E+01  4.314891E-03  5.208617E+01
8.613815E+01  2.871270E+01  1.521994E-04  5.211964E+01
8.609936E+01  2.869993E+01  -1.929344E-03  5.215310E+01
8.586513E+01  2.862171E+01  -1.971578E-05  5.235417E+01
8.574701E+01  2.858261E+01  -3.884669E-03  5.245471E+01
8.568779E+01  2.856264E+01  -5.979489E-04  5.250498E+01
8.562851E+01  2.854285E+01  -2.179941E-04  5.255525E+01
8.535813E+01  2.845270E+01  1.239924E-04  5.278247E+01
8.523922E+01  2.841327E+01  -2.723395E-03  5.288151E+01
8.511979E+01  2.837327E+01  -6.408273E-05  5.298054E+01
8.501589E+01  2.833862E+01  8.010644E-05  5.306644E+01
8.491126E+01  2.830375E+01  2.766068E-05  5.315233E+01
8.472779E+01  2.824262E+01  -2.846632E-04  5.330231E+01
8.444107E+01  2.814702E+01  1.131865E-04  5.353432E+01
8.427822E+01  2.809290E+01  -2.229362E-03  5.366487E+01
8.419640E+01  2.806553E+01  -8.474145E-04  5.373015E+01
8.411421E+01  2.803822E+01  -2.073733E-03  5.379543E+01
8.359650E+01  2.786551E+01  -1.588004E-04  5.420238E+01
8.346536E+01  2.782163E+01  2.252198E-03  5.430411E+01
8.333354E+01  2.777768E+01  2.341494E-03  5.440585E+01
8.294734E+01  2.764912E+01  -1.375573E-04  5.470082E+01
8.255539E+01  2.751846E+01  1.376828E-04  5.499578E+01
8.233215E+01  2.744395E+01  1.443872E-03  5.516189E+01
8.210678E+01  2.736893E+01  -1.174258E-05  5.532801E+01
8.191383E+01  2.730477E+01  -2.263306E-03  5.546921E+01
8.174928E+01  2.724977E+01  -1.711848E-04  5.558881E+01
8.158375E+01  2.719457E+01  1.159451E-04  5.570841E+01
8.131187E+01  2.710396E+01  1.143179E-05  5.590318E+01
8.103248E+01  2.701088E+01  -7.725680E-04  5.610137E+01
8.070757E+01  2.690261E+01  -1.447987E-03  5.632935E+01
8.054371E+01  2.684776E+01  2.136562E-03  5.644334E+01
8.037875E+01  2.679291E+01  2.626212E-05  5.655733E+01
8.011543E+01  2.670514E+01  3.330953E-05  5.673797E+01
7.995246E+01  2.665070E+01  1.758298E-03  5.684892E+01
7.978859E+01  2.659620E+01  1.807851E-05  5.695987E+01
7.949952E+01  2.649983E+01  1.069583E-04  5.715398E+01
7.934438E+01  2.644835E+01  -3.451243E-03  5.725730E+01
7.918851E+01  2.639628E+01  -1.546959E-03  5.736063E+01
7.894171E+01  2.631401E+01  -1.627538E-03  5.752304E+01
7.869279E+01  2.623094E+01  -2.542746E-04  5.768546E+01
7.838158E+01  2.612719E+01  1.161557E-04  5.788662E+01
7.796325E+01  2.598776E+01  -9.612966E-05  5.815366E+01
7.781345E+01  2.593782E+01  -6.740997E-05  5.824835E+01
7.766292E+01  2.588764E+01  -2.166454E-05  5.834303E+01
7.739421E+01  2.579817E+01  -1.668161E-03  5.851087E+01
7.721492E+01  2.573830E+01  1.660846E-04  5.862205E+01
7.703454E+01  2.567818E+01  3.033273E-05  5.873322E+01
7.679113E+01  2.559722E+01  -2.792535E-03  5.888216E+01
7.642483E+01  2.547478E+01  2.607890E-03  5.910417E+01
7.621851E+01  2.540617E+01  1.074800E-04  5.922795E+01
7.601090E+01  2.533697E+01  -8.614621E-05  5.935174E+01
7.565025E+01  2.521675E+01  -5.860831E-05  5.956478E+01
7.520866E+01  2.506955E+01  8.229883E-05  5.982231E+01
7.476901E+01  2.492287E+01  2.237838E-03  6.007512E+01
7.450849E+01  2.483601E+01  2.424954E-03  6.022335E+01
7.424553E+01  2.474851E+01  -5.031338E-05  6.037158E+01
7.384856E+01  2.461619E+01  -2.015910E-05  6.059314E+01
7.344601E+01  2.448204E+01  -6.366310E-04  6.081506E+01
7.323203E+01  2.441080E+01  -1.865655E-03  6.093189E+01
7.301662E+01  2.433887E+01  2.335102E-07  6.104873E+01
7.266378E+01  2.422127E+01  -1.049699E-04  6.123840E+01
7.217005E+01  2.405653E+01  2.543231E-03  6.150050E+01
7.166856E+01  2.388960E+01  -1.320739E-03  6.176260E+01
7.120549E+01  2.373527E+01  -1.807090E-03  6.200108E+01
7.071182E+01  2.357060E+01  3.397817E-05  6.225181E+01
7.046212E+01  2.348735E+01  4.190636E-04  6.237717E+01
7.021061E+01  2.340354E+01  -2.886059E-06  6.250253E+01
6.995581E+01  2.331860E+01  3.519199E-05  6.262857E+01
6.969900E+01  2.323300E+01  7.533394E-05  6.275460E+01
6.947823E+01  2.315943E+01  -4.387086E-04  6.286224E+01
6.925588E+01  2.308530E+01  -1.248646E-04  6.296987E+01
6.889218E+01  2.296406E+01  3.083520E-05  6.314445E+01
6.850355E+01  2.283451E+01  6.343082E-05  6.332902E+01
6.807870E+01  2.269290E+01  2.943274E-05  6.352831E+01
6.755523E+01  2.251841E+01  8.910706E-06  6.377052E+01
6.724585E+01  2.241526E+01  4.231716E-04  6.391202E+01
6.693339E+01  2.231113E+01  -6.462670E-05  6.405351E+01
6.669858E+01  2.223284E+01  2.511585E-04  6.415906E+01
6.646224E+01  2.215419E+01  -1.967431E-03  6.426460E+01
6.628497E+01  2.209499E+01  -2.018480E-06  6.434321E+01
6.610694E+01  2.203565E+01  2.266650E-06  6.442182E+01
6.581287E+01  2.193763E+01  -8.511464E-05  6.455077E+01
6.556165E+01  2.185382E+01  1.108587E-03  6.466007E+01
6.523119E+01  2.174373E+01  2.131738E-06  6.480263E+01
6.503168E+01  2.167723E+01  -7.121428E-05  6.488807E+01
6.483102E+01  2.161035E+01  -1.406399E-04  6.497352E+01
6.460295E+01  2.153432E+01  -2.618354E-05  6.507001E+01
6.437346E+01  2.145797E+01  -2.897420E-03  6.516651E+01
6.399181E+01  2.133067E+01  -1.305173E-03  6.532555E+01
6.338225E+01  2.112742E+01  -3.301351E-06  6.557598E+01
6.304624E+01  2.101547E+01  -1.086843E-03  6.571221E+01
6.270690E+01  2.090246E+01  -3.009600E-03  6.584843E+01
6.211026E+01  2.070342E+01  -7.230555E-06  6.608491E+01
6.179085E+01  2.059683E+01  2.243565E-03  6.620983E+01
6.146852E+01  2.048951E+01  2.554613E-06  6.633475E+01
6.124790E+01  2.041606E+01  -1.860922E-03  6.641959E+01
6.102590E+01  2.034202E+01  -1.029613E-03  6.650444E+01
6.083210E+01  2.027736E+01  2.515802E-05  6.657810E+01
6.023961E+01  2.007986E+01  5.673154E-05  6.680079E+01
5.982166E+01  1.994056E+01  -1.367993E-04  6.695561E+01
5.961083E+01  1.987030E+01  -5.213705E-04  6.703301E+01
5.939885E+01  1.979962E+01  -1.477298E-04  6.711042E+01
5.921625E+01  1.973873E+01  3.382686E-04  6.717666E+01
5.905382E+01  1.968461E+01  -3.871806E-05  6.723532E+01
5.876257E+01  1.958742E+01  1.940709E-03  6.733987E+01
5.847084E+01  1.949028E+01  7.024760E-06  6.744370E+01
5.817681E+01  1.939233E+01  -1.283925E-03  6.754753E+01
5.772164E+01  1.924054E+01  7.514653E-05  6.770651E+01
5.758977E+01  1.919654E+01  1.080493E-03  6.775218E+01
5.745739E+01  1.915247E+01  7.303367E-07  6.779786E+01
5.717897E+01  1.905966E+01  -4.259487E-05  6.789338E+01
5.692411E+01  1.897471E+01  -1.706702E-04  6.798017E+01
5.666733E+01  1.888911E+01  3.128867E-05  6.806696E+01
5.654162E+01  1.884730E+01  -1.859761E-03  6.810923E+01
5.641542E+01  1.880514E+01  1.005531E-05  6.815150E+01
5.623866E+01  1.874629E+01  -1.470925E-03  6.821037E+01
5.589430E+01  1.863149E+01  -1.036779E-03  6.832451E+01
5.538685E+01  1.846228E+01  5.257533E-05  6.849052E+01
5.507923E+01  1.835974E+01  3.674999E-05  6.858996E+01
5.476913E+01  1.825635E+01  6.681687E-04  6.868940E+01
5.443045E+01  1.814348E+01  -7.473341E-05  6.879693E+01
5.425986E+01  1.808666E+01  -7.320951E-04  6.885070E+01
5.408840E+01  1.802947E+01  -6.299719E-05  6.890446E+01
5.380098E+01  1.793372E+01  -1.441632E-03  6.899406E+01
5.351114E+01  1.783705E+01  -1.433921E-06  6.908366E+01
5.330822E+01  1.776933E+01  1.534242E-03  6.914595E+01
5.310401E+01  1.770131E+01  5.956474E-04  6.920823E+01
5.289415E+01  1.763140E+01  -3.240389E-04  6.927186E+01
5.268304E+01  1.756116E+01  -3.264874E-03  6.933548E+01
5.250517E+01  1.750172E+01  8.948701E-05  6.938882E+01
5.226882E+01  1.742295E+01  -1.627965E-04  6.945927E+01
5.181449E+01  1.727150E+01  -1.648354E-05  6.959324E+01
5.158916E+01  1.719636E+01  7.022173E-04  6.965909E+01
5.136232E+01  1.712062E+01  3.601680E-03  6.972494E+01
5.109991E+01  1.703331E+01  -4.139019E-05  6.980054E+01
5.082129E+01  1.694043E+01  -3.446998E-05  6.988013E+01
5.070113E+01  1.690040E+01  -5.153073E-04  6.991434E+01
5.058035E+01  1.686015E+01  -8.087735E-04  6.994854E+01
5.006498E+01  1.668832E+01  9.013989E-08  7.009307E+01
4.980451E+01  1.660152E+01  -3.069918E-04  7.016533E+01
4.967343E+01  1.655781E+01  -6.446757E-06  7.020146E+01
4.954181E+01  1.651406E+01  -3.054673E-03  7.023759E+01
4.938895E+01  1.646305E+01  -1.468445E-03  7.027940E+01
4.893920E+01  1.631307E+01  -1.300719E-05  7.040132E+01
4.871029E+01  1.623676E+01  2.134807E-04  7.046277E+01
4.859520E+01  1.619843E+01  -6.125758E-04  7.049350E+01
4.847980E+01  1.615987E+01  1.600710E-03  7.052422E+01
4.832535E+01  1.610840E+01  1.177438E-03  7.056516E+01
4.816800E+01  1.605595E+01  1.158065E-03  7.060659E+01
4.801022E+01  1.600345E+01  -1.030828E-03  7.064802E+01
4.786873E+01  1.595625E+01  -3.095926E-04  7.068499E+01
4.772179E+01  1.590726E+01  7.544047E-05  7.072325E+01
4.746570E+01  1.582183E+01  1.711038E-03  7.078948E+01
4.726610E+01  1.575543E+01  -1.686196E-03  7.084071E+01
4.716589E+01  1.572204E+01  -1.891665E-03  7.086633E+01
4.706542E+01  1.568855E+01  -2.064670E-03  7.089195E+01
4.680395E+01  1.560138E+01  -1.585936E-03  7.095825E+01
4.651750E+01  1.550579E+01  1.221001E-03  7.103027E+01
4.637324E+01  1.545763E+01  3.084070E-03  7.106628E+01
4.622857E+01  1.540942E+01  2.644188E-03  7.110230E+01
4.606684E+01  1.535557E+01  1.072143E-03  7.114228E+01
4.590449E+01  1.530150E+01  -1.966785E-05  7.118227E+01
4.565005E+01  1.521669E+01  -1.863022E-04  7.124450E+01
4.539377E+01  1.513123E+01  7.399970E-04  7.130673E+01
4.522862E+01  1.507616E+01  1.451121E-03  7.134652E+01
4.506287E+01  1.502090E+01  1.701445E-03  7.138632E+01
4.491650E+01  1.497217E+01  3.403145E-05  7.142126E+01
4.476964E+01  1.492324E+01  -6.345020E-04  7.145620E+01
4.469244E+01  1.489747E+01  3.653321E-04  7.147445E+01
4.461516E+01  1.487171E+01  2.050463E-04  7.149270E+01
4.445950E+01  1.481986E+01  -7.765193E-04  7.152932E+01
4.431163E+01  1.477056E+01  -3.851574E-04  7.156396E+01
4.417194E+01  1.472405E+01  -1.883351E-03  7.159655E+01
4.396776E+01  1.465594E+01  -4.840797E-04  7.164392E+01
4.378224E+01  1.459405E+01  7.352567E-04  7.168666E+01
4.361818E+01  1.453937E+01  6.917423E-04  7.172428E+01
4.340555E+01  1.446853E+01  -3.053602E-04  7.177277E+01
4.320506E+01  1.440176E+01  -2.133225E-03  7.181812E+01
4.311877E+01  1.437292E+01  -9.467270E-06  7.183757E+01
4.303229E+01  1.434410E+01  -1.951021E-04  7.185702E+01
4.292517E+01  1.430838E+01  9.696616E-05  7.188102E+01
4.281767E+01  1.427256E+01  1.445553E-07  7.190502E+01
4.271355E+01  1.423784E+01  1.726993E-04  7.192816E+01
4.266161E+01  1.422051E+01  7.331779E-04  7.193973E+01
4.260931E+01  1.420309E+01  3.075122E-04  7.195131E+01
4.245394E+01  1.415131E+01  3.694753E-05  7.198558E+01
4.230452E+01  1.410149E+01  5.559300E-04  7.201841E+01
4.206056E+01  1.402020E+01  -4.464105E-04  7.207168E+01
4.181375E+01  1.393791E+01  2.918059E-05  7.212513E+01
4.156211E+01  1.385399E+01  1.292175E-03  7.217921E+01
4.130812E+01  1.376936E+01  5.466553E-04  7.223330E+01
4.107698E+01  1.369230E+01  6.280917E-04  7.228217E+01
4.087847E+01  1.362616E+01  -7.186686E-05  7.232383E+01
4.077526E+01  1.359176E+01  -7.178476E-05  7.234536E+01
4.067170E+01  1.355720E+01  1.049841E-03  7.236690E+01
4.057574E+01  1.352519E+01  1.610920E-03  7.238683E+01
4.047933E+01  1.349311E+01  4.764334E-05  7.240675E+01
4.038410E+01  1.346133E+01  1.050010E-03  7.242639E+01
4.028788E+01  1.342928E+01  4.300394E-04  7.244616E+01
4.016792E+01  1.338931E+01  -1.600934E-04  7.247066E+01
4.005617E+01  1.335204E+01  3.680474E-04  7.249347E+01
3.986302E+01  1.328764E+01  9.661739E-04  7.253262E+01
3.964211E+01  1.321404E+01  -1.656265E-04  7.257715E+01
3.944827E+01  1.314948E+01  -1.601587E-03  7.261590E+01
3.936468E+01  1.312162E+01  -1.783502E-03  7.263250E+01
3.928111E+01  1.309376E+01  -1.840092E-03  7.264910E+01
3.920197E+01  1.306738E+01  -1.919422E-03  7.266478E+01
3.911561E+01  1.303854E+01  -2.750930E-05  7.268181E+01
3.902905E+01  1.300970E+01  -5.549143E-04  7.269884E+01
3.892772E+01  1.297593E+01  -8.309640E-04  7.271869E+01
3.882634E+01  1.294211E+01  -1.107354E-05  7.273854E+01
3.869674E+01  1.289894E+01  -6.418063E-04  7.276373E+01
3.858521E+01  1.286175E+01  -2.832912E-04  7.278538E+01
3.852962E+01  1.284321E+01  -2.698930E-04  7.279613E+01
3.847381E+01  1.282461E+01  -2.562831E-04  7.280687E+01
3.834719E+01  1.278243E+01  -1.181131E-03  7.283122E+01
3.822200E+01  1.274066E+01  3.157320E-04  7.285516E+01
3.807951E+01  1.269317E+01  6.017762E-05  7.288235E+01
3.794460E+01  1.264820E+01  3.050347E-04  7.290791E+01
3.773961E+01  1.257987E+01  -2.558664E-05  7.294658E+01
3.752502E+01  1.250833E+01  3.102760E-04  7.298672E+01
3.730891E+01  1.243629E+01  5.708744E-04  7.302686E+01
3.720311E+01  1.240102E+01  4.799823E-04  7.304642E+01
3.709684E+01  1.236561E+01  -8.725563E-06  7.306597E+01
3.699392E+01  1.233131E+01  -2.428879E-04  7.308478E+01
3.689783E+01  1.229929E+01  -3.892379E-04  7.310235E+01
3.679655E+01  1.226556E+01  -1.333797E-03  7.312074E+01
3.669523E+01  1.223177E+01  -1.035939E-03  7.313914E+01
3.660167E+01  1.220057E+01  -5.046404E-04  7.315602E+01
3.651223E+01  1.217076E+01  -5.824703E-04  7.317211E+01
3.642406E+01  1.214139E+01  -1.194655E-03  7.318794E+01
3.627191E+01  1.209068E+01  -1.478908E-03  7.321516E+01
3.613920E+01  1.204648E+01  -2.661907E-03  7.323874E+01
3.601705E+01  1.200569E+01  -4.255844E-05  7.326031E+01
3.585258E+01  1.195086E+01  -4.810876E-05  7.328925E+01
3.573556E+01  1.191184E+01  5.066558E-04  7.330978E+01
3.567654E+01  1.189217E+01  2.763839E-04  7.332004E+01
3.561747E+01  1.187248E+01  3.365469E-04  7.333031E+01
3.554493E+01  1.184831E+01  1.045094E-04  7.334293E+01
3.547207E+01  1.182401E+01  2.738254E-04  7.335555E+01
3.534195E+01  1.178063E+01  8.963628E-04  7.337802E+01
3.522060E+01  1.174017E+01  7.105159E-04  7.339886E+01
3.509858E+01  1.169948E+01  1.464321E-03  7.341969E+01
3.499535E+01  1.166513E+01  -3.573152E-04  7.343728E+01
3.472349E+01  1.157454E+01  -1.272003E-03  7.348323E+01
3.462315E+01  1.154108E+01  -1.125052E-03  7.350009E+01
3.452218E+01  1.150740E+01  -3.413470E-04  7.351695E+01
3.445320E+01  1.148443E+01  -6.993334E-04  7.352845E+01
3.438427E+01  1.146141E+01  5.335688E-04  7.353996E+01
3.431553E+01  1.143848E+01  1.046548E-03  7.355131E+01
3.425145E+01  1.141713E+01  8.337500E-04  7.356190E+01
3.416946E+01  1.138980E+01  6.179094E-04  7.357543E+01
3.408893E+01  1.136297E+01  5.721660E-04  7.358868E+01
3.386881E+01  1.128961E+01  -3.583368E-04  7.362466E+01
3.373994E+01  1.124664E+01  4.552065E-04  7.364555E+01
3.361085E+01  1.120361E+01  2.579598E-04  7.366645E+01
3.348958E+01  1.116320E+01  -3.292763E-04  7.368592E+01
3.337856E+01  1.112619E+01  -3.301176E-04  7.370367E+01
3.320178E+01  1.106729E+01  -1.270366E-03  7.373180E+01
3.316089E+01  1.105363E+01  -5.573419E-06  7.373828E+01
3.312006E+01  1.104002E+01  -2.349111E-04  7.374476E+01
3.301460E+01  1.100486E+01  2.876335E-04  7.376140E+01
3.291367E+01  1.097123E+01  -1.721006E-05  7.377722E+01
3.286327E+01  1.095441E+01  5.596018E-04  7.378513E+01
3.281261E+01  1.093750E+01  1.443549E-03  7.379304E+01
3.274740E+01  1.091576E+01  1.648204E-03  7.380323E+01
3.267440E+01  1.089143E+01  1.325173E-03  7.381457E+01
3.260389E+01  1.086796E+01  2.361401E-04  7.382549E+01
3.243595E+01  1.081203E+01  -1.549357E-03  7.385141E+01
3.229887E+01  1.076630E+01  -9.587096E-05  7.387240E+01
3.216111E+01  1.072032E+01  1.871645E-03  7.389340E+01
3.204357E+01  1.068120E+01  -3.527977E-04  7.391125E+01
3.194235E+01  1.064746E+01  -4.146439E-04  7.392653E+01
3.184490E+01  1.061499E+01  -6.667597E-04  7.394119E+01
3.174704E+01  1.058235E+01  -7.442592E-05  7.395583E+01
3.166399E+01  1.055466E+01  1.506358E-04  7.396825E+01
3.158112E+01  1.052704E+01  9.000657E-06  7.398057E+01
3.151102E+01  1.050366E+01  3.174016E-04  7.399098E+01
3.144163E+01  1.048053E+01  3.956782E-04  7.400124E+01
3.139541E+01  1.046513E+01  3.401203E-04  7.400807E+01
3.134874E+01  1.044957E+01  2.082412E-04  7.401491E+01
3.129784E+01  1.043262E+01  -1.166892E-04  7.402240E+01
3.124501E+01  1.041501E+01  -2.062527E-04  7.403015E+01
3.119271E+01  1.039759E+01  -6.660031E-04  7.403778E+01
3.114201E+01  1.038067E+01  6.992814E-05  7.404518E+01
3.103013E+01  1.034339E+01  -5.340552E-04  7.406143E+01
3.090592E+01  1.030200E+01  -1.037073E-03  7.407944E+01
3.084635E+01  1.028212E+01  -3.942352E-05  7.408804E+01
3.078662E+01  1.026221E+01  -2.933458E-04  7.409664E+01
3.073121E+01  1.024376E+01  -1.023656E-03  7.410458E+01
3.066740E+01  1.022251E+01  -1.720989E-03  7.411370E+01
3.060458E+01  1.020156E+01  -1.240464E-03  7.412267E+01
3.051562E+01  1.017188E+01  -1.944850E-04  7.413534E+01
3.047247E+01  1.015749E+01  1.858803E-05  7.414145E+01
3.042926E+01  1.014309E+01  -1.032215E-04  7.414757E+01
3.037925E+01  1.012641E+01  3.494388E-04  7.415463E+01
3.030843E+01  1.010284E+01  -9.033698E-04  7.416461E+01
3.023718E+01  1.007907E+01  -5.459108E-04  7.417460E+01
3.020223E+01  1.006742E+01  -5.887503E-04  7.417952E+01
3.016697E+01  1.005565E+01  -3.783408E-05  7.418444E+01
3.009682E+01  1.003229E+01  -5.131625E-04  7.419424E+01
3.002489E+01  1.000830E+01  -1.597587E-04  7.420424E+01
2.997197E+01  9.990662E+00  -3.058419E-04  7.421161E+01
2.991856E+01  9.972866E+00  -3.869194E-04  7.421899E+01
2.983280E+01  9.944268E+00  2.030053E-05  7.423086E+01
2.977824E+01  9.926091E+00  -4.974305E-04  7.423840E+01
2.972294E+01  9.907673E+00  -1.056142E-03  7.424593E+01
2.966235E+01  9.887479E+00  -1.091436E-03  7.425427E+01
2.960130E+01  9.867134E+00  -1.422107E-03  7.426261E+01
2.954060E+01  9.846904E+00  -1.227649E-03  7.427085E+01
2.947129E+01  9.823802E+00  -1.630743E-03  7.428028E+01
2.940161E+01  9.800535E+00  -8.567896E-06  7.428972E+01
2.932673E+01  9.775556E+00  8.567423E-04  7.429980E+01
2.925210E+01  9.750671E+00  1.357673E-03  7.430989E+01
2.918158E+01  9.727152E+00  1.255096E-03  7.431934E+01
2.905874E+01  9.686230E+00  6.518000E-04  7.433576E+01
2.899856E+01  9.666161E+00  9.762225E-04  7.434377E+01
2.893787E+01  9.645922E+00  1.421141E-03  7.435179E+01
2.887023E+01  9.623369E+00  1.565546E-03  7.436072E+01
2.880295E+01  9.600965E+00  7.143674E-04  7.436961E+01
2.876154E+01  9.587153E+00  9.829686E-04  7.437503E+01
2.872050E+01  9.573473E+00  1.079567E-03  7.438044E+01
2.869076E+01  9.563570E+00  7.737301E-04  7.438434E+01
2.866095E+01  9.553635E+00  7.111541E-04  7.438823E+01
2.861773E+01  9.539225E+00  8.362200E-04  7.439389E+01
2.857375E+01  9.524566E+00  1.043906E-03  7.439963E+01
2.847933E+01  9.493080E+00  1.111332E-03  7.441192E+01
2.843171E+01  9.477213E+00  8.641667E-04  7.441807E+01
2.838416E+01  9.461368E+00  8.599389E-04  7.442422E+01
2.833594E+01  9.445290E+00  1.280005E-03  7.443043E+01
2.829133E+01  9.430423E+00  1.022935E-03  7.443619E+01
2.824652E+01  9.415485E+00  1.100980E-03  7.444196E+01
2.818244E+01  9.394124E+00  9.428687E-04  7.445016E+01
2.810118E+01  9.367021E+00  1.675132E-03  7.446052E+01
2.803724E+01  9.345749E+00  2.945709E-05  7.446864E+01
2.797354E+01  9.324503E+00  4.041379E-04  7.447677E+01
2.792536E+01  9.308438E+00  6.475078E-04  7.448284E+01
2.787760E+01  9.292522E+00  5.544789E-04  7.448891E+01
2.781432E+01  9.271405E+00  1.128794E-03  7.449687E+01
2.775621E+01  9.252030E+00  1.819733E-03  7.450417E+01
2.769848E+01  9.232824E+00  9.416027E-05  7.451140E+01
2.764558E+01  9.215186E+00  7.745858E-05  7.451800E+01
2.759240E+01  9.197471E+00  -2.657991E-04  7.452461E+01
2.753370E+01  9.177893E+00  5.019539E-04  7.453193E+01
2.747242E+01  9.157458E+00  6.835286E-04  7.453951E+01
2.740868E+01  9.136222E+00  1.114553E-04  7.454739E+01
2.734120E+01  9.113734E+00  -1.908522E-05  7.455569E+01
2.730661E+01  9.102202E+00  1.812506E-04  7.455996E+01
2.727163E+01  9.090527E+00  5.818123E-04  7.456424E+01
2.722191E+01  9.073950E+00  8.695499E-04  7.457032E+01
2.717209E+01  9.057361E+00  1.420274E-06  7.457640E+01
2.709405E+01  9.031336E+00  4.770744E-04  7.458591E+01
2.702608E+01  9.008679E+00  6.957219E-04  7.459416E+01
2.696038E+01  8.986786E+00  5.424650E-04  7.460210E+01
2.684485E+01  8.948269E+00  5.509182E-04  7.461601E+01
2.671874E+01  8.906230E+00  7.309105E-04  7.463109E+01
2.661344E+01  8.871162E+00  -5.766866E-04  7.464365E+01
2.656040E+01  8.853469E+00  -2.524950E-05  7.464993E+01
2.653388E+01  8.844632E+00  -2.060084E-04  7.465307E+01
2.650732E+01  8.835788E+00  -4.459898E-04  7.465621E+01
2.645800E+01  8.819352E+00  -7.231715E-04  7.466202E+01
2.640144E+01  8.800498E+00  -7.363113E-04  7.466867E+01
2.634550E+01  8.781850E+00  -8.511153E-04  7.467527E+01
2.631498E+01  8.771680E+00  -1.135332E-03  7.467882E+01
2.628449E+01  8.761518E+00  -1.180488E-03  7.468238E+01
2.622629E+01  8.742140E+00  -1.727873E-03  7.468913E+01
2.616963E+01  8.723208E+00  3.195131E-05  7.469575E+01
2.604073E+01  8.680242E+00  3.448486E-05  7.471068E+01
2.600018E+01  8.666744E+00  -6.709062E-04  7.471534E+01
2.595976E+01  8.653268E+00  -7.847587E-04  7.472000E+01
2.591724E+01  8.639102E+00  -8.615857E-04  7.472490E+01
2.588262E+01  8.627562E+00  -1.008595E-03  7.472885E+01
2.584801E+01  8.616025E+00  -8.880750E-04  7.473280E+01
2.580296E+01  8.601002E+00  -6.405438E-04  7.473792E+01
2.575052E+01  8.583520E+00  -7.659826E-04  7.474391E+01
2.569635E+01  8.565473E+00  -1.014815E-03  7.475007E+01
2.564723E+01  8.549112E+00  -1.762970E-03  7.475563E+01
2.559892E+01  8.532976E+00  -7.223857E-05  7.476109E+01
2.554043E+01  8.513467E+00  3.796480E-04  7.476768E+01
2.546753E+01  8.489175E+00  2.611748E-04  7.477587E+01
2.539756E+01  8.465837E+00  7.802301E-04  7.478370E+01
2.532884E+01  8.442935E+00  6.623398E-04  7.479134E+01
2.526363E+01  8.421183E+00  1.239141E-03  7.479859E+01
2.522331E+01  8.407740E+00  1.532671E-03  7.480308E+01
2.518242E+01  8.394111E+00  1.442587E-03  7.480757E+01
2.512143E+01  8.373775E+00  1.655060E-03  7.481433E+01
2.502879E+01  8.342905E+00  1.267251E-03  7.482451E+01
2.498543E+01  8.328453E+00  9.758351E-04  7.482922E+01
2.494227E+01  8.314072E+00  8.249942E-04  7.483393E+01
2.490005E+01  8.299994E+00  9.208106E-04  7.483857E+01
2.485581E+01  8.285249E+00  8.541174E-04  7.484333E+01
2.481084E+01  8.270270E+00  5.078160E-04  7.484822E+01
2.477229E+01  8.257419E+00  7.409242E-04  7.485241E+01
2.473368E+01  8.244538E+00  1.013618E-03  7.485660E+01
2.469450E+01  8.231478E+00  9.810125E-04  7.486080E+01
2.465721E+01  8.219050E+00  1.123688E-03  7.486478E+01
2.461771E+01  8.205879E+00  1.354306E-03  7.486905E+01
2.457167E+01  8.190555E+00  9.757419E-05  7.487398E+01
2.451229E+01  8.170770E+00  -5.320097E-04  7.488031E+01
2.444471E+01  8.148246E+00  -3.003676E-04  7.488748E+01
2.437829E+01  8.126082E+00  6.414920E-04  7.489450E+01
2.432403E+01  8.108001E+00  6.642964E-04  7.490026E+01
2.426901E+01  8.089655E+00  7.332303E-04  7.490603E+01
2.421943E+01  8.073135E+00  5.090664E-04  7.491124E+01
2.419406E+01  8.064677E+00  3.079533E-04  7.491390E+01
2.416874E+01  8.056243E+00  1.695040E-04  7.491655E+01
2.409344E+01  8.031133E+00  6.902896E-04  7.492441E+01
2.400457E+01  8.001482E+00  1.974048E-03  7.493362E+01
2.396281E+01  7.987604E+00  4.433865E-05  7.493796E+01
2.392064E+01  7.973559E+00  -3.990264E-04  7.494229E+01
2.385793E+01  7.952674E+00  -1.241070E-03  7.494876E+01
2.379525E+01  7.931764E+00  -7.520963E-04  7.495520E+01
2.373613E+01  7.912056E+00  -5.758164E-04  7.496125E+01
2.367821E+01  7.892743E+00  -3.809635E-04  7.496712E+01
2.363652E+01  7.878857E+00  -6.345300E-04  7.497135E+01
2.359484E+01  7.864967E+00  -8.412660E-04  7.497558E+01
2.355806E+01  7.852700E+00  -5.834080E-04  7.497931E+01
2.351947E+01  7.839832E+00  -5.601056E-04  7.498322E+01
2.348096E+01  7.826988E+00  -1.575291E-04  7.498707E+01
2.344415E+01  7.814718E+00  -1.196152E-04  7.499079E+01
2.342207E+01  7.807363E+00  -3.985313E-04  7.499301E+01
2.339983E+01  7.799953E+00  -3.873088E-04  7.499522E+01
2.335917E+01  7.786408E+00  -8.365928E-04  7.499931E+01
2.330907E+01  7.769713E+00  -1.472188E-03  7.500429E+01
2.326540E+01  7.755156E+00  -1.305392E-03  7.500861E+01
2.322314E+01  7.741078E+00  -1.450080E-03  7.501283E+01
2.319607E+01  7.732024E+00  -3.327365E-05  7.501550E+01
2.316905E+01  7.723013E+00  5.954540E-05  7.501818E+01
2.313642E+01  7.712133E+00  2.898578E-04  7.502139E+01
2.310459E+01  7.701528E+00  5.602518E-05  7.502454E+01
2.308459E+01  7.694863E+00  -4.405680E-05  7.502651E+01
2.306445E+01  7.688145E+00  2.275795E-04  7.502847E+01
2.303481E+01  7.678258E+00  4.543004E-04  7.503141E+01
2.300470E+01  7.668223E+00  4.190450E-04  7.503435E+01
2.297456E+01  7.658178E+00  3.572571E-04  7.503730E+01
2.292705E+01  7.642345E+00  2.698465E-04  7.504193E+01
2.290391E+01  7.634633E+00  2.802523E-04  7.504414E+01
2.288150E+01  7.627162E+00  2.849986E-04  7.504636E+01
2.284734E+01  7.615771E+00  4.499571E-04  7.504968E+01
2.280924E+01  7.603071E+00  4.994341E-04  7.505337E+01
2.278708E+01  7.595680E+00  5.494842E-04  7.505551E+01
2.276495E+01  7.588307E+00  5.125722E-04  7.505764E+01
2.273828E+01  7.579418E+00  4.006552E-04  7.506021E+01
2.271215E+01  7.570707E+00  4.798681E-04  7.506273E+01
2.266680E+01  7.555595E+00  4.203358E-04  7.506709E+01
2.264661E+01  7.548869E+00  3.548055E-04  7.506901E+01
2.262670E+01  7.542227E+00  4.279298E-04  7.507093E+01
2.259665E+01  7.532210E+00  6.473717E-04  7.507381E+01
2.256713E+01  7.522372E+00  3.795897E-04  7.507664E+01
2.248370E+01  7.494570E+00  -5.675463E-04  7.508459E+01
2.246261E+01  7.487549E+00  -5.719363E-04  7.508658E+01
2.244155E+01  7.480522E+00  -3.965833E-04  7.508857E+01
2.240786E+01  7.469289E+00  -7.655284E-05  7.509177E+01
2.237313E+01  7.457716E+00  -7.507675E-05  7.509504E+01
2.233671E+01  7.445565E+00  2.842980E-04  7.509847E+01
2.230363E+01  7.434533E+00  6.431896E-04  7.510160E+01
2.226978E+01  7.423244E+00  7.525605E-04  7.510475E+01
2.220172E+01  7.400558E+00  9.440192E-04  7.511112E+01
2.213054E+01  7.376840E+00  3.049801E-04  7.511775E+01
2.206911E+01  7.356370E+00  2.258625E-04  7.512347E+01
2.200661E+01  7.335537E+00  5.738585E-05  7.512925E+01
2.195019E+01  7.316725E+00  2.710465E-05  7.513445E+01
2.189469E+01  7.298237E+00  -4.679903E-04  7.513956E+01
2.186466E+01  7.288228E+00  -4.877801E-04  7.514231E+01
2.183464E+01  7.278228E+00  -8.070266E-04  7.514506E+01
2.180814E+01  7.269391E+00  -7.736094E-04  7.514749E+01
2.178155E+01  7.260530E+00  -7.605188E-04  7.514991E+01
2.174577E+01  7.248606E+00  -6.669916E-04  7.515314E+01
2.170627E+01  7.235442E+00  -9.500590E-04  7.515675E+01
2.166229E+01  7.220778E+00  -8.284185E-04  7.516070E+01
2.162076E+01  7.206935E+00  -7.101746E-04  7.516442E+01
2.159125E+01  7.197088E+00  -3.941649E-04  7.516712E+01
2.156095E+01  7.186987E+00  -2.895486E-04  7.516982E+01
2.153097E+01  7.177003E+00  -5.503099E-04  7.517254E+01
2.149842E+01  7.166146E+00  -4.608183E-04  7.517546E+01
2.147026E+01  7.156764E+00  -4.309639E-04  7.517796E+01
2.144292E+01  7.147648E+00  -3.149425E-04  7.518041E+01
2.141702E+01  7.139014E+00  -3.857983E-04  7.518271E+01
2.139106E+01  7.130362E+00  -5.178760E-04  7.518502E+01
2.135314E+01  7.117718E+00  -2.468666E-04  7.518839E+01
2.131505E+01  7.105011E+00  1.955783E-04  7.519178E+01
2.129100E+01  7.097000E+00  1.684776E-04  7.519390E+01
2.126699E+01  7.088990E+00  4.683598E-04  7.519602E+01
2.122056E+01  7.073509E+00  8.555523E-04  7.520010E+01
2.117641E+01  7.058781E+00  1.262540E-03  7.520397E+01
2.113243E+01  7.044122E+00  1.312855E-03  7.520782E+01
2.111288E+01  7.037628E+00  3.079224E-05  7.520956E+01
2.109233E+01  7.030774E+00  6.441607E-05  7.521131E+01
2.106329E+01  7.021096E+00  1.257220E-04  7.521386E+01
2.103033E+01  7.010105E+00  2.999782E-04  7.521672E+01
2.099028E+01  6.996749E+00  4.587285E-04  7.522022E+01
2.095803E+01  6.986001E+00  1.991940E-04  7.522301E+01
2.092555E+01  6.975177E+00  1.121411E-04  7.522580E+01
2.088922E+01  6.963064E+00  7.543366E-04  7.522895E+01
2.084858E+01  6.949514E+00  8.018775E-04  7.523245E+01
2.081368E+01  6.937880E+00  8.181278E-04  7.523545E+01
2.077877E+01  6.926244E+00  7.357762E-04  7.523843E+01
2.075877E+01  6.919571E+00  9.022798E-04  7.524014E+01
2.073881E+01  6.912921E+00  8.796080E-04  7.524185E+01
2.071627E+01  6.905406E+00  9.351345E-04  7.524376E+01
2.068730E+01  6.895747E+00  1.134218E-03  7.524623E+01
2.065808E+01  6.886010E+00  9.964043E-04  7.524872E+01
2.063511E+01  6.878365E+00  6.180328E-05  7.525067E+01
2.061214E+01  6.870715E+00  1.605870E-05  7.525263E+01
2.058197E+01  6.860661E+00  -8.668100E-05  7.525515E+01
2.054472E+01  6.848250E+00  -3.277888E-04  7.525829E+01
2.052354E+01  6.841185E+00  -2.421018E-04  7.526008E+01
2.050195E+01  6.833990E+00  -2.616600E-04  7.526187E+01
2.046287E+01  6.820960E+00  -2.317468E-04  7.526518E+01
2.041984E+01  6.806614E+00  -6.135875E-05  7.526880E+01
2.039677E+01  6.798924E+00  5.723085E-05  7.527075E+01
2.037290E+01  6.790971E+00  -2.552098E-04  7.527270E+01
2.035744E+01  6.785821E+00  -1.792413E-04  7.527398E+01
2.034228E+01  6.780756E+00  3.787012E-05  7.527525E+01
2.031383E+01  6.771279E+00  5.985935E-05  7.527765E+01
2.027503E+01  6.758345E+00  -1.058871E-04  7.528085E+01
2.023930E+01  6.746429E+00  -4.042968E-05  7.528381E+01
2.020124E+01  6.733740E+00  1.832307E-04  7.528698E+01
2.016212E+01  6.720697E+00  3.920721E-04  7.529017E+01
2.012705E+01  6.709006E+00  7.529806E-04  7.529308E+01
2.008851E+01  6.696154E+00  1.049011E-03  7.529621E+01
2.006673E+01  6.688893E+00  1.052713E-03  7.529802E+01
2.004465E+01  6.681529E+00  1.175064E-03  7.529982E+01
2.000661E+01  6.668847E+00  1.393227E-03  7.530288E+01
1.998050E+01  6.660168E+00  7.705344E-06  7.530504E+01
1.995355E+01  6.651185E+00  1.022925E-04  7.530720E+01
1.993389E+01  6.644630E+00  1.392145E-04  7.530882E+01
1.991413E+01  6.638038E+00  2.175464E-04  7.531045E+01
1.988778E+01  6.629254E+00  4.938301E-04  7.531255E+01
1.986325E+01  6.621073E+00  4.940725E-04  7.531453E+01
1.982795E+01  6.609309E+00  4.985978E-04  7.531740E+01
1.980961E+01  6.603192E+00  5.508811E-04  7.531886E+01
1.979121E+01  6.597065E+00  4.780957E-04  7.532032E+01
1.976282E+01  6.587597E+00  5.856771E-04  7.532260E+01
1.973300E+01  6.577651E+00  8.123977E-04  7.532500E+01
1.970422E+01  6.568064E+00  5.848403E-04  7.532730E+01
1.967580E+01  6.558590E+00  6.311418E-04  7.532956E+01
1.965168E+01  6.550552E+00  6.637680E-04  7.533148E+01
1.962685E+01  6.542270E+00  7.748161E-04  7.533345E+01
1.959280E+01  6.530928E+00  5.656983E-04  7.533615E+01
1.956338E+01  6.521116E+00  5.512020E-04  7.533850E+01
1.953237E+01  6.510781E+00  6.022667E-04  7.534092E+01
1.950290E+01  6.500962E+00  4.342913E-04  7.534320E+01
1.946887E+01  6.489616E+00  4.601098E-04  7.534591E+01
1.942280E+01  6.474255E+00  5.827097E-04  7.534951E+01
1.938085E+01  6.460273E+00  5.613955E-04  7.535276E+01
1.933874E+01  6.446228E+00  9.846089E-04  7.535605E+01
1.931656E+01  6.438837E+00  9.753335E-04  7.535775E+01
1.929464E+01  6.431534E+00  1.030237E-03  7.535944E+01
1.927502E+01  6.424990E+00  9.831463E-04  7.536095E+01
1.925561E+01  6.418522E+00  9.664064E-04  7.536246E+01
1.923136E+01  6.410437E+00  1.012706E-03  7.536438E+01
1.920448E+01  6.401477E+00  9.138267E-04  7.536642E+01
1.918807E+01  6.396006E+00  8.884562E-04  7.536765E+01
1.917200E+01  6.390654E+00  8.725557E-04  7.536888E+01
1.914726E+01  6.382406E+00  8.128677E-04  7.537078E+01
1.912262E+01  6.374190E+00  9.301126E-04  7.537266E+01
1.910212E+01  6.367356E+00  1.010002E-03  7.537420E+01
1.908183E+01  6.360595E+00  1.224144E-03  7.537574E+01
1.905029E+01  6.350077E+00  1.474152E-03  7.537817E+01
1.902811E+01  6.342673E+00  1.675749E-03  7.537980E+01
1.900690E+01  6.335635E+00  5.652035E-06  7.538143E+01
1.897979E+01  6.326595E+00  -3.232600E-05  7.538349E+01
1.895316E+01  6.317720E+00  3.353188E-05  7.538549E+01
1.893754E+01  6.312512E+00  2.848636E-05  7.538665E+01
1.892219E+01  6.307393E+00  -1.133836E-05  7.538780E+01
1.888683E+01  6.295609E+00  1.675308E-04  7.539047E+01
1.885613E+01  6.285381E+00  -1.667035E-05  7.539275E+01
1.884144E+01  6.280482E+00  1.698871E-04  7.539385E+01
1.882662E+01  6.275533E+00  2.689115E-04  7.539495E+01
1.879942E+01  6.266475E+00  1.471959E-04  7.539696E+01
1.877414E+01  6.258051E+00  2.406408E-04  7.539883E+01
1.875038E+01  6.250125E+00  2.911198E-04  7.540061E+01
1.872531E+01  6.241763E+00  5.153982E-04  7.540247E+01
1.869394E+01  6.231306E+00  7.124841E-04  7.540479E+01
1.868044E+01  6.226803E+00  7.615302E-04  7.540576E+01
1.866753E+01  6.222494E+00  6.523342E-04  7.540672E+01
1.865141E+01  6.217121E+00  7.608250E-04  7.540792E+01
1.863532E+01  6.211764E+00  8.259771E-04  7.540911E+01
1.861074E+01  6.203574E+00  6.838492E-04  7.541088E+01
1.858830E+01  6.196094E+00  7.600365E-04  7.541253E+01
1.848220E+01  6.160733E+00  -1.986080E-05  7.542027E+01
1.846000E+01  6.153338E+00  -2.023993E-04  7.542183E+01
1.843860E+01  6.146201E+00  -6.119788E-05  7.542339E+01
1.840250E+01  6.134172E+00  -3.396339E-04  7.542599E+01
1.836454E+01  6.121519E+00  -2.719062E-04  7.542871E+01
1.832637E+01  6.108792E+00  -1.149898E-04  7.543145E+01
1.830760E+01  6.102534E+00  -1.147752E-04  7.543283E+01
1.828800E+01  6.096004E+00  -3.084238E-04  7.543420E+01
1.824902E+01  6.083013E+00  -1.300290E-04  7.543698E+01
1.822776E+01  6.075924E+00  -1.234373E-04  7.543848E+01
1.820667E+01  6.068892E+00  -1.039010E-04  7.543998E+01
1.817888E+01  6.059629E+00  -1.997407E-04  7.544198E+01
1.814942E+01  6.049810E+00  -3.778448E-04  7.544403E+01
1.810673E+01  6.035584E+00  -2.770487E-04  7.544703E+01
1.808380E+01  6.027934E+00  -1.018096E-04  7.544865E+01
1.806062E+01  6.020213E+00  -7.503183E-05  7.545028E+01
1.803823E+01  6.012744E+00  -1.369207E-04  7.545183E+01
1.801665E+01  6.005553E+00  -3.157646E-05  7.545333E+01
1.798003E+01  5.993344E+00  1.379186E-04  7.545589E+01
1.794678E+01  5.982258E+00  3.770111E-04  7.545821E+01
1.792992E+01  5.976639E+00  2.993712E-04  7.545934E+01
1.791403E+01  5.971338E+00  2.972985E-04  7.546048E+01
1.790018E+01  5.966720E+00  2.538237E-04  7.546143E+01
1.788641E+01  5.962135E+00  1.772503E-04  7.546238E+01
1.785382E+01  5.951276E+00  -1.518183E-05  7.546461E+01
1.784151E+01  5.947171E+00  -1.181888E-04  7.546547E+01
1.782906E+01  5.943020E+00  3.355104E-05  7.546633E+01
1.781264E+01  5.937553E+00  -1.544759E-05  7.546746E+01
1.779601E+01  5.932004E+00  1.124993E-04  7.546859E+01
1.776659E+01  5.922191E+00  1.758046E-04  7.547060E+01
1.773519E+01  5.911730E+00  -2.378859E-04  7.547275E+01
1.770877E+01  5.902925E+00  -8.943374E-05  7.547454E+01
1.768301E+01  5.894335E+00  -4.481104E-05  7.547632E+01
1.766571E+01  5.888573E+00  -1.059590E-04  7.547746E+01
1.764903E+01  5.883012E+00  1.949122E-06  7.547860E+01
1.763389E+01  5.877967E+00  -7.177141E-05  7.547963E+01
1.761915E+01  5.873050E+00  9.007016E-05  7.548065E+01
1.759527E+01  5.865082E+00  3.779946E-04  7.548225E+01
1.757375E+01  5.857913E+00  4.921934E-04  7.548368E+01
1.754114E+01  5.847039E+00  6.208774E-04  7.548587E+01
1.751807E+01  5.839353E+00  5.127833E-04  7.548744E+01
1.750632E+01  5.835433E+00  4.746107E-04  7.548823E+01
1.749451E+01  5.831498E+00  6.009973E-04  7.548902E+01
1.747813E+01  5.826036E+00  4.970957E-04  7.549015E+01
1.746021E+01  5.820062E+00  4.469370E-04  7.549127E+01
1.744124E+01  5.813741E+00  3.683427E-04  7.549256E+01
1.741868E+01  5.806219E+00  4.241796E-04  7.549406E+01
1.736524E+01  5.788413E+00  2.916651E-04  7.549760E+01
1.734998E+01  5.783319E+00  4.037277E-04  7.549858E+01
1.733507E+01  5.778349E+00  4.180391E-04  7.549957E+01
1.730750E+01  5.769160E+00  3.117635E-04  7.550138E+01
1.728245E+01  5.760817E+00  3.459121E-04  7.550303E+01
1.725671E+01  5.752226E+00  3.460363E-04  7.550471E+01
1.721545E+01  5.738484E+00  4.684926E-05  7.550742E+01
1.717372E+01  5.724579E+00  -1.161924E-04  7.551013E+01
1.715422E+01  5.718073E+00  3.550326E-05  7.551139E+01
1.713468E+01  5.711558E+00  1.427891E-04  7.551265E+01
1.712022E+01  5.706739E+00  1.425566E-04  7.551359E+01
1.710541E+01  5.701803E+00  1.589551E-04  7.551454E+01
1.708906E+01  5.696350E+00  1.865454E-04  7.551559E+01
1.707259E+01  5.690860E+00  1.283700E-04  7.551665E+01
1.704762E+01  5.682538E+00  7.421503E-05  7.551825E+01
1.702227E+01  5.674093E+00  2.081252E-05  7.551985E+01
1.700128E+01  5.667092E+00  9.629187E-05  7.552121E+01
1.696232E+01  5.654104E+00  1.229105E-04  7.552369E+01
1.694471E+01  5.648232E+00  2.461421E-04  7.552482E+01
1.692650E+01  5.642167E+00  1.308295E-04  7.552595E+01
1.690715E+01  5.635714E+00  1.495451E-04  7.552720E+01
1.687812E+01  5.626035E+00  2.250730E-04  7.552902E+01
1.685339E+01  5.617793E+00  2.012291E-04  7.553058E+01
1.684000E+01  5.613328E+00  2.646889E-04  7.553137E+01
1.682826E+01  5.609412E+00  3.172643E-04  7.553217E+01
1.680705E+01  5.602344E+00  3.951482E-04  7.553348E+01
1.678907E+01  5.596348E+00  4.020724E-04  7.553461E+01
1.676489E+01  5.588288E+00  5.680607E-04  7.553611E+01
1.674150E+01  5.580491E+00  5.155728E-04  7.553758E+01
1.671425E+01  5.571405E+00  6.348850E-04  7.553925E+01
1.669173E+01  5.563899E+00  9.119557E-04  7.554064E+01
1.666861E+01  5.556187E+00  6.413601E-04  7.554209E+01
1.664584E+01  5.548606E+00  6.083728E-04  7.554348E+01
1.662456E+01  5.541512E+00  4.652382E-04  7.554481E+01
1.659671E+01  5.532228E+00  8.114848E-04  7.554652E+01
1.656728E+01  5.522414E+00  1.105566E-03  7.554833E+01
1.653802E+01  5.512655E+00  1.116802E-03  7.555010E+01
1.651341E+01  5.504450E+00  1.321535E-03  7.555159E+01
1.648878E+01  5.496241E+00  1.402966E-03  7.555311E+01
1.647764E+01  5.492546E+00  8.982397E-05  7.555379E+01
1.646622E+01  5.488736E+00  1.517285E-04  7.555447E+01
1.645181E+01  5.483933E+00  1.772353E-04  7.555535E+01
1.643719E+01  5.479058E+00  1.302535E-04  7.555622E+01
1.641893E+01  5.472974E+00  2.154812E-04  7.555730E+01
1.640078E+01  5.466923E+00  2.137574E-04  7.555842E+01
1.638086E+01  5.460283E+00  8.780871E-05  7.555962E+01
1.636839E+01  5.456129E+00  1.210524E-04  7.556040E+01
1.635510E+01  5.451701E+00  -6.197396E-05  7.556118E+01
1.633489E+01  5.444967E+00  -2.292711E-04  7.556240E+01
1.631294E+01  5.437652E+00  -3.721615E-04  7.556372E+01
1.628881E+01  5.429603E+00  -1.072702E-04  7.556516E+01
1.626599E+01  5.421993E+00  7.429939E-06  7.556650E+01
1.624405E+01  5.414682E+00  5.087126E-05  7.556782E+01
1.622277E+01  5.407592E+00  -4.678354E-05  7.556910E+01
1.620124E+01  5.400418E+00  -1.434098E-04  7.557038E+01
1.618028E+01  5.393428E+00  -2.383964E-04  7.557161E+01
1.616000E+01  5.386667E+00  -2.677863E-04  7.557282E+01
1.614582E+01  5.381942E+00  -2.175779E-04  7.557365E+01
1.613188E+01  5.377296E+00  -2.995205E-04  7.557448E+01
1.610907E+01  5.369696E+00  -1.777071E-04  7.557583E+01
1.608644E+01  5.362148E+00  -1.935781E-04  7.557716E+01
1.606464E+01  5.354881E+00  -1.151515E-04  7.557843E+01
1.604785E+01  5.349288E+00  -2.442594E-04  7.557943E+01
1.603060E+01  5.343533E+00  -1.839673E-04  7.558044E+01
1.600737E+01  5.335789E+00  -9.438282E-05  7.558180E+01
1.598330E+01  5.327769E+00  -6.724872E-05  7.558318E+01
1.596326E+01  5.321087E+00  -1.321518E-04  7.558437E+01
1.594175E+01  5.313916E+00  -6.380604E-05  7.558564E+01
1.592938E+01  5.309792E+00  -6.568365E-05  7.558633E+01
1.591759E+01  5.305865E+00  -6.194385E-05  7.558703E+01
1.590540E+01  5.301803E+00  -7.187187E-05  7.558772E+01
1.589364E+01  5.297883E+00  2.360217E-05  7.558842E+01
1.587305E+01  5.291017E+00  -3.745236E-05  7.558959E+01
1.584828E+01  5.282763E+00  -2.250163E-04  7.559104E+01
1.583490E+01  5.278298E+00  -1.476066E-04  7.559181E+01
1.582151E+01  5.273836E+00  -1.567575E-04  7.559258E+01
1.580529E+01  5.268428E+00  -1.379207E-04  7.559351E+01
1.578458E+01  5.261531E+00  -1.824630E-04  7.559470E+01
1.576212E+01  5.254039E+00  -1.338845E-04  7.559600E+01
1.573020E+01  5.243404E+00  -3.935778E-06  7.559785E+01
1.571347E+01  5.237827E+00  -7.976091E-05  7.559877E+01
1.569719E+01  5.232402E+00  -4.207630E-05  7.559970E+01
1.567637E+01  5.225458E+00  -2.507375E-06  7.560090E+01
1.564879E+01  5.216265E+00  -1.445901E-04  7.560247E+01
1.561407E+01  5.204690E+00  2.327692E-05  7.560445E+01
1.557835E+01  5.192787E+00  -2.382639E-04  7.560646E+01
1.556162E+01  5.187204E+00  -9.760985E-05  7.560740E+01
1.554505E+01  5.181687E+00  -1.074416E-04  7.560833E+01
1.552335E+01  5.174447E+00  1.479533E-04  7.560956E+01
1.550113E+01  5.167042E+00  1.084564E-04  7.561082E+01
1.547917E+01  5.159727E+00  -2.164745E-04  7.561206E+01
1.545830E+01  5.152773E+00  -2.028258E-04  7.561319E+01
1.543926E+01  5.146423E+00  -1.322387E-05  7.561426E+01
1.542018E+01  5.140060E+00  -1.593774E-04  7.561535E+01
1.539932E+01  5.133104E+00  4.929254E-06  7.561649E+01
1.537353E+01  5.124516E+00  -3.132449E-04  7.561794E+01
1.534660E+01  5.115541E+00  -3.416208E-04  7.561942E+01
1.532248E+01  5.107499E+00  -2.720597E-04  7.562078E+01
1.530904E+01  5.103019E+00  -3.086227E-04  7.562153E+01
1.529543E+01  5.098488E+00  -2.813647E-04  7.562229E+01
1.527725E+01  5.092417E+00  -3.213261E-04  7.562324E+01
1.526205E+01  5.087350E+00  -4.763085E-04  7.562410E+01
1.523880E+01  5.079603E+00  -4.658012E-04  7.562539E+01
1.521533E+01  5.071780E+00  -4.339127E-04  7.562669E+01
1.519817E+01  5.066060E+00  -4.101674E-04  7.562762E+01
1.518104E+01  5.060353E+00  -6.425070E-04  7.562856E+01
1.516240E+01  5.054143E+00  -7.177464E-04  7.562957E+01
1.514312E+01  5.047718E+00  -6.886804E-04  7.563059E+01
1.512733E+01  5.042450E+00  -7.173545E-04  7.563147E+01
1.510795E+01  5.035992E+00  -7.797585E-04  7.563255E+01
1.507904E+01  5.026367E+00  -1.121700E-03  7.563409E+01
1.506521E+01  5.021752E+00  -1.145144E-03  7.563487E+01
1.505077E+01  5.016943E+00  -1.192184E-03  7.563564E+01
1.503153E+01  5.010511E+00  -2.761514E-05  7.563667E+01
1.501467E+01  5.004891E+00  6.268365E-05  7.563758E+01
1.499861E+01  4.999532E+00  8.867717E-05  7.563848E+01
1.497856E+01  4.992844E+00  1.468436E-04  7.563956E+01
1.495947E+01  4.986488E+00  1.684913E-04  7.564058E+01
1.494058E+01  4.980185E+00  1.688612E-04  7.564161E+01
1.492654E+01  4.975510E+00  1.216640E-04  7.564234E+01
1.491281E+01  4.970934E+00  1.012278E-04  7.564306E+01
1.489179E+01  4.963930E+00  4.691535E-05  7.564419E+01
1.486936E+01  4.956452E+00  7.290019E-05  7.564536E+01
1.484487E+01  4.948291E+00  -1.227773E-04  7.564668E+01
1.481760E+01  4.939202E+00  -6.356855E-05  7.564814E+01
1.479204E+01  4.930679E+00  2.182005E-04  7.564950E+01
1.476747E+01  4.922491E+00  8.851087E-05  7.565079E+01
1.475747E+01  4.919155E+00  1.194174E-04  7.565135E+01
1.474626E+01  4.915416E+00  1.589237E-04  7.565191E+01
1.472943E+01  4.909811E+00  1.986491E-04  7.565280E+01
1.470975E+01  4.903253E+00  1.686821E-04  7.565384E+01
1.469025E+01  4.896748E+00  -3.240366E-06  7.565487E+01
1.467097E+01  4.890328E+00  -1.748847E-04  7.565588E+01
1.465142E+01  4.883809E+00  -2.106001E-04  7.565688E+01
1.463454E+01  4.878185E+00  -2.924467E-04  7.565776E+01
1.461638E+01  4.872128E+00  -3.636049E-04  7.565871E+01
1.459498E+01  4.864999E+00  -3.671244E-04  7.565984E+01
1.457230E+01  4.857438E+00  -4.949511E-04  7.566102E+01
1.456097E+01  4.853668E+00  -6.307117E-04  7.566164E+01
1.454859E+01  4.849541E+00  -6.339641E-04  7.566226E+01
1.453074E+01  4.843585E+00  -6.499695E-04  7.566320E+01
1.451023E+01  4.836744E+00  -6.990193E-04  7.566421E+01
1.449066E+01  4.830230E+00  -6.939026E-04  7.566525E+01
1.446739E+01  4.822472E+00  -6.699976E-04  7.566644E+01
1.444648E+01  4.815502E+00  -6.590692E-04  7.566755E+01
1.442333E+01  4.807783E+00  -6.381949E-04  7.566873E+01
1.441288E+01  4.804301E+00  -6.293417E-04  7.566925E+01
1.440265E+01  4.800894E+00  -6.357474E-04  7.566977E+01
1.438348E+01  4.794504E+00  -6.570313E-04  7.567077E+01
1.436299E+01  4.787670E+00  -6.152305E-04  7.567183E+01
1.435202E+01  4.784011E+00  -6.190691E-04  7.567240E+01
1.434114E+01  4.780392E+00  -6.318912E-04  7.567296E+01
1.432630E+01  4.775445E+00  -6.267069E-04  7.567371E+01
1.431190E+01  4.770639E+00  -6.532852E-04  7.567445E+01
1.427428E+01  4.758103E+00  -5.434205E-04  7.567637E+01
1.425693E+01  4.752316E+00  -4.382806E-04  7.567724E+01
1.423997E+01  4.746665E+00  -4.875394E-04  7.567812E+01
1.422231E+01  4.740775E+00  -5.015937E-04  7.567899E+01
1.420573E+01  4.735244E+00  -4.903917E-04  7.567984E+01
1.418761E+01  4.729213E+00  -4.449644E-04  7.568077E+01
1.416857E+01  4.722861E+00  -3.821396E-04  7.568174E+01
1.415093E+01  4.716981E+00  -3.446178E-04  7.568262E+01
1.413419E+01  4.711392E+00  -3.603948E-04  7.568349E+01
1.412091E+01  4.706974E+00  -4.281253E-04  7.568411E+01
1.410925E+01  4.703084E+00  -4.466660E-04  7.568473E+01
1.408360E+01  4.694531E+00  -2.910692E-04  7.568602E+01
1.406066E+01  4.686888E+00  -2.423185E-04  7.568717E+01
1.403698E+01  4.678999E+00  -1.737246E-04  7.568834E+01
1.401799E+01  4.672666E+00  -2.687863E-04  7.568932E+01
1.399601E+01  4.665338E+00  -3.169388E-04  7.569042E+01
1.397656E+01  4.658860E+00  -4.164207E-04  7.569140E+01
1.395681E+01  4.652277E+00  -5.140554E-04  7.569237E+01
1.393778E+01  4.645936E+00  -5.128902E-04  7.569330E+01
1.391956E+01  4.639856E+00  -6.145332E-04  7.569422E+01
1.390219E+01  4.634069E+00  -6.643449E-04  7.569508E+01
1.388563E+01  4.628550E+00  -5.897777E-04  7.569592E+01
1.386211E+01  4.620716E+00  -5.158520E-04  7.569707E+01
1.384118E+01  4.613738E+00  -4.800144E-04  7.569813E+01
1.382072E+01  4.606916E+00  -5.672636E-04  7.569912E+01
1.380310E+01  4.601037E+00  -5.651861E-04  7.569999E+01
1.378190E+01  4.593978E+00  -6.182864E-04  7.570103E+01
1.376086E+01  4.586960E+00  -6.307387E-04  7.570208E+01
1.374288E+01  4.580964E+00  -6.800712E-04  7.570299E+01
1.372402E+01  4.574678E+00  -6.881897E-04  7.570390E+01
1.370655E+01  4.568856E+00  -6.958664E-04  7.570474E+01
1.368968E+01  4.563233E+00  -7.517859E-04  7.570559E+01
1.366376E+01  4.554594E+00  -5.699100E-04  7.570685E+01
1.364005E+01  4.546697E+00  -8.228581E-04  7.570802E+01
1.362525E+01  4.541756E+00  -7.255070E-04  7.570869E+01
1.361219E+01  4.537406E+00  -6.905281E-04  7.570936E+01
1.358921E+01  4.529743E+00  -5.756247E-04  7.571050E+01
1.356736E+01  4.522459E+00  -5.651361E-04  7.571153E+01
1.354933E+01  4.516450E+00  -4.935194E-04  7.571241E+01
1.353138E+01  4.510462E+00  -5.279675E-04  7.571328E+01
1.351356E+01  4.504528E+00  -7.408952E-04  7.571414E+01
1.349438E+01  4.498137E+00  -7.096911E-04  7.571507E+01
1.347468E+01  4.491570E+00  -6.587372E-04  7.571600E+01
1.345554E+01  4.485189E+00  -5.703143E-04  7.571694E+01
1.342971E+01  4.476577E+00  -4.548096E-04  7.571817E+01
1.341959E+01  4.473203E+00  -4.482267E-04  7.571869E+01
1.340848E+01  4.469502E+00  -3.807176E-04  7.571921E+01
1.338983E+01  4.463280E+00  -3.257634E-04  7.572011E+01
1.337831E+01  4.459440E+00  -3.561520E-04  7.572063E+01
1.336769E+01  4.455905E+00  -3.775755E-04  7.572116E+01
1.335569E+01  4.451899E+00  -4.165821E-04  7.572173E+01
1.334339E+01  4.447801E+00  -4.378871E-04  7.572230E+01
1.332635E+01  4.442120E+00  -5.143950E-04  7.572312E+01
1.330846E+01  4.436161E+00  -5.375054E-04  7.572400E+01
1.329220E+01  4.430741E+00  -5.284007E-04  7.572475E+01
1.327753E+01  4.425847E+00  -4.001685E-04  7.572544E+01
1.325973E+01  4.419912E+00  -3.337753E-04  7.572631E+01
1.324013E+01  4.413381E+00  -4.250695E-04  7.572723E+01
1.322187E+01  4.407288E+00  -3.376340E-04  7.572809E+01
1.320112E+01  4.400379E+00  -2.026955E-04  7.572908E+01
1.317559E+01  4.391865E+00  -2.586580E-04  7.573027E+01
1.316325E+01  4.387753E+00  -2.605233E-04  7.573085E+01
1.315114E+01  4.383717E+00  -2.975323E-04  7.573142E+01
1.313229E+01  4.377427E+00  -1.724596E-04  7.573232E+01
1.311306E+01  4.371021E+00  -2.566435E-04  7.573323E+01
1.308965E+01  4.363222E+00  -2.345768E-04  7.573431E+01
1.306921E+01  4.356407E+00  -1.608096E-04  7.573527E+01
1.304991E+01  4.349973E+00  -1.921724E-04  7.573619E+01
1.303015E+01  4.343388E+00  -2.522677E-04  7.573712E+01
1.301494E+01  4.338315E+00  -1.495278E-04  7.573781E+01
1.300008E+01  4.333361E+00  -2.257030E-04  7.573850E+01
1.298387E+01  4.327959E+00  -2.942359E-04  7.573925E+01
1.296597E+01  4.321997E+00  -4.303413E-04  7.574010E+01
1.295464E+01  4.318220E+00  -3.616449E-04  7.574062E+01
1.294328E+01  4.314429E+00  -3.446248E-04  7.574114E+01
1.293145E+01  4.310482E+00  -4.042681E-04  7.574169E+01
1.291928E+01  4.306427E+00  -3.955307E-04  7.574224E+01
1.290350E+01  4.301172E+00  -3.913445E-04  7.574298E+01
1.288648E+01  4.295494E+00  -4.268040E-04  7.574376E+01
1.286858E+01  4.289533E+00  -4.212894E-04  7.574460E+01
1.284943E+01  4.283146E+00  -3.796674E-04  7.574546E+01
1.282941E+01  4.276479E+00  -5.118823E-04  7.574639E+01
1.281113E+01  4.270379E+00  -2.876136E-04  7.574723E+01
1.279301E+01  4.264341E+00  -3.467880E-04  7.574806E+01
1.277506E+01  4.258356E+00  -2.632829E-04  7.574887E+01
1.275914E+01  4.253047E+00  -3.495400E-04  7.574964E+01
1.273881E+01  4.246271E+00  -3.194467E-04  7.575054E+01
1.271820E+01  4.239404E+00  -4.154403E-04  7.575146E+01
1.270803E+01  4.236016E+00  -4.927383E-04  7.575193E+01
1.269787E+01  4.232624E+00  -4.918438E-04  7.575240E+01
1.268095E+01  4.226989E+00  -4.692996E-04  7.575316E+01
1.266254E+01  4.220848E+00  -5.122666E-04  7.575398E+01
1.264597E+01  4.215330E+00  -5.355691E-04  7.575477E+01
1.262783E+01  4.209287E+00  -6.300176E-04  7.575556E+01
1.261274E+01  4.204252E+00  -6.322198E-04  7.575627E+01
1.259428E+01  4.198102E+00  -5.716318E-04  7.575708E+01
1.256913E+01  4.189722E+00  -6.888755E-04  7.575823E+01
1.254760E+01  4.182540E+00  -6.671639E-04  7.575922E+01
1.252526E+01  4.175098E+00  -5.961757E-04  7.576019E+01
1.251404E+01  4.171353E+00  -5.249207E-04  7.576070E+01
1.250275E+01  4.167587E+00  -5.394945E-04  7.576122E+01
1.248742E+01  4.162479E+00  -5.386711E-04  7.576190E+01
1.247265E+01  4.157553E+00  -4.548824E-04  7.576255E+01
1.245730E+01  4.152437E+00  -4.326683E-04  7.576325E+01
1.244064E+01  4.146883E+00  -3.286486E-04  7.576398E+01
1.242455E+01  4.141520E+00  -3.868356E-04  7.576471E+01
1.239986E+01  4.133290E+00  -4.996326E-04  7.576581E+01
1.237513E+01  4.125048E+00  -5.082201E-04  7.576690E+01
1.236424E+01  4.121424E+00  -5.915435E-04  7.576737E+01
1.235392E+01  4.117983E+00  -6.235408E-04  7.576784E+01
1.233402E+01  4.111345E+00  -5.002490E-04  7.576872E+01
1.231751E+01  4.105844E+00  -4.461702E-04  7.576947E+01
1.229990E+01  4.099971E+00  -3.596593E-04  7.577025E+01
1.228248E+01  4.094164E+00  -2.716838E-04  7.577100E+01
1.226811E+01  4.089373E+00  -2.944466E-04  7.577164E+01
1.225233E+01  4.084115E+00  -2.612540E-04  7.577231E+01
1.223079E+01  4.076941E+00  -2.850561E-04  7.577325E+01
1.220880E+01  4.069597E+00  -3.279325E-04  7.577420E+01
1.219534E+01  4.065120E+00  -3.391032E-04  7.577476E+01
1.218228E+01  4.060765E+00  -3.289676E-04  7.577532E+01
1.216627E+01  4.055425E+00  -4.015894E-04  7.577602E+01
1.214876E+01  4.049590E+00  -4.007884E-04  7.577680E+01
1.213881E+01  4.046273E+00  -3.591608E-04  7.577720E+01
1.212945E+01  4.043156E+00  -3.588974E-04  7.577760E+01
1.211577E+01  4.038594E+00  -4.111412E-04  7.577818E+01
1.209545E+01  4.031822E+00  -3.547975E-04  7.577903E+01
1.208572E+01  4.028577E+00  -4.516885E-04  7.577946E+01
1.207535E+01  4.025120E+00  -4.279655E-04  7.577988E+01
1.206233E+01  4.020780E+00  -3.130730E-04  7.578044E+01
1.204688E+01  4.015627E+00  -2.913269E-04  7.578108E+01
1.203210E+01  4.010705E+00  -2.613611E-04  7.578168E+01
1.201808E+01  4.006029E+00  -2.872857E-04  7.578227E+01
1.200039E+01  4.000140E+00  -4.287879E-04  7.578300E+01
1.198319E+01  3.994401E+00  -4.090225E-04  7.578372E+01
1.196780E+01  3.989273E+00  -4.651041E-04  7.578435E+01
1.195321E+01  3.984409E+00  -5.874264E-04  7.578496E+01
1.193575E+01  3.978585E+00  -5.429882E-04  7.578570E+01
1.191923E+01  3.973085E+00  -5.544819E-04  7.578634E+01
1.190552E+01  3.968510E+00  -5.168236E-04  7.578689E+01
1.189107E+01  3.963694E+00  -5.672792E-04  7.578748E+01
1.187439E+01  3.958141E+00  -5.609395E-04  7.578814E+01
1.186091E+01  3.953643E+00  -5.466901E-04  7.578869E+01
1.184665E+01  3.948888E+00  -5.513382E-04  7.578927E+01
1.183203E+01  3.944017E+00  -5.588910E-04  7.578985E+01
1.181802E+01  3.939350E+00  -5.493756E-04  7.579040E+01
1.180467E+01  3.934894E+00  -5.664418E-04  7.579095E+01
1.179003E+01  3.930018E+00  -5.044514E-04  7.579152E+01
1.177668E+01  3.925564E+00  -4.780284E-04  7.579205E+01
1.176373E+01  3.921251E+00  -4.699403E-04  7.579254E+01
1.175230E+01  3.917434E+00  -5.141354E-04  7.579300E+01
1.174470E+01  3.914905E+00  -5.173880E-04  7.579332E+01
1.173653E+01  3.912180E+00  -4.964848E-04  7.579364E+01
1.172156E+01  3.907195E+00  -4.661226E-04  7.579420E+01
1.170838E+01  3.902797E+00  -4.871369E-04  7.579473E+01
1.169320E+01  3.897738E+00  -4.427565E-04  7.579530E+01
1.167937E+01  3.893127E+00  -4.074234E-04  7.579584E+01
1.166357E+01  3.887864E+00  -4.787410E-04  7.579646E+01
1.164215E+01  3.880728E+00  -4.588732E-04  7.579728E+01
1.162292E+01  3.874318E+00  -5.104345E-04  7.579801E+01
1.160379E+01  3.867940E+00  -5.093091E-04  7.579873E+01
1.158513E+01  3.861718E+00  -5.341337E-04  7.579945E+01
1.157512E+01  3.858377E+00  -5.247945E-04  7.579982E+01
1.156519E+01  3.855069E+00  -5.514730E-04  7.580020E+01
1.155628E+01  3.852103E+00  -5.312869E-04  7.580052E+01
1.154828E+01  3.849431E+00  -5.633221E-04  7.580084E+01
1.153225E+01  3.844092E+00  -6.102603E-04  7.580143E+01
1.151876E+01  3.839598E+00  -6.182088E-04  7.580196E+01
1.150135E+01  3.833790E+00  -6.955669E-04  7.580257E+01
1.148730E+01  3.829109E+00  -6.930389E-04  7.580311E+01
1.147203E+01  3.824019E+00  -7.061408E-04  7.580369E+01
1.145665E+01  3.818890E+00  -6.553515E-04  7.580427E+01
1.144181E+01  3.813943E+00  -6.857937E-04  7.580480E+01
1.142853E+01  3.809516E+00  -6.643666E-04  7.580529E+01
1.141147E+01  3.803825E+00  -6.915380E-04  7.580593E+01
1.140250E+01  3.800839E+00  -6.908602E-04  7.580624E+01
1.139371E+01  3.797911E+00  -7.396159E-04  7.580656E+01
1.137780E+01  3.792606E+00  -6.800818E-04  7.580712E+01
1.136094E+01  3.786988E+00  -7.612996E-04  7.580773E+01
1.134622E+01  3.782079E+00  -7.281203E-04  7.580826E+01
1.133346E+01  3.777830E+00  -7.567484E-04  7.580873E+01
1.131997E+01  3.773331E+00  -7.996031E-04  7.580922E+01
1.130580E+01  3.768609E+00  -8.017197E-04  7.580971E+01
1.129016E+01  3.763385E+00  8.620228E-05  7.581027E+01
1.127579E+01  3.758594E+00  6.893092E-05  7.581079E+01
1.126071E+01  3.753569E+00  8.862229E-05  7.581133E+01
1.124583E+01  3.748603E+00  1.315301E-04  7.581186E+01
1.123003E+01  3.743340E+00  1.555775E-04  7.581239E+01
1.121693E+01  3.738978E+00  1.140005E-04  7.581286E+01
1.120189E+01  3.733963E+00  8.547899E-05  7.581339E+01
1.118758E+01  3.729191E+00  2.479484E-05  7.581391E+01
1.116320E+01  3.721066E+00  -8.945931E-05  7.581473E+01
1.114408E+01  3.714698E+00  -1.932007E-04  7.581541E+01
1.112631E+01  3.708775E+00  -2.109380E-04  7.581601E+01
1.111076E+01  3.703586E+00  -2.362013E-04  7.581653E+01
1.109556E+01  3.698522E+00  -2.377374E-04  7.581707E+01
1.108055E+01  3.693519E+00  -2.210111E-04  7.581757E+01
1.106737E+01  3.689128E+00  -2.517207E-04  7.581804E+01
1.105229E+01  3.684098E+00  -2.881549E-04  7.581852E+01
1.104036E+01  3.680123E+00  -1.964239E-04  7.581895E+01
1.101894E+01  3.672983E+00  -1.697121E-04  7.581965E+01
1.100095E+01  3.666986E+00  -3.952460E-04  7.582027E+01
1.098391E+01  3.661306E+00  -5.034764E-04  7.582083E+01
1.096899E+01  3.656336E+00  -5.275338E-04  7.582132E+01
1.095469E+01  3.651565E+00  -5.316326E-04  7.582178E+01
1.094189E+01  3.647298E+00  -5.745904E-04  7.582222E+01
1.092573E+01  3.641916E+00  -5.916945E-04  7.582276E+01
1.091074E+01  3.636921E+00  -5.935709E-04  7.582323E+01
1.089903E+01  3.633016E+00  -5.285387E-04  7.582365E+01
1.088478E+01  3.628262E+00  -5.168549E-04  7.582410E+01
1.087292E+01  3.624317E+00  -4.763998E-04  7.582448E+01
1.086040E+01  3.620137E+00  -4.660929E-04  7.582490E+01
1.084597E+01  3.615330E+00  -4.921076E-04  7.582536E+01
1.083110E+01  3.610373E+00  -4.359098E-04  7.582583E+01
1.082104E+01  3.607014E+00  -4.132389E-04  7.582614E+01
1.081191E+01  3.603974E+00  -4.283978E-04  7.582645E+01
1.079707E+01  3.599025E+00  -3.548459E-04  7.582693E+01
1.078065E+01  3.593556E+00  -3.300567E-04  7.582744E+01
1.076561E+01  3.588545E+00  -3.696139E-04  7.582792E+01
1.075010E+01  3.583367E+00  -4.058732E-04  7.582839E+01
1.073444E+01  3.578152E+00  -3.440660E-04  7.582889E+01
1.071688E+01  3.572296E+00  -3.377331E-04  7.582942E+01
1.070091E+01  3.566976E+00  -4.585012E-04  7.582992E+01
1.068377E+01  3.561261E+00  -4.551747E-04  7.583044E+01
1.066465E+01  3.554889E+00  -4.132085E-04  7.583103E+01
1.064869E+01  3.549567E+00  -3.673627E-04  7.583152E+01
1.064057E+01  3.546856E+00  -3.064709E-04  7.583177E+01
1.063179E+01  3.543930E+00  -2.581203E-04  7.583203E+01
1.061742E+01  3.539142E+00  -2.777807E-04  7.583245E+01
1.060301E+01  3.534342E+00  -2.856818E-04  7.583289E+01
1.058899E+01  3.529667E+00  -3.087787E-04  7.583329E+01
1.057666E+01  3.525558E+00  -2.866887E-04  7.583365E+01
1.056396E+01  3.521325E+00  -3.292447E-04  7.583403E+01
1.054940E+01  3.516467E+00  -2.426158E-04  7.583445E+01
1.054158E+01  3.513866E+00  -2.680624E-04  7.583469E+01
1.053264E+01  3.510881E+00  -2.526541E-04  7.583494E+01
1.051867E+01  3.506229E+00  -3.446749E-04  7.583533E+01
1.050894E+01  3.502981E+00  -1.960408E-04  7.583563E+01
1.049805E+01  3.499350E+00  -2.051787E-04  7.583593E+01
1.048546E+01  3.495156E+00  -1.871879E-04  7.583629E+01
1.046535E+01  3.488452E+00  -1.887582E-05  7.583688E+01
1.045053E+01  3.483513E+00  -7.256877E-06  7.583728E+01
1.043623E+01  3.478742E+00  1.287161E-05  7.583769E+01
1.042689E+01  3.475629E+00  3.483489E-05  7.583795E+01
1.041764E+01  3.472543E+00  3.279633E-05  7.583821E+01
1.040501E+01  3.468336E+00  5.062750E-05  7.583854E+01
1.038846E+01  3.462821E+00  4.839502E-05  7.583900E+01
1.037969E+01  3.459896E+00  5.497037E-05  7.583925E+01
1.037048E+01  3.456824E+00  6.237864E-05  7.583950E+01
1.035844E+01  3.452809E+00  7.265635E-05  7.583985E+01
1.034342E+01  3.447808E+00  6.825204E-05  7.584025E+01
1.032963E+01  3.443210E+00  9.094805E-05  7.584060E+01
1.031814E+01  3.439379E+00  1.426126E-04  7.584091E+01
1.030635E+01  3.435444E+00  2.069842E-04  7.584124E+01
1.029122E+01  3.430409E+00  2.300857E-04  7.584164E+01
1.027819E+01  3.426059E+00  2.640312E-04  7.584199E+01
1.026657E+01  3.422189E+00  2.738721E-04  7.584229E+01
1.025497E+01  3.418315E+00  3.157153E-04  7.584260E+01
1.024474E+01  3.414912E+00  2.231693E-04  7.584286E+01
1.023525E+01  3.411744E+00  2.263469E-04  7.584312E+01
1.022094E+01  3.406979E+00  2.324368E-04  7.584346E+01
1.021079E+01  3.403596E+00  2.593356E-04  7.584375E+01
1.019300E+01  3.397665E+00  6.422817E-05  7.584421E+01
1.018564E+01  3.395218E+00  6.928213E-05  7.584440E+01
1.017792E+01  3.392639E+00  8.985007E-05  7.584460E+01
1.016509E+01  3.388367E+00  6.102813E-05  7.584492E+01
1.015054E+01  3.383511E+00  1.137443E-04  7.584528E+01
1.013758E+01  3.379189E+00  9.007377E-05  7.584562E+01
1.012287E+01  3.374292E+00  1.220952E-04  7.584599E+01
1.010953E+01  3.369846E+00  1.226631E-04  7.584632E+01
1.009720E+01  3.365734E+00  1.200047E-04  7.584663E+01
1.008435E+01  3.361449E+00  1.084001E-04  7.584694E+01
1.007137E+01  3.357124E+00  6.461209E-05  7.584727E+01
1.005690E+01  3.352300E+00  -1.491383E-05  7.584762E+01
1.004431E+01  3.348102E+00  -6.124280E-05  7.584792E+01
1.003214E+01  3.344043E+00  -2.859723E-05  7.584821E+01
1.001852E+01  3.339506E+00  -6.769992E-05  7.584853E+01
1.000664E+01  3.335549E+00  -7.916869E-05  7.584884E+01
9.993683E+00  3.331231E+00  -7.565197E-05  7.584916E+01
9.981344E+00  3.327115E+00  -9.907731E-05  7.584945E+01
9.970167E+00  3.323392E+00  -7.272170E-05  7.584971E+01
9.957531E+00  3.319176E+00  -5.862672E-05  7.584999E+01
9.946429E+00  3.315482E+00  -9.927764E-05  7.585027E+01
9.932904E+00  3.310968E+00  -1.184366E-04  7.585059E+01
9.920066E+00  3.306692E+00  -1.388795E-04  7.585090E+01
9.906409E+00  3.302136E+00  -1.594167E-04  7.585120E+01
9.896130E+00  3.298709E+00  -1.630422E-04  7.585145E+01
9.882237E+00  3.294080E+00  -1.571166E-04  7.585176E+01
9.869668E+00  3.289889E+00  -1.871216E-04  7.585204E+01
9.857804E+00  3.285936E+00  -2.163773E-04  7.585232E+01
9.844198E+00  3.281399E+00  -2.188971E-04  7.585262E+01
9.833667E+00  3.277893E+00  -2.252657E-04  7.585288E+01
9.819196E+00  3.273063E+00  -1.985252E-04  7.585318E+01
9.807890E+00  3.269300E+00  -2.093223E-04  7.585345E+01
9.794647E+00  3.264884E+00  -2.153823E-04  7.585374E+01
9.781974E+00  3.260658E+00  -2.528911E-04  7.585401E+01
9.770773E+00  3.256926E+00  -2.394993E-04  7.585427E+01
9.757737E+00  3.252579E+00  -2.805938E-04  7.585456E+01
9.746546E+00  3.248851E+00  -2.875673E-04  7.585480E+01
9.734620E+00  3.244877E+00  -2.717610E-04  7.585506E+01
9.721737E+00  3.240582E+00  -2.656986E-04  7.585533E+01
9.710529E+00  3.236847E+00  -2.812617E-04  7.585558E+01
9.699379E+00  3.233127E+00  -3.325601E-04  7.585583E+01
9.686155E+00  3.228723E+00  -3.701585E-04  7.585612E+01
9.672556E+00  3.224191E+00  -3.188077E-04  7.585638E+01
9.661823E+00  3.220612E+00  -3.007952E-04  7.585663E+01
9.648375E+00  3.216132E+00  -3.216278E-04  7.585690E+01
9.637260E+00  3.212422E+00  -3.360722E-04  7.585714E+01
9.625420E+00  3.208477E+00  -3.605309E-04  7.585739E+01
9.613402E+00  3.204468E+00  -3.545480E-04  7.585765E+01
9.601770E+00  3.200595E+00  -3.480465E-04  7.585789E+01
9.592261E+00  3.197424E+00  -2.958298E-04  7.585811E+01
9.583546E+00  3.194517E+00  -2.767712E-04  7.585825E+01
9.576880E+00  3.192297E+00  -2.659512E-04  7.585839E+01
9.563701E+00  3.187903E+00  -2.424593E-04  7.585866E+01
9.557587E+00  3.185865E+00  -2.386861E-04  7.585878E+01
9.551507E+00  3.183840E+00  -2.625057E-04  7.585891E+01
9.539989E+00  3.179997E+00  -2.819756E-04  7.585914E+01
9.528137E+00  3.176048E+00  -3.009418E-04  7.585938E+01
9.516866E+00  3.172292E+00  -3.066893E-04  7.585960E+01
9.506788E+00  3.168927E+00  -3.083344E-04  7.585982E+01
9.494173E+00  3.164725E+00  -3.028423E-04  7.586007E+01
9.480502E+00  3.160170E+00  -2.945651E-04  7.586032E+01
9.469465E+00  3.156493E+00  -2.850028E-04  7.586053E+01
9.457576E+00  3.152526E+00  -2.826055E-04  7.586077E+01
9.446763E+00  3.148922E+00  -2.894172E-04  7.586099E+01
9.435305E+00  3.145104E+00  -3.191261E-04  7.586121E+01
9.423657E+00  3.141222E+00  -3.698413E-04  7.586144E+01
9.411190E+00  3.137058E+00  -3.726622E-04  7.586169E+01
9.398309E+00  3.132775E+00  -3.649831E-04  7.586193E+01
9.385944E+00  3.128647E+00  -3.483977E-04  7.586216E+01
9.374204E+00  3.124735E+00  -3.494413E-04  7.586238E+01
9.363358E+00  3.121121E+00  -3.354592E-04  7.586261E+01
9.355718E+00  3.118574E+00  -3.513404E-04  7.586274E+01
9.348329E+00  3.116110E+00  -3.429861E-04  7.586288E+01
9.337642E+00  3.112554E+00  -3.635246E-04  7.586308E+01
9.326529E+00  3.108842E+00  -3.782437E-04  7.586329E+01
9.314075E+00  3.104693E+00  -3.538624E-04  7.586350E+01
9.303564E+00  3.101191E+00  -3.739695E-04  7.586372E+01
9.291213E+00  3.097076E+00  -3.651454E-04  7.586395E+01
9.279941E+00  3.093312E+00  -2.763572E-04  7.586415E+01
9.269483E+00  3.089833E+00  -2.696786E-04  7.586434E+01
9.257653E+00  3.085883E+00  -2.487201E-04  7.586455E+01
9.245529E+00  3.081843E+00  -2.843887E-04  7.586476E+01
9.234939E+00  3.078309E+00  -2.922569E-04  7.586496E+01
9.223218E+00  3.074408E+00  -2.693733E-04  7.586519E+01
9.210585E+00  3.070197E+00  -2.864550E-04  7.586541E+01
9.199221E+00  3.066410E+00  -3.188554E-04  7.586560E+01
9.187405E+00  3.062471E+00  -3.224535E-04  7.586580E+01
9.175959E+00  3.058654E+00  -3.087187E-04  7.586601E+01
9.167735E+00  3.055916E+00  -4.316581E-04  7.586615E+01
9.160765E+00  3.053593E+00  -4.356932E-04  7.586629E+01
9.152573E+00  3.050857E+00  -4.043490E-04  7.586641E+01
9.145536E+00  3.048517E+00  -3.829277E-04  7.586654E+01
9.133970E+00  3.044660E+00  -3.811671E-04  7.586674E+01
9.121572E+00  3.040529E+00  -3.662948E-04  7.586696E+01
9.108874E+00  3.036294E+00  -3.846772E-04  7.586717E+01
9.096676E+00  3.032228E+00  -4.089064E-04  7.586738E+01
9.084349E+00  3.028121E+00  -4.185859E-04  7.586759E+01
9.073916E+00  3.024643E+00  -4.122168E-04  7.586777E+01
9.061602E+00  3.020538E+00  -4.472969E-04  7.586795E+01
9.054730E+00  3.018248E+00  -4.516481E-04  7.586811E+01
9.045533E+00  3.015175E+00  -4.564370E-04  7.586824E+01
9.038375E+00  3.012796E+00  -4.716372E-04  7.586837E+01
9.025286E+00  3.008431E+00  -4.623349E-04  7.586859E+01
9.013948E+00  3.004654E+00  -4.438551E-04  7.586877E+01
9.002320E+00  3.000778E+00  -4.523362E-04  7.586896E+01
8.995402E+00  2.998469E+00  -4.649212E-04  7.586907E+01
8.989357E+00  2.996455E+00  -4.826131E-04  7.586917E+01
8.976121E+00  2.992046E+00  -5.115703E-04  7.586939E+01
8.962360E+00  2.987455E+00  -5.261822E-04  7.586961E+01
8.951189E+00  2.983733E+00  -5.252208E-04  7.586979E+01
8.938623E+00  2.979543E+00  -5.291437E-04  7.586998E+01
8.928993E+00  2.976336E+00  -5.195998E-04  7.587014E+01
8.917620E+00  2.972541E+00  -4.976531E-04  7.587032E+01
8.907067E+00  2.969027E+00  -4.936417E-04  7.587048E+01
8.895378E+00  2.965130E+00  -4.767857E-04  7.587066E+01
8.885089E+00  2.961698E+00  -4.388900E-04  7.587082E+01
8.873963E+00  2.957991E+00  -4.520163E-04  7.587101E+01
8.861490E+00  2.953830E+00  -4.450189E-04  7.587120E+01
8.849536E+00  2.949846E+00  -4.671709E-04  7.587137E+01
8.839591E+00  2.946534E+00  -4.636371E-04  7.587153E+01
8.828328E+00  2.942776E+00  -4.557169E-04  7.587171E+01
8.815913E+00  2.938639E+00  -4.406099E-04  7.587190E+01
8.805958E+00  2.935320E+00  -4.391832E-04  7.587206E+01
8.793358E+00  2.931121E+00  -4.359287E-04  7.587224E+01
8.783780E+00  2.927932E+00  -4.305825E-04  7.587240E+01
