# HSM/GeV  HNSM/GeV  HS/GeV  T/GeV
1.142931E+02  3.809333E+01  2.830457E-02  1.109013E+02
1.142885E+02  3.809204E+01  2.688153E-02  1.109028E+02
1.142841E+02  3.809079E+01  2.538996E-02  1.109044E+02
1.142133E+02  3.806662E+01  2.912881E-02  1.109290E+02
1.141778E+02  3.805479E+01  2.905534E-02  1.109413E+02
1.141381E+02  3.804307E+01  1.929457E-02  1.109549E+02
1.141261E+02  3.803905E+01  1.938355E-02  1.109591E+02
1.141143E+02  3.803439E+01  2.415723E-02  1.109632E+02
1.140986E+02  3.802913E+01  2.422821E-02  1.109687E+02
1.140827E+02  3.802408E+01  2.253824E-02  1.109742E+02
1.140675E+02  3.801994E+01  1.663590E-02  1.109793E+02
1.140527E+02  3.801504E+01  1.631828E-02  1.109845E+02
1.140229E+02  3.800492E+01  1.752739E-02  1.109948E+02
1.139709E+02  3.798854E+01  1.143975E-02  1.110126E+02
1.139192E+02  3.797113E+01  1.254121E-02  1.110305E+02
1.139112E+02  3.796855E+01  1.199559E-02  1.110333E+02
1.139032E+02  3.796619E+01  1.008412E-02  1.110360E+02
1.138925E+02  3.796201E+01  1.400427E-02  1.110398E+02
1.138817E+02  3.795857E+01  1.283836E-02  1.110435E+02
1.138472E+02  3.794640E+01  1.730329E-02  1.110554E+02
1.138126E+02  3.793490E+01  1.718788E-02  1.110674E+02
1.137429E+02  3.791296E+01  8.661953E-03  1.110913E+02
1.137099E+02  3.790250E+01  5.282664E-03  1.111026E+02
1.136995E+02  3.789964E+01  1.191423E-03  1.111061E+02
1.136890E+02  3.789637E+01  -2.686034E-04  1.111097E+02
1.136881E+02  3.789607E+01  -1.832853E-04  1.111100E+02
1.136866E+02  3.789734E+01  -1.171524E-02  1.111103E+02
1.136561E+02  3.788586E+01  -3.102978E-03  1.111209E+02
1.135947E+02  3.786445E+01  3.018566E-03  1.111422E+02
1.135623E+02  3.785353E+01  3.662514E-03  1.111533E+02
1.135480E+02  3.784939E+01  -2.835015E-04  1.111581E+02
1.135342E+02  3.784462E+01  7.381261E-04  1.111629E+02
1.135064E+02  3.783472E+01  4.799278E-03  1.111725E+02
1.134542E+02  3.781814E+01  -4.687181E-04  1.111903E+02
1.134510E+02  3.781702E+01  -1.774556E-04  1.111914E+02
1.134478E+02  3.781586E+01  4.320962E-04  1.111926E+02
1.134413E+02  3.781378E+01  -4.106192E-05  1.111948E+02
1.134160E+02  3.780406E+01  8.135602E-03  1.112036E+02
1.133851E+02  3.779512E+01  -5.953547E-04  1.112140E+02
1.133650E+02  3.778829E+01  2.225327E-04  1.112209E+02
1.133453E+02  3.778063E+01  7.300449E-03  1.112278E+02
1.132647E+02  3.775383E+01  7.145352E-03  1.112553E+02
1.129415E+02  3.764713E+01  3.531482E-04  1.113654E+02
1.129302E+02  3.764337E+01  2.806136E-04  1.113692E+02
1.129188E+02  3.764001E+01  -2.722330E-03  1.113731E+02
1.128994E+02  3.763349E+01  -2.333106E-03  1.113797E+02
1.128801E+02  3.762667E+01  7.463242E-05  1.113863E+02
1.128413E+02  3.761362E+01  1.057638E-03  1.113995E+02
1.128006E+02  3.760019E+01  -9.387478E-05  1.114133E+02
1.127597E+02  3.758721E+01  -4.227131E-03  1.114270E+02
1.127372E+02  3.757892E+01  8.072880E-04  1.114348E+02
1.127144E+02  3.757141E+01  3.460683E-04  1.114425E+02
1.126593E+02  3.755339E+01  -1.924744E-03  1.114611E+02
1.126264E+02  3.754227E+01  -9.286462E-04  1.114723E+02
1.125932E+02  3.753142E+01  -2.284619E-03  1.114835E+02
1.125161E+02  3.750534E+01  2.316933E-04  1.115096E+02
1.124257E+02  3.747538E+01  -8.765469E-04  1.115401E+02
1.123351E+02  3.744552E+01  -3.113523E-03  1.115706E+02
1.123000E+02  3.743398E+01  -4.327725E-03  1.115824E+02
1.122650E+02  3.742179E+01  -8.635497E-04  1.115942E+02
1.121949E+02  3.739803E+01  1.759169E-03  1.116178E+02
1.119130E+02  3.730392E+01  2.748186E-03  1.117123E+02
1.117251E+02  3.724168E+01  1.648121E-04  1.117750E+02
1.116002E+02  3.720084E+01  -4.972435E-03  1.118166E+02
1.114754E+02  3.715880E+01  -2.299253E-03  1.118581E+02
1.113777E+02  3.712535E+01  3.770572E-03  1.118906E+02
1.112785E+02  3.709285E+01  -9.724395E-05  1.119235E+02
1.111793E+02  3.705947E+01  2.102319E-03  1.119563E+02
1.111204E+02  3.704012E+01  1.766431E-04  1.119758E+02
1.110894E+02  3.702945E+01  2.350725E-03  1.119860E+02
1.110582E+02  3.701939E+01  -4.409925E-07  1.119963E+02
1.109959E+02  3.699882E+01  -1.247604E-03  1.120169E+02
1.109139E+02  3.697137E+01  -4.043389E-04  1.120439E+02
1.108325E+02  3.694418E+01  -4.114669E-05  1.120706E+02
1.107493E+02  3.691641E+01  2.547780E-04  1.120980E+02
1.106661E+02  3.688857E+01  7.973302E-04  1.121253E+02
1.105950E+02  3.686500E+01  -1.995358E-05  1.121486E+02
1.105237E+02  3.684160E+01  -2.458396E-03  1.121719E+02
1.104579E+02  3.681925E+01  2.657198E-04  1.121935E+02
1.103914E+02  3.679821E+01  -7.186935E-03  1.122151E+02
1.103112E+02  3.677042E+01  -1.314376E-04  1.122414E+02
1.102301E+02  3.674371E+01  -2.309104E-03  1.122677E+02
1.101720E+02  3.672398E+01  1.925699E-04  1.122867E+02
1.101135E+02  3.670354E+01  6.392242E-03  1.123058E+02
1.100547E+02  3.668441E+01  3.294062E-03  1.123249E+02
1.099557E+02  3.665192E+01  -8.338582E-05  1.123570E+02
1.098568E+02  3.661911E+01  -1.334771E-03  1.123891E+02
1.098009E+02  3.660039E+01  -5.669704E-04  1.124071E+02
1.097451E+02  3.658125E+01  3.001159E-03  1.124252E+02
1.096246E+02  3.654155E+01  3.571519E-05  1.124641E+02
1.095187E+02  3.650618E+01  3.662292E-04  1.124982E+02
1.094422E+02  3.648076E+01  -2.565131E-04  1.125229E+02
1.093655E+02  3.645517E+01  -1.141716E-05  1.125475E+02
1.092122E+02  3.640354E+01  3.736992E-03  1.125967E+02
1.089334E+02  3.631149E+01  -2.541379E-03  1.126858E+02
1.086536E+02  3.621818E+01  -2.132147E-03  1.127749E+02
1.085969E+02  3.619921E+01  -1.729002E-03  1.127929E+02
1.085402E+02  3.618007E+01  -6.631316E-05  1.128110E+02
1.084268E+02  3.614114E+01  7.648548E-03  1.128470E+02
1.081985E+02  3.606540E+01  5.324156E-03  1.129190E+02
1.077398E+02  3.591324E+01  1.785577E-04  1.130632E+02
1.075176E+02  3.583970E+01  -3.449972E-03  1.131325E+02
1.073268E+02  3.577532E+01  1.873075E-03  1.131920E+02
1.071907E+02  3.573045E+01  -1.378854E-03  1.132343E+02
1.070545E+02  3.568480E+01  1.285927E-04  1.132766E+02
1.068503E+02  3.561673E+01  3.654906E-04  1.133397E+02
1.066456E+02  3.554853E+01  1.314239E-04  1.134028E+02
1.064484E+02  3.548277E+01  1.718898E-04  1.134634E+02
1.062373E+02  3.541243E+01  2.423113E-05  1.135280E+02
1.060254E+02  3.534198E+01  -1.280984E-03  1.135927E+02
1.059482E+02  3.531606E+01  1.980669E-04  1.136162E+02
1.058706E+02  3.529112E+01  -6.559602E-03  1.136397E+02
1.057911E+02  3.526383E+01  -8.470854E-04  1.136639E+02
1.057112E+02  3.523742E+01  -2.398704E-03  1.136881E+02
1.053718E+02  3.512392E+01  1.861660E-04  1.137908E+02
1.050349E+02  3.501163E+01  -2.308398E-05  1.138922E+02
1.048903E+02  3.496345E+01  -6.354760E-05  1.139355E+02
1.047760E+02  3.492518E+01  1.027683E-03  1.139696E+02
1.046453E+02  3.488178E+01  -1.190132E-04  1.140087E+02
1.045142E+02  3.483806E+01  1.301242E-05  1.140477E+02
1.043727E+02  3.479093E+01  -3.102755E-04  1.140897E+02
1.042308E+02  3.474359E+01  6.528160E-05  1.141318E+02
1.038160E+02  3.460550E+01  -1.127200E-03  1.142542E+02
1.036624E+02  3.455420E+01  -5.147468E-04  1.142994E+02
1.035083E+02  3.450274E+01  6.503913E-05  1.143445E+02
1.031990E+02  3.439975E+01  -6.055989E-04  1.144348E+02
1.027364E+02  3.424514E+01  2.183384E-03  1.145691E+02
1.022527E+02  3.408448E+01  -1.857111E-03  1.147084E+02
1.017150E+02  3.390500E+01  -1.629276E-05  1.148621E+02
1.015070E+02  3.383565E+01  -6.609005E-06  1.149211E+02
1.012980E+02  3.376669E+01  -4.968118E-03  1.149802E+02
1.008786E+02  3.362643E+01  -1.660027E-03  1.150984E+02
1.004612E+02  3.348752E+01  -3.251252E-03  1.152151E+02
1.002168E+02  3.340538E+01  1.574404E-03  1.152832E+02
9.997094E+01  3.332367E+01  -1.233307E-04  1.153513E+02
9.961148E+01  3.320470E+01  -6.425537E-03  1.154504E+02
9.934499E+01  3.311511E+01  -7.656729E-04  1.155236E+02
9.908120E+01  3.302770E+01  -4.776253E-03  1.155957E+02
9.881645E+01  3.293880E+01  1.586278E-04  1.156678E+02
9.826988E+01  3.275606E+01  4.169542E-03  1.158156E+02
9.800055E+01  3.266685E+01  1.134369E-05  1.158879E+02
9.775280E+01  3.258428E+01  -1.238786E-04  1.159542E+02
9.761207E+01  3.253741E+01  -3.704666E-04  1.159917E+02
9.747110E+01  3.249042E+01  -4.001945E-04  1.160292E+02
9.718824E+01  3.239609E+01  -3.617108E-05  1.161042E+02
9.686562E+01  3.228854E+01  -3.979498E-05  1.161893E+02
9.658030E+01  3.219344E+01  1.261349E-06  1.162642E+02
9.630033E+01  3.210025E+01  -9.878552E-04  1.163373E+02
9.601918E+01  3.200638E+01  3.844228E-05  1.164105E+02
9.583854E+01  3.194610E+01  6.326242E-04  1.164573E+02
9.565739E+01  3.188580E+01  -6.047196E-05  1.165041E+02
9.524269E+01  3.174758E+01  -9.670041E-05  1.166107E+02
9.502045E+01  3.167337E+01  9.104268E-04  1.166676E+02
9.479713E+01  3.159936E+01  -2.489078E-03  1.167245E+02
9.441709E+01  3.147236E+01  8.449536E-05  1.168209E+02
9.405351E+01  3.135116E+01  7.367189E-05  1.169125E+02
9.378193E+01  3.126064E+01  3.328893E-05  1.169806E+02
9.350902E+01  3.116978E+01  -8.521066E-04  1.170488E+02
9.328983E+01  3.109660E+01  1.127682E-04  1.171033E+02
9.306997E+01  3.102283E+01  3.833566E-03  1.171578E+02
9.260032E+01  3.086673E+01  2.455603E-04  1.172735E+02
9.241227E+01  3.080392E+01  1.440979E-03  1.173195E+02
9.222376E+01  3.074126E+01  -2.488113E-05  1.173656E+02
9.160211E+01  3.053404E+01  -8.996444E-05  1.175164E+02
9.130727E+01  3.043574E+01  3.698659E-05  1.175874E+02
9.107818E+01  3.035941E+01  -1.288633E-04  1.176423E+02
9.084810E+01  3.028328E+01  -4.715951E-03  1.176972E+02
9.037916E+01  3.012669E+01  -2.496279E-03  1.178086E+02
8.990650E+01  2.996889E+01  -4.620630E-04  1.179200E+02
8.957090E+01  2.985698E+01  -7.868782E-05  1.179985E+02
8.923350E+01  2.974393E+01  4.751980E-03  1.180771E+02
8.849539E+01  2.949847E+01  -2.653460E-05  1.182473E+02
8.761402E+01  2.920467E+01  1.680302E-05  1.184478E+02
8.723258E+01  2.907752E+01  4.627045E-06  1.185336E+02
8.684871E+01  2.894958E+01  3.479562E-06  1.186195E+02
8.633213E+01  2.877740E+01  -1.614481E-04  1.187341E+02
8.584140E+01  2.861379E+01  7.609082E-05  1.188421E+02
8.544063E+01  2.848023E+01  -1.488562E-04  1.189296E+02
8.510498E+01  2.836852E+01  -1.646314E-03  1.190024E+02
8.478238E+01  2.826087E+01  -5.925611E-04  1.190720E+02
8.445418E+01  2.815157E+01  -1.536579E-03  1.191424E+02
8.412437E+01  2.804146E+01  -1.868376E-05  1.192128E+02
8.363455E+01  2.787821E+01  -2.452278E-04  1.193165E+02
8.323412E+01  2.774470E+01  9.351020E-05  1.194007E+02
8.291578E+01  2.763860E+01  -2.625793E-05  1.194672E+02
8.256773E+01  2.752271E+01  -1.202913E-03  1.195394E+02
8.221136E+01  2.740379E+01  -4.759529E-05  1.196130E+02
8.185256E+01  2.728420E+01  -3.424334E-05  1.196866E+02
8.162912E+01  2.720972E+01  -6.119587E-05  1.197322E+02
8.140469E+01  2.713489E+01  4.045159E-05  1.197778E+02
8.094736E+01  2.698246E+01  -3.549067E-05  1.198702E+02
8.048642E+01  2.682868E+01  1.222336E-03  1.199626E+02
8.023367E+01  2.674453E+01  2.946620E-04  1.200129E+02
7.997986E+01  2.665995E+01  -9.601976E-06  1.200632E+02
7.910703E+01  2.636889E+01  1.111757E-03  1.202345E+02
7.858394E+01  2.619458E+01  6.612764E-04  1.203358E+02
7.807866E+01  2.602621E+01  8.083593E-05  1.204328E+02
7.767513E+01  2.589178E+01  -6.507449E-04  1.205097E+02
7.726877E+01  2.575627E+01  -5.167880E-05  1.205865E+02
7.678955E+01  2.559651E+01  1.005728E-04  1.206763E+02
7.639056E+01  2.546353E+01  -4.931251E-05  1.207505E+02
7.594914E+01  2.531638E+01  -2.195060E-05  1.208320E+02
7.550414E+01  2.516794E+01  9.530459E-04  1.209135E+02
7.529212E+01  2.509727E+01  1.061313E-03  1.209521E+02
7.507909E+01  2.502634E+01  2.139384E-04  1.209906E+02
7.465068E+01  2.488364E+01  -8.089057E-04  1.210678E+02
7.414955E+01  2.471645E+01  7.185063E-04  1.211573E+02
7.387784E+01  2.462595E+01  7.401533E-06  1.212055E+02
7.366962E+01  2.455655E+01  1.634831E-05  1.212422E+02
7.346037E+01  2.448682E+01  -2.745163E-04  1.212790E+02
7.303965E+01  2.434670E+01  -1.383011E-03  1.213525E+02
7.271914E+01  2.423971E+01  2.195549E-05  1.214081E+02
7.239662E+01  2.413220E+01  1.418485E-04  1.214637E+02
7.193954E+01  2.397988E+01  -2.643664E-04  1.215420E+02
7.154227E+01  2.384757E+01  -1.407326E-03  1.216094E+02
7.125606E+01  2.375202E+01  -1.322324E-05  1.216577E+02
7.103272E+01  2.367784E+01  -2.768482E-03  1.216951E+02
7.082117E+01  2.360718E+01  -1.229112E-03  1.217305E+02
7.060877E+01  2.353626E+01  2.304238E-05  1.217658E+02
7.029204E+01  2.343069E+01  -8.212808E-05  1.218183E+02
6.997314E+01  2.332439E+01  -2.358925E-05  1.218707E+02
6.932957E+01  2.310986E+01  -3.636045E-07  1.219756E+02
6.867819E+01  2.289273E+01  2.062622E-05  1.220804E+02
6.789766E+01  2.263256E+01  3.519174E-05  1.222042E+02
6.766127E+01  2.255366E+01  1.064199E-03  1.222413E+02
6.742358E+01  2.247452E+01  9.364501E-05  1.222784E+02
6.696546E+01  2.232182E+01  4.744024E-05  1.223495E+02
6.662295E+01  2.220765E+01  6.062576E-05  1.224022E+02
6.621705E+01  2.207236E+01  -2.141179E-05  1.224642E+02
6.580769E+01  2.193571E+01  2.013688E-03  1.225262E+02
6.559997E+01  2.186649E+01  1.898413E-03  1.225574E+02
6.539137E+01  2.179701E+01  1.170609E-03  1.225887E+02
6.517065E+01  2.172342E+01  1.394204E-03  1.226216E+02
6.494911E+01  2.164971E+01  -3.497444E-05  1.226544E+02
6.470387E+01  2.156796E+01  -9.076981E-05  1.226907E+02
6.445716E+01  2.148573E+01  2.446228E-05  1.227269E+02
6.393058E+01  2.131020E+01  -4.989318E-05  1.228037E+02
6.356750E+01  2.118915E+01  1.373181E-04  1.228561E+02
6.328653E+01  2.109551E+01  -9.125775E-06  1.228964E+02
6.301281E+01  2.100406E+01  2.569317E-03  1.229354E+02
6.268957E+01  2.089647E+01  5.997319E-04  1.229812E+02
6.242299E+01  2.080763E+01  3.271843E-04  1.230187E+02
6.218782E+01  2.072930E+01  -2.644865E-04  1.230516E+02
6.197804E+01  2.065940E+01  -6.999875E-04  1.230808E+02
6.185344E+01  2.061789E+01  -9.051991E-04  1.230981E+02
6.172857E+01  2.057615E+01  3.728112E-04  1.231154E+02
6.151167E+01  2.050399E+01  -1.135441E-03  1.231453E+02
6.127169E+01  2.042389E+01  4.581795E-05  1.231782E+02
6.099937E+01  2.033306E+01  7.319314E-04  1.232154E+02
6.072528E+01  2.024187E+01  -1.366591E-03  1.232525E+02
6.052970E+01  2.017657E+01  -8.867212E-05  1.232789E+02
6.033325E+01  2.011109E+01  1.475775E-06  1.233053E+02
5.980457E+01  1.993486E+01  -5.467585E-05  1.233757E+02
5.942612E+01  1.980870E+01  4.167027E-05  1.234256E+02
5.904426E+01  1.968142E+01  2.211597E-05  1.234755E+02
5.871917E+01  1.957314E+01  -1.040292E-03  1.235177E+02
5.849320E+01  1.949774E+01  -4.087795E-06  1.235468E+02
5.825057E+01  1.941696E+01  -1.307513E-03  1.235778E+02
5.800679E+01  1.933559E+01  2.203200E-07  1.236089E+02
5.707000E+01  1.902331E+01  3.327949E-04  1.237267E+02
5.680629E+01  1.893545E+01  -1.244904E-04  1.237593E+02
5.662177E+01  1.887397E+01  -6.135745E-04  1.237821E+02
5.645120E+01  1.881707E+01  -3.703471E-05  1.238030E+02
5.631841E+01  1.877272E+01  1.143499E-03  1.238192E+02
5.618528E+01  1.872846E+01  -3.327842E-04  1.238355E+02
5.604901E+01  1.868302E+01  -3.053351E-04  1.238520E+02
5.595700E+01  1.865236E+01  -2.873173E-04  1.238632E+02
5.586536E+01  1.862173E+01  7.008632E-04  1.238743E+02
5.571128E+01  1.857034E+01  1.054065E-03  1.238929E+02
5.556188E+01  1.852051E+01  1.504105E-03  1.239108E+02
5.541323E+01  1.847101E+01  8.751364E-04  1.239286E+02
5.526387E+01  1.842126E+01  3.503880E-04  1.239464E+02
5.515910E+01  1.838635E+01  1.512153E-04  1.239588E+02
5.506399E+01  1.835469E+01  -2.721980E-04  1.239701E+02
5.496845E+01  1.832277E+01  6.174585E-04  1.239814E+02
5.477700E+01  1.825898E+01  3.544933E-04  1.240040E+02
5.460259E+01  1.820076E+01  1.372198E-03  1.240245E+02
5.444068E+01  1.814675E+01  1.964467E-03  1.240434E+02
5.428624E+01  1.809539E+01  3.936574E-04  1.240613E+02
5.417058E+01  1.805686E+01  -1.583368E-05  1.240748E+02
5.405459E+01  1.801806E+01  1.936415E-03  1.240882E+02
5.392047E+01  1.797345E+01  5.523410E-04  1.241037E+02
5.378909E+01  1.792974E+01  -5.535965E-04  1.241187E+02
5.365556E+01  1.788529E+01  -1.424579E-03  1.241340E+02
5.352159E+01  1.784054E+01  -5.692035E-05  1.241493E+02
5.324961E+01  1.774987E+01  1.902281E-05  1.241802E+02
5.307688E+01  1.769226E+01  4.661716E-04  1.241997E+02
5.292067E+01  1.764018E+01  5.064937E-04  1.242173E+02
5.274297E+01  1.758099E+01  -1.118963E-05  1.242372E+02
5.256460E+01  1.752147E+01  1.148536E-03  1.242571E+02
5.237810E+01  1.745927E+01  1.367644E-03  1.242778E+02
5.220467E+01  1.740156E+01  -8.939472E-06  1.242970E+02
5.203660E+01  1.734553E+01  -1.135984E-04  1.243155E+02
5.187125E+01  1.729034E+01  1.284254E-03  1.243335E+02
5.172701E+01  1.724234E+01  -1.165873E-04  1.243493E+02
5.158871E+01  1.719611E+01  1.768410E-03  1.243643E+02
5.145076E+01  1.715025E+01  -1.268278E-06  1.243792E+02
5.131218E+01  1.710406E+01  -9.308127E-06  1.243942E+02
5.116704E+01  1.705559E+01  1.206633E-03  1.244098E+02
5.102484E+01  1.700827E+01  1.951578E-04  1.244250E+02
5.087964E+01  1.695986E+01  2.122571E-04  1.244405E+02
5.078749E+01  1.692921E+01  -7.459236E-04  1.244503E+02
5.069513E+01  1.689846E+01  -1.369738E-03  1.244601E+02
5.054572E+01  1.684861E+01  -6.417066E-04  1.244759E+02
5.040813E+01  1.680272E+01  -2.101726E-04  1.244904E+02
5.026995E+01  1.675665E+01  -6.115904E-05  1.245049E+02
5.015342E+01  1.671788E+01  -1.091887E-03  1.245170E+02
5.004012E+01  1.668010E+01  -8.750014E-04  1.245288E+02
4.996702E+01  1.665571E+01  -6.299595E-04  1.245364E+02
4.989390E+01  1.663129E+01  1.244463E-04  1.245440E+02
4.976195E+01  1.658725E+01  1.044089E-03  1.245577E+02
4.963783E+01  1.654585E+01  1.488116E-03  1.245705E+02
4.949771E+01  1.649923E+01  -5.644934E-06  1.245849E+02
4.935715E+01  1.645244E+01  -9.192044E-04  1.245993E+02
4.925840E+01  1.641952E+01  -6.070773E-04  1.246093E+02
4.915951E+01  1.638654E+01  -5.264959E-04  1.246194E+02
4.906934E+01  1.635645E+01  -1.200626E-04  1.246285E+02
4.897926E+01  1.632644E+01  -4.404868E-04  1.246377E+02
4.887363E+01  1.629124E+01  -3.027462E-04  1.246483E+02
4.876810E+01  1.625606E+01  -3.817393E-04  1.246590E+02
4.865077E+01  1.621699E+01  -9.851802E-04  1.246707E+02
4.854813E+01  1.618272E+01  -1.835793E-04  1.246810E+02
4.844880E+01  1.614966E+01  -9.118790E-04  1.246909E+02
4.833784E+01  1.611260E+01  2.729627E-04  1.247019E+02
4.822896E+01  1.607626E+01  8.034349E-04  1.247127E+02
4.812465E+01  1.604147E+01  1.172133E-03  1.247230E+02
4.801458E+01  1.600478E+01  1.186660E-03  1.247339E+02
4.790436E+01  1.596803E+01  1.448166E-03  1.247447E+02
4.778545E+01  1.592845E+01  5.018003E-04  1.247564E+02
4.766605E+01  1.588866E+01  3.422536E-04  1.247680E+02
4.760087E+01  1.586696E+01  -1.082992E-06  1.247743E+02
4.753555E+01  1.584525E+01  -1.141671E-03  1.247807E+02
4.741083E+01  1.580371E+01  -1.572238E-03  1.247928E+02
4.727465E+01  1.575825E+01  -5.147025E-04  1.248059E+02
4.721327E+01  1.573779E+01  -4.780990E-04  1.248118E+02
4.715169E+01  1.571723E+01  -2.477398E-05  1.248177E+02
4.709894E+01  1.569972E+01  -1.137006E-03  1.248228E+02
4.704639E+01  1.568220E+01  -1.156413E-03  1.248278E+02
4.694258E+01  1.564759E+01  -9.963585E-04  1.248378E+02
4.684489E+01  1.561497E+01  6.169668E-05  1.248471E+02
4.675151E+01  1.558389E+01  -8.253323E-04  1.248559E+02
4.665825E+01  1.555279E+01  -5.167262E-04  1.248648E+02
4.648656E+01  1.549549E+01  5.579729E-04  1.248810E+02
4.632210E+01  1.544063E+01  1.210699E-03  1.248964E+02
4.625453E+01  1.541813E+01  7.614718E-04  1.249027E+02
4.618674E+01  1.539556E+01  2.224719E-04  1.249091E+02
4.606056E+01  1.535345E+01  1.022498E-03  1.249208E+02
4.595507E+01  1.531830E+01  8.642468E-04  1.249306E+02
4.585353E+01  1.528451E+01  -2.797366E-05  1.249400E+02
4.577992E+01  1.525996E+01  1.568527E-04  1.249468E+02
4.570612E+01  1.523536E+01  2.632070E-05  1.249536E+02
4.556653E+01  1.518892E+01  -1.373640E-03  1.249664E+02
4.543974E+01  1.514663E+01  -7.715178E-04  1.249780E+02
4.535782E+01  1.511928E+01  7.486440E-06  1.249855E+02
4.527607E+01  1.509204E+01  -3.837099E-04  1.249929E+02
4.522503E+01  1.507502E+01  -2.254129E-04  1.249976E+02
4.517378E+01  1.505793E+01  -2.647003E-05  1.250022E+02
4.507129E+01  1.502377E+01  1.887904E-05  1.250115E+02
4.486551E+01  1.495517E+01  -2.123473E-05  1.250300E+02
4.474280E+01  1.491435E+01  -1.259806E-03  1.250410E+02
4.462320E+01  1.487444E+01  -6.626368E-04  1.250516E+02
4.448639E+01  1.482878E+01  3.521940E-04  1.250638E+02
4.437504E+01  1.479166E+01  4.369082E-04  1.250736E+02
4.430411E+01  1.476800E+01  6.793529E-04  1.250799E+02
4.423313E+01  1.474437E+01  1.158263E-04  1.250861E+02
4.416189E+01  1.472065E+01  -4.458161E-04  1.250924E+02
4.409057E+01  1.469692E+01  -1.044078E-03  1.250986E+02
4.397456E+01  1.465825E+01  -1.125595E-03  1.251088E+02
4.379292E+01  1.459764E+01  5.715778E-05  1.251246E+02
4.361588E+01  1.453862E+01  7.310653E-05  1.251399E+02
4.353016E+01  1.451006E+01  -1.716543E-04  1.251473E+02
4.344415E+01  1.448137E+01  2.591670E-04  1.251547E+02
4.328510E+01  1.442835E+01  3.885560E-04  1.251683E+02
4.311968E+01  1.437316E+01  1.123109E-03  1.251824E+02
4.300794E+01  1.433598E+01  2.267035E-05  1.251919E+02
4.289557E+01  1.429848E+01  7.292918E-04  1.252013E+02
4.273484E+01  1.424488E+01  1.037835E-03  1.252149E+02
4.257531E+01  1.419177E+01  -3.396694E-05  1.252282E+02
4.254375E+01  1.418127E+01  -3.124308E-04  1.252309E+02
4.251220E+01  1.417073E+01  -1.339594E-04  1.252335E+02
4.243212E+01  1.414406E+01  -4.186814E-04  1.252401E+02
4.235170E+01  1.411728E+01  -7.319543E-04  1.252468E+02
4.226193E+01  1.408733E+01  -3.588611E-04  1.252543E+02
4.219041E+01  1.406350E+01  -5.407155E-04  1.252602E+02
4.211859E+01  1.403956E+01  -4.944387E-04  1.252661E+02
4.202211E+01  1.400737E+01  2.800790E-05  1.252740E+02
4.185553E+01  1.395185E+01  -1.980396E-05  1.252876E+02
4.177191E+01  1.392396E+01  1.211197E-05  1.252944E+02
4.168823E+01  1.389607E+01  1.526602E-04  1.253012E+02
4.160444E+01  1.386813E+01  4.154692E-04  1.253080E+02
4.152017E+01  1.384002E+01  5.544260E-04  1.253148E+02
4.143208E+01  1.381066E+01  5.540275E-04  1.253219E+02
4.133860E+01  1.377956E+01  -3.476029E-04  1.253294E+02
4.129896E+01  1.376633E+01  -9.164731E-05  1.253326E+02
4.125955E+01  1.375319E+01  -1.365665E-04  1.253357E+02
4.121004E+01  1.373670E+01  -3.000826E-04  1.253397E+02
4.116052E+01  1.372017E+01  5.549325E-05  1.253436E+02
4.104894E+01  1.368299E+01  -5.968166E-05  1.253525E+02
4.093834E+01  1.364617E+01  -6.232625E-04  1.253612E+02
4.079755E+01  1.359927E+01  -1.504124E-03  1.253723E+02
4.065953E+01  1.355328E+01  -1.861451E-03  1.253831E+02
4.051898E+01  1.350640E+01  -1.283597E-03  1.253941E+02
4.045328E+01  1.348451E+01  -1.533308E-03  1.253992E+02
4.038761E+01  1.346264E+01  -1.775371E-03  1.254043E+02
4.030053E+01  1.343357E+01  -1.355736E-03  1.254111E+02
4.018922E+01  1.339647E+01  -1.097496E-03  1.254197E+02
4.013040E+01  1.337684E+01  -6.381481E-04  1.254242E+02
4.007178E+01  1.335730E+01  -9.632930E-04  1.254287E+02
3.999881E+01  1.333302E+01  -1.343690E-03  1.254342E+02
3.992891E+01  1.330964E+01  -6.240286E-05  1.254396E+02
3.983029E+01  1.327674E+01  4.251077E-04  1.254471E+02
3.978201E+01  1.326064E+01  5.206503E-04  1.254508E+02
3.973369E+01  1.324453E+01  7.366135E-04  1.254544E+02
3.966322E+01  1.322106E+01  1.568146E-04  1.254597E+02
3.959901E+01  1.319968E+01  -9.546057E-05  1.254646E+02
3.953508E+01  1.317834E+01  3.052963E-04  1.254694E+02
3.947225E+01  1.315743E+01  -2.817339E-04  1.254741E+02
3.939239E+01  1.313081E+01  -2.431644E-04  1.254801E+02
3.935411E+01  1.311803E+01  5.462003E-05  1.254830E+02
3.931583E+01  1.310528E+01  -1.630621E-05  1.254858E+02
3.924743E+01  1.308250E+01  -4.149230E-04  1.254909E+02
3.918153E+01  1.306052E+01  -2.011475E-04  1.254958E+02
3.911590E+01  1.303867E+01  -5.680560E-04  1.255007E+02
3.900700E+01  1.300233E+01  6.528380E-05  1.255087E+02
3.895472E+01  1.298490E+01  5.948655E-07  1.255126E+02
3.890222E+01  1.296740E+01  3.675918E-05  1.255164E+02
3.883755E+01  1.294588E+01  -5.502318E-04  1.255212E+02
3.876684E+01  1.292229E+01  -1.204870E-04  1.255264E+02
3.869806E+01  1.289936E+01  -2.197696E-04  1.255314E+02
3.858561E+01  1.286198E+01  -1.895505E-03  1.255396E+02
3.846909E+01  1.282303E+01  -1.700159E-05  1.255480E+02
3.842298E+01  1.280766E+01  -7.876599E-06  1.255513E+02
3.837720E+01  1.279238E+01  4.620555E-04  1.255547E+02
3.831125E+01  1.277040E+01  3.244041E-04  1.255594E+02
3.824868E+01  1.274954E+01  5.090091E-04  1.255639E+02
3.818174E+01  1.272723E+01  1.662949E-04  1.255687E+02
3.811312E+01  1.270443E+01  -9.266118E-04  1.255736E+02
3.807866E+01  1.269293E+01  -9.925138E-04  1.255761E+02
3.804460E+01  1.268160E+01  -1.159859E-03  1.255785E+02
3.798194E+01  1.266069E+01  -1.365029E-03  1.255830E+02
3.792258E+01  1.264090E+01  -8.226656E-04  1.255872E+02
3.781975E+01  1.260662E+01  -7.447405E-04  1.255944E+02
3.776814E+01  1.258943E+01  -9.260020E-04  1.255981E+02
3.771663E+01  1.257226E+01  -9.302739E-04  1.256017E+02
3.760713E+01  1.253574E+01  -5.059638E-04  1.256094E+02
3.749751E+01  1.249917E+01  -6.970571E-05  1.256171E+02
3.741435E+01  1.247150E+01  -8.264919E-04  1.256229E+02
3.733119E+01  1.244376E+01  -3.952509E-04  1.256286E+02
3.725537E+01  1.241845E+01  9.176010E-05  1.256339E+02
3.717046E+01  1.239015E+01  2.801918E-04  1.256398E+02
3.708218E+01  1.236067E+01  1.230001E-03  1.256458E+02
3.702820E+01  1.234270E+01  7.429601E-04  1.256495E+02
3.697409E+01  1.232470E+01  4.416059E-05  1.256533E+02
3.690865E+01  1.230288E+01  6.175927E-05  1.256577E+02
3.684596E+01  1.228202E+01  -4.978225E-04  1.256620E+02
3.676568E+01  1.225525E+01  -4.119035E-04  1.256675E+02
3.671715E+01  1.223908E+01  -6.669686E-04  1.256707E+02
3.666883E+01  1.222295E+01  -2.423829E-04  1.256740E+02
3.659176E+01  1.219723E+01  6.188228E-04  1.256792E+02
3.652618E+01  1.217538E+01  4.477513E-04  1.256837E+02
3.645945E+01  1.215314E+01  1.736924E-04  1.256881E+02
3.639141E+01  1.213045E+01  4.126650E-04  1.256927E+02
3.632353E+01  1.210784E+01  1.728662E-04  1.256972E+02
3.626033E+01  1.208673E+01  9.667972E-04  1.257015E+02
3.619682E+01  1.206558E+01  7.424039E-04  1.257057E+02
3.611715E+01  1.203902E+01  7.505252E-04  1.257109E+02
3.604516E+01  1.201502E+01  6.451275E-04  1.257157E+02
3.597285E+01  1.199091E+01  7.715901E-04  1.257205E+02
3.590660E+01  1.196882E+01  9.406170E-04  1.257248E+02
3.580747E+01  1.193583E+01  -2.422505E-04  1.257313E+02
3.577628E+01  1.192544E+01  -2.318388E-04  1.257334E+02
3.574529E+01  1.191512E+01  -4.804936E-04  1.257354E+02
3.568947E+01  1.189650E+01  -1.491621E-04  1.257390E+02
3.563330E+01  1.187778E+01  -4.335196E-04  1.257427E+02
3.557332E+01  1.185779E+01  -3.287457E-04  1.257466E+02
3.553952E+01  1.184653E+01  -3.982827E-04  1.257488E+02
3.550549E+01  1.183518E+01  -4.508879E-04  1.257510E+02
3.543579E+01  1.181194E+01  -3.219229E-04  1.257555E+02
3.537737E+01  1.179247E+01  -2.590847E-04  1.257592E+02
3.532003E+01  1.177338E+01  -9.491171E-04  1.257629E+02
3.526326E+01  1.175448E+01  -1.299262E-03  1.257665E+02
3.520561E+01  1.173526E+01  -9.742832E-04  1.257702E+02
3.515081E+01  1.171698E+01  -9.156176E-04  1.257737E+02
3.509694E+01  1.169903E+01  -1.012762E-03  1.257772E+02
3.504194E+01  1.168069E+01  -9.731308E-04  1.257806E+02
3.498675E+01  1.166231E+01  -1.182749E-03  1.257841E+02
3.490283E+01  1.163428E+01  3.248462E-06  1.257894E+02
3.482562E+01  1.160853E+01  2.529968E-04  1.257943E+02
3.478647E+01  1.159549E+01  7.027293E-05  1.257968E+02
3.474769E+01  1.158256E+01  9.018864E-05  1.257992E+02
3.467407E+01  1.155805E+01  -4.226851E-04  1.258038E+02
3.463893E+01  1.154633E+01  -3.156975E-04  1.258060E+02
3.460405E+01  1.153470E+01  -3.318512E-04  1.258082E+02
3.454664E+01  1.151554E+01  1.477666E-04  1.258118E+02
3.449326E+01  1.149774E+01  3.760062E-04  1.258151E+02
3.443967E+01  1.147987E+01  3.667123E-04  1.258184E+02
3.438505E+01  1.146167E+01  1.221756E-04  1.258218E+02
3.432973E+01  1.144324E+01  4.448070E-05  1.258252E+02
3.427134E+01  1.142379E+01  -4.844280E-05  1.258288E+02
3.421260E+01  1.140421E+01  -2.862856E-04  1.258324E+02
3.416358E+01  1.138787E+01  -2.410714E-04  1.258354E+02
3.411403E+01  1.137137E+01  -5.263729E-04  1.258384E+02
3.406081E+01  1.135362E+01  -4.264044E-04  1.258417E+02
3.400626E+01  1.133544E+01  -3.918132E-04  1.258450E+02
3.395259E+01  1.131754E+01  -2.283072E-04  1.258483E+02
3.390015E+01  1.130007E+01  -3.805359E-04  1.258514E+02
3.387272E+01  1.129091E+01  -1.389153E-04  1.258531E+02
3.384485E+01  1.128163E+01  -2.158210E-04  1.258548E+02
3.379038E+01  1.126347E+01  -1.673658E-04  1.258581E+02
3.372997E+01  1.124335E+01  -7.028424E-04  1.258617E+02
3.367689E+01  1.122566E+01  -7.964311E-04  1.258649E+02
3.362374E+01  1.120794E+01  -4.710574E-04  1.258681E+02
3.355965E+01  1.118656E+01  -3.554756E-04  1.258720E+02
3.349340E+01  1.116447E+01  -6.085219E-05  1.258759E+02
3.339973E+01  1.113323E+01  2.386669E-04  1.258815E+02
3.330312E+01  1.110103E+01  3.029099E-04  1.258872E+02
3.322048E+01  1.107347E+01  6.257070E-04  1.258921E+02
3.313730E+01  1.104569E+01  1.411007E-03  1.258970E+02
3.308666E+01  1.102889E+01  -1.650017E-05  1.259000E+02
3.303594E+01  1.101199E+01  -1.057321E-04  1.259029E+02
3.300462E+01  1.100156E+01  -3.741373E-04  1.259047E+02
3.297358E+01  1.099122E+01  -4.549366E-04  1.259066E+02
3.288639E+01  1.096214E+01  -3.206788E-04  1.259116E+02
3.284455E+01  1.094821E+01  -5.776785E-04  1.259141E+02
3.280257E+01  1.093422E+01  -4.959337E-04  1.259165E+02
3.274485E+01  1.091495E+01  -2.267456E-04  1.259198E+02
3.268894E+01  1.089634E+01  -4.966406E-04  1.259230E+02
3.263378E+01  1.087795E+01  -4.124744E-04  1.259262E+02
3.258035E+01  1.086013E+01  -2.510031E-04  1.259292E+02
3.252837E+01  1.084280E+01  -4.169929E-04  1.259322E+02
3.247037E+01  1.082351E+01  -1.019817E-03  1.259355E+02
3.244005E+01  1.081339E+01  -1.222823E-03  1.259372E+02
3.241002E+01  1.080334E+01  -3.983678E-05  1.259389E+02
3.236171E+01  1.078723E+01  6.714037E-05  1.259417E+02
3.231514E+01  1.077170E+01  3.371342E-04  1.259443E+02
3.226848E+01  1.075613E+01  5.483444E-04  1.259469E+02
3.224258E+01  1.074750E+01  6.463885E-04  1.259483E+02
3.221753E+01  1.073914E+01  6.471140E-04  1.259498E+02
3.215508E+01  1.071832E+01  1.065747E-03  1.259532E+02
3.209862E+01  1.069951E+01  6.872086E-04  1.259564E+02
3.206634E+01  1.068876E+01  4.122957E-04  1.259582E+02
3.203431E+01  1.067808E+01  5.077092E-04  1.259600E+02
3.196100E+01  1.065366E+01  2.922442E-05  1.259640E+02
3.189185E+01  1.063059E+01  5.445941E-04  1.259678E+02
3.183380E+01  1.061125E+01  3.266515E-04  1.259711E+02
3.178204E+01  1.059401E+01  1.718800E-04  1.259739E+02
3.173225E+01  1.057739E+01  4.822796E-04  1.259766E+02
3.167129E+01  1.055707E+01  4.802595E-04  1.259799E+02
3.161978E+01  1.053991E+01  3.363155E-04  1.259827E+02
3.159415E+01  1.053138E+01  3.427271E-04  1.259841E+02
3.156793E+01  1.052263E+01  4.747180E-04  1.259855E+02
3.148909E+01  1.049635E+01  3.987391E-04  1.259898E+02
3.144194E+01  1.048062E+01  5.873717E-04  1.259923E+02
3.139510E+01  1.046500E+01  7.308110E-04  1.259949E+02
3.135128E+01  1.045039E+01  6.875191E-04  1.259972E+02
3.130970E+01  1.043654E+01  5.755568E-04  1.259994E+02
3.125668E+01  1.041888E+01  4.671075E-04  1.260023E+02
3.118618E+01  1.039538E+01  1.897888E-04  1.260060E+02
3.112126E+01  1.037376E+01  -3.493763E-05  1.260095E+02
3.109261E+01  1.036420E+01  -1.541044E-04  1.260110E+02
3.106384E+01  1.035462E+01  -1.285479E-04  1.260125E+02
3.103467E+01  1.034489E+01  -3.323671E-05  1.260140E+02
3.100717E+01  1.033572E+01  1.639872E-05  1.260155E+02
3.095950E+01  1.031985E+01  -1.847163E-04  1.260180E+02
3.091327E+01  1.030445E+01  -5.401349E-04  1.260204E+02
3.088554E+01  1.029520E+01  -4.781749E-04  1.260218E+02
3.085797E+01  1.028601E+01  -3.322210E-04  1.260233E+02
3.081490E+01  1.027165E+01  -2.132343E-04  1.260255E+02
3.077385E+01  1.025796E+01  -3.177859E-04  1.260277E+02
3.070724E+01  1.023577E+01  -7.284896E-04  1.260311E+02
3.064356E+01  1.021454E+01  -7.383815E-04  1.260344E+02
3.061145E+01  1.020385E+01  -9.578799E-04  1.260361E+02
3.057958E+01  1.019323E+01  -9.318747E-04  1.260377E+02
3.052956E+01  1.017652E+01  -2.638530E-05  1.260403E+02
3.048297E+01  1.016098E+01  3.243145E-04  1.260426E+02
3.038114E+01  1.012703E+01  2.583423E-04  1.260478E+02
3.033671E+01  1.011223E+01  1.554203E-04  1.260501E+02
3.029260E+01  1.009752E+01  2.821957E-04  1.260523E+02
3.023913E+01  1.007970E+01  2.525140E-04  1.260550E+02
3.018879E+01  1.006292E+01  4.111801E-04  1.260576E+02
3.015335E+01  1.005110E+01  5.210132E-04  1.260593E+02
3.011755E+01  1.003916E+01  4.272625E-04  1.260611E+02
3.006818E+01  1.002272E+01  3.095882E-04  1.260636E+02
3.001078E+01  1.000360E+01  -1.195302E-04  1.260665E+02
2.995914E+01  9.986369E+00  6.101697E-05  1.260691E+02
2.993004E+01  9.976669E+00  2.612441E-04  1.260705E+02
2.990103E+01  9.966980E+00  6.505713E-04  1.260719E+02
2.985753E+01  9.952491E+00  6.020718E-04  1.260741E+02
2.981475E+01  9.938217E+00  6.846652E-04  1.260762E+02
2.976506E+01  9.921651E+00  8.782182E-04  1.260787E+02
2.971094E+01  9.903647E+00  2.924684E-05  1.260813E+02
2.965646E+01  9.885490E+00  -2.477380E-05  1.260840E+02
2.960089E+01  9.866945E+00  3.544216E-04  1.260867E+02
2.953313E+01  9.844357E+00  4.278298E-04  1.260900E+02
2.946494E+01  9.821657E+00  -1.856094E-04  1.260933E+02
2.943479E+01  9.811606E+00  -3.056059E-04  1.260947E+02
2.940558E+01  9.801878E+00  -4.612589E-04  1.260962E+02
2.934450E+01  9.781532E+00  -9.634617E-04  1.260991E+02
2.929217E+01  9.764054E+00  1.596935E-05  1.261016E+02
2.924206E+01  9.747346E+00  3.524086E-05  1.261040E+02
2.918962E+01  9.729871E+00  6.439860E-05  1.261065E+02
2.914102E+01  9.713682E+00  3.138816E-05  1.261089E+02
2.911769E+01  9.705905E+00  -1.592017E-04  1.261100E+02
2.909373E+01  9.697921E+00  -2.043202E-04  1.261111E+02
2.906144E+01  9.687149E+00  -1.204602E-04  1.261126E+02
2.901504E+01  9.671696E+00  -2.680638E-04  1.261148E+02
2.897926E+01  9.659770E+00  -3.808288E-04  1.261165E+02
2.894397E+01  9.647992E+00  -1.955307E-04  1.261182E+02
2.889962E+01  9.633221E+00  -2.601402E-04  1.261202E+02
2.884105E+01  9.613687E+00  -6.602104E-05  1.261230E+02
2.878819E+01  9.596065E+00  -1.202371E-04  1.261254E+02
2.873552E+01  9.578509E+00  -6.482147E-05  1.261279E+02
2.868902E+01  9.563008E+00  -8.171634E-05  1.261300E+02
2.864237E+01  9.547472E+00  -3.227209E-04  1.261322E+02
2.859782E+01  9.532638E+00  -5.907143E-04  1.261342E+02
2.855758E+01  9.519222E+00  -6.432106E-04  1.261360E+02
2.851756E+01  9.505857E+00  -2.299355E-04  1.261379E+02
2.847358E+01  9.491222E+00  -7.760382E-04  1.261399E+02
2.843535E+01  9.478482E+00  -7.557372E-04  1.261416E+02
2.839651E+01  9.465530E+00  -6.104346E-04  1.261434E+02
2.834653E+01  9.448857E+00  -3.639261E-04  1.261456E+02
2.832007E+01  9.440043E+00  -4.293005E-04  1.261468E+02
2.829375E+01  9.431267E+00  -5.393992E-04  1.261480E+02
2.825869E+01  9.419590E+00  -5.914901E-04  1.261496E+02
2.822651E+01  9.408837E+00  -2.994192E-05  1.261510E+02
2.816789E+01  9.389300E+00  -1.564929E-04  1.261537E+02
2.813850E+01  9.379501E+00  -4.049155E-05  1.261550E+02
2.810901E+01  9.369680E+00  -4.366427E-05  1.261563E+02
2.805354E+01  9.351192E+00  -2.996552E-04  1.261587E+02
2.799817E+01  9.332719E+00  1.689078E-05  1.261612E+02
2.797486E+01  9.324949E+00  -4.301557E-06  1.261622E+02
2.795126E+01  9.317091E+00  3.626258E-05  1.261633E+02
2.791779E+01  9.305936E+00  -2.194690E-04  1.261647E+02
2.788955E+01  9.296522E+00  -2.104430E-04  1.261660E+02
2.786176E+01  9.287266E+00  -3.322277E-04  1.261672E+02
2.782499E+01  9.275010E+00  -4.950409E-04  1.261688E+02
2.777502E+01  9.258366E+00  -7.045392E-04  1.261710E+02
2.775186E+01  9.250657E+00  -7.139823E-04  1.261720E+02
2.772863E+01  9.242857E+00  -2.065966E-04  1.261730E+02
2.770171E+01  9.233916E+00  -2.387177E-04  1.261741E+02
2.767569E+01  9.225241E+00  -8.722567E-05  1.261753E+02
2.764075E+01  9.213578E+00  -5.214561E-05  1.261768E+02
2.760826E+01  9.202772E+00  -2.785913E-04  1.261782E+02
2.757450E+01  9.191508E+00  -3.197324E-04  1.261796E+02
2.755059E+01  9.183541E+00  -2.708452E-04  1.261807E+02
2.752621E+01  9.175416E+00  -3.001553E-04  1.261817E+02
2.748880E+01  9.162941E+00  -2.186981E-04  1.261833E+02
2.746943E+01  9.156484E+00  -2.761948E-04  1.261841E+02
2.744980E+01  9.149938E+00  -1.554358E-04  1.261850E+02
2.741973E+01  9.139920E+00  -2.849952E-04  1.261862E+02
2.739026E+01  9.130092E+00  -2.605333E-04  1.261875E+02
2.735232E+01  9.117459E+00  -2.735711E-04  1.261891E+02
2.731558E+01  9.105204E+00  -1.998459E-04  1.261907E+02
2.729683E+01  9.098944E+00  -1.737949E-04  1.261915E+02
2.727882E+01  9.092941E+00  -1.010079E-04  1.261922E+02
2.725093E+01  9.083636E+00  1.012867E-04  1.261934E+02
2.723246E+01  9.077485E+00  1.301399E-04  1.261942E+02
2.721407E+01  9.071355E+00  8.183486E-05  1.261950E+02
2.717547E+01  9.058488E+00  1.607459E-05  1.261966E+02
2.714224E+01  9.047418E+00  -8.614152E-06  1.261980E+02
2.711017E+01  9.036721E+00  -7.484488E-05  1.261993E+02
2.706788E+01  9.022626E+00  -6.642059E-05  1.262011E+02
2.702189E+01  9.007293E+00  8.035582E-06  1.262030E+02
2.700288E+01  9.000959E+00  8.434102E-05  1.262038E+02
2.698348E+01  8.994493E+00  7.238876E-05  1.262046E+02
2.694704E+01  8.982338E+00  -5.304147E-05  1.262061E+02
2.691295E+01  8.970995E+00  -2.672606E-04  1.262076E+02
2.688011E+01  8.960047E+00  -3.016193E-04  1.262089E+02
2.684845E+01  8.949494E+00  -4.481098E-04  1.262102E+02
2.681167E+01  8.937243E+00  -6.406869E-04  1.262118E+02
2.676644E+01  8.922169E+00  -5.740514E-04  1.262136E+02
2.672573E+01  8.908590E+00  -4.699972E-04  1.262153E+02
2.668390E+01  8.894650E+00  -4.748400E-04  1.262170E+02
2.664628E+01  8.882099E+00  -1.738130E-04  1.262185E+02
2.660421E+01  8.868079E+00  -1.831184E-04  1.262203E+02
2.656740E+01  8.855819E+00  -4.400557E-04  1.262218E+02
2.653012E+01  8.843392E+00  -4.334496E-04  1.262233E+02
2.649745E+01  8.832515E+00  -6.273213E-04  1.262246E+02
2.646500E+01  8.821703E+00  -8.970515E-04  1.262259E+02
2.643274E+01  8.810945E+00  -6.803342E-04  1.262272E+02
2.639991E+01  8.799995E+00  -5.438487E-04  1.262286E+02
2.637065E+01  8.790233E+00  -5.292546E-04  1.262297E+02
2.635499E+01  8.785017E+00  -4.620818E-04  1.262304E+02
2.633887E+01  8.779644E+00  -4.884546E-04  1.262310E+02
2.629871E+01  8.766245E+00  -1.944150E-04  1.262326E+02
2.626889E+01  8.756299E+00  -6.780367E-05  1.262338E+02
2.623872E+01  8.746236E+00  6.280014E-05  1.262350E+02
2.620812E+01  8.736031E+00  2.587440E-04  1.262363E+02
2.617654E+01  8.725516E+00  -1.066849E-04  1.262375E+02
2.615280E+01  8.717617E+00  -2.611392E-04  1.262385E+02
2.612922E+01  8.709752E+00  -3.756678E-04  1.262394E+02
2.609896E+01  8.699664E+00  -2.540252E-04  1.262406E+02
2.606958E+01  8.689868E+00  -1.769235E-04  1.262418E+02
2.604170E+01  8.680574E+00  -1.860972E-04  1.262429E+02
2.601274E+01  8.670914E+00  -3.897539E-05  1.262441E+02
2.599521E+01  8.665069E+00  2.790572E-05  1.262447E+02
2.597767E+01  8.659214E+00  4.768843E-05  1.262454E+02
2.594801E+01  8.649338E+00  5.421746E-05  1.262466E+02
2.593141E+01  8.643806E+00  6.726281E-05  1.262473E+02
2.591506E+01  8.638351E+00  7.324890E-05  1.262479E+02
2.588974E+01  8.629910E+00  1.522211E-04  1.262489E+02
2.586343E+01  8.621133E+00  3.532075E-04  1.262499E+02
2.583975E+01  8.613240E+00  3.915401E-04  1.262509E+02
2.581426E+01  8.604744E+00  4.756781E-04  1.262519E+02
2.578515E+01  8.595036E+00  4.241602E-04  1.262530E+02
2.575055E+01  8.583501E+00  4.219704E-04  1.262544E+02
2.571383E+01  8.571259E+00  3.850699E-04  1.262558E+02
2.567945E+01  8.559810E+00  2.511294E-04  1.262572E+02
2.564336E+01  8.547777E+00  2.327462E-04  1.262586E+02
2.560482E+01  8.534929E+00  3.828442E-04  1.262601E+02
2.557008E+01  8.523348E+00  2.861067E-04  1.262614E+02
2.553566E+01  8.511871E+00  3.311787E-04  1.262627E+02
2.550813E+01  8.502703E+00  2.004962E-04  1.262638E+02
2.548026E+01  8.493414E+00  1.967925E-04  1.262649E+02
2.545562E+01  8.485202E+00  1.671983E-04  1.262658E+02
2.543099E+01  8.476994E+00  1.715710E-04  1.262668E+02
2.540057E+01  8.466843E+00  3.008587E-04  1.262679E+02
2.536594E+01  8.455314E+00  1.790950E-04  1.262693E+02
2.530743E+01  8.435807E+00  1.365763E-04  1.262715E+02
2.527302E+01  8.424329E+00  1.249517E-04  1.262728E+02
2.525580E+01  8.418594E+00  2.001845E-04  1.262735E+02
2.523849E+01  8.412821E+00  2.286885E-04  1.262741E+02
2.517475E+01  8.391581E+00  2.802153E-04  1.262766E+02
2.515477E+01  8.384918E+00  1.952137E-04  1.262773E+02
2.513437E+01  8.378124E+00  4.549984E-05  1.262781E+02
2.511539E+01  8.371794E+00  5.831854E-05  1.262788E+02
2.509696E+01  8.365661E+00  -6.213463E-05  1.262795E+02
2.507447E+01  8.358159E+00  -1.981310E-04  1.262804E+02
2.505142E+01  8.350486E+00  -3.734138E-04  1.262812E+02
2.501854E+01  8.339522E+00  -2.787646E-04  1.262825E+02
2.498426E+01  8.328096E+00  -2.425478E-04  1.262837E+02
2.495092E+01  8.316980E+00  -2.372709E-04  1.262850E+02
2.491904E+01  8.306362E+00  -2.918658E-04  1.262862E+02
2.488028E+01  8.293426E+00  -3.818610E-04  1.262876E+02
2.484678E+01  8.282273E+00  -5.297082E-04  1.262889E+02
2.481546E+01  8.271844E+00  -5.898885E-04  1.262900E+02
2.478099E+01  8.260350E+00  -7.515459E-04  1.262913E+02
2.474683E+01  8.248975E+00  -1.000110E-03  1.262926E+02
2.471503E+01  8.238377E+00  -1.058804E-03  1.262938E+02
2.468234E+01  8.227473E+00  -9.816354E-04  1.262950E+02
2.464962E+01  8.216562E+00  -8.648386E-04  1.262962E+02
2.461332E+01  8.204445E+00  -4.981133E-05  1.262975E+02
2.457789E+01  8.192620E+00  1.634868E-04  1.262988E+02
2.454339E+01  8.181135E+00  -2.167439E-04  1.263001E+02
2.450942E+01  8.169806E+00  5.437663E-05  1.263013E+02
2.446755E+01  8.155855E+00  -5.366235E-05  1.263029E+02
2.444188E+01  8.147296E+00  1.019138E-05  1.263038E+02
2.441637E+01  8.138785E+00  4.920493E-05  1.263047E+02
2.439035E+01  8.130123E+00  -1.218574E-04  1.263057E+02
2.436118E+01  8.120404E+00  -2.081952E-04  1.263067E+02
2.432962E+01  8.109874E+00  -5.482546E-05  1.263079E+02
2.430001E+01  8.099999E+00  3.232876E-05  1.263090E+02
2.428316E+01  8.094381E+00  3.889551E-05  1.263096E+02
2.426612E+01  8.088711E+00  -8.587754E-06  1.263102E+02
2.423745E+01  8.079157E+00  -1.638750E-04  1.263112E+02
2.420867E+01  8.069551E+00  1.816442E-05  1.263122E+02
2.418070E+01  8.060234E+00  -9.540915E-05  1.263133E+02
2.416379E+01  8.054597E+00  -1.767304E-04  1.263139E+02
2.414739E+01  8.049141E+00  -2.871878E-04  1.263145E+02
2.411824E+01  8.039423E+00  -3.443791E-04  1.263155E+02
2.409263E+01  8.030887E+00  -2.447834E-04  1.263164E+02
2.407530E+01  8.025107E+00  -2.414231E-04  1.263171E+02
2.405747E+01  8.019162E+00  -2.499822E-04  1.263177E+02
2.403058E+01  8.010200E+00  -1.557306E-04  1.263187E+02
2.400373E+01  8.001248E+00  -2.477138E-04  1.263196E+02
2.397607E+01  7.992038E+00  -2.085345E-04  1.263206E+02
2.394027E+01  7.980091E+00  -1.957725E-04  1.263219E+02
2.392345E+01  7.974491E+00  -1.311530E-04  1.263225E+02
2.390650E+01  7.968840E+00  -1.585568E-04  1.263231E+02
2.388482E+01  7.961618E+00  -3.316480E-04  1.263239E+02
2.386246E+01  7.954165E+00  -2.963499E-04  1.263247E+02
2.383571E+01  7.945242E+00  -2.429747E-04  1.263256E+02
2.380822E+01  7.936083E+00  -3.692547E-04  1.263266E+02
2.378293E+01  7.927652E+00  -3.648484E-04  1.263275E+02
2.375789E+01  7.919313E+00  -5.051438E-04  1.263284E+02
2.373353E+01  7.911193E+00  -4.134747E-04  1.263292E+02
2.371183E+01  7.903953E+00  -3.640689E-04  1.263300E+02
2.367971E+01  7.893240E+00  -2.228745E-04  1.263311E+02
2.366502E+01  7.888349E+00  -2.014081E-04  1.263316E+02
2.365027E+01  7.883432E+00  -3.009147E-04  1.263322E+02
2.361641E+01  7.872146E+00  -2.454642E-04  1.263334E+02
2.358234E+01  7.860802E+00  -5.603828E-04  1.263346E+02
2.354880E+01  7.849623E+00  -7.289249E-04  1.263358E+02
2.351018E+01  7.836750E+00  -7.461552E-04  1.263371E+02
2.347584E+01  7.825300E+00  -4.913898E-04  1.263383E+02
2.344221E+01  7.814088E+00  -3.669089E-04  1.263395E+02
2.340917E+01  7.803073E+00  -4.188555E-04  1.263406E+02
2.337767E+01  7.792561E+00  -2.843811E-04  1.263417E+02
2.334505E+01  7.781698E+00  -3.643231E-04  1.263429E+02
2.331852E+01  7.772851E+00  -3.668985E-04  1.263438E+02
2.329019E+01  7.763397E+00  -2.253684E-04  1.263448E+02
2.326372E+01  7.754574E+00  -1.722745E-04  1.263457E+02
2.323704E+01  7.745691E+00  -2.430375E-04  1.263466E+02
2.320864E+01  7.736218E+00  -2.002915E-04  1.263476E+02
2.317821E+01  7.726082E+00  -3.991346E-04  1.263487E+02
2.315084E+01  7.716967E+00  -4.882142E-04  1.263496E+02
2.312429E+01  7.708112E+00  -4.582498E-04  1.263505E+02
2.309445E+01  7.698158E+00  -3.555029E-04  1.263516E+02
2.306787E+01  7.689304E+00  -2.670484E-04  1.263525E+02
2.304151E+01  7.680511E+00  -2.468924E-04  1.263534E+02
2.301462E+01  7.671549E+00  -4.035671E-04  1.263543E+02
2.298602E+01  7.662016E+00  -3.166373E-04  1.263553E+02
2.293834E+01  7.646132E+00  -4.129507E-04  1.263569E+02
2.290985E+01  7.636629E+00  -5.066796E-04  1.263579E+02
2.288097E+01  7.627004E+00  -4.966052E-04  1.263589E+02
2.285282E+01  7.617614E+00  -4.586025E-04  1.263599E+02
2.282217E+01  7.607412E+00  -5.039815E-04  1.263609E+02
2.279522E+01  7.598420E+00  -5.446641E-04  1.263618E+02
2.278085E+01  7.593619E+00  -6.344333E-04  1.263623E+02
2.276715E+01  7.589074E+00  -7.242049E-04  1.263628E+02
2.273790E+01  7.579327E+00  -7.443934E-04  1.263638E+02
2.271327E+01  7.571117E+00  -8.523539E-04  1.263646E+02
2.269573E+01  7.565237E+00  -3.734361E-05  1.263652E+02
2.267790E+01  7.559296E+00  -9.454153E-05  1.263658E+02
2.265502E+01  7.551675E+00  -1.598145E-04  1.263666E+02
2.263109E+01  7.543696E+00  -4.083597E-05  1.263674E+02
2.261561E+01  7.538538E+00  -5.113852E-05  1.263679E+02
2.260054E+01  7.533509E+00  -7.464832E-05  1.263685E+02
2.258589E+01  7.528630E+00  -2.262264E-05  1.263689E+02
2.257114E+01  7.523718E+00  -8.392183E-05  1.263694E+02
2.253625E+01  7.512083E+00  1.062904E-04  1.263706E+02
2.249518E+01  7.498389E+00  2.226681E-04  1.263720E+02
2.247207E+01  7.490662E+00  4.806646E-04  1.263728E+02
2.244870E+01  7.482882E+00  4.839576E-04  1.263736E+02
2.242124E+01  7.473741E+00  3.351247E-04  1.263745E+02
2.239716E+01  7.465713E+00  4.288061E-04  1.263753E+02
2.237386E+01  7.457943E+00  4.236093E-04  1.263761E+02
2.234926E+01  7.449739E+00  3.929285E-04  1.263769E+02
2.232781E+01  7.442592E+00  3.715637E-04  1.263776E+02
2.230587E+01  7.435280E+00  3.783778E-04  1.263783E+02
2.227966E+01  7.426542E+00  2.898941E-04  1.263792E+02
2.225246E+01  7.417475E+00  3.841647E-04  1.263801E+02
2.222829E+01  7.409419E+00  2.087342E-04  1.263809E+02
2.220270E+01  7.400893E+00  1.851477E-04  1.263818E+02
2.217932E+01  7.393093E+00  3.003310E-04  1.263826E+02
2.214945E+01  7.383141E+00  4.607053E-04  1.263835E+02
2.212146E+01  7.373797E+00  4.915625E-04  1.263845E+02
2.208349E+01  7.361151E+00  3.765081E-04  1.263857E+02
2.206481E+01  7.354931E+00  3.533783E-04  1.263863E+02
2.204616E+01  7.348712E+00  2.752968E-04  1.263870E+02
2.200892E+01  7.336292E+00  5.020577E-04  1.263882E+02
2.199119E+01  7.330385E+00  5.426505E-04  1.263888E+02
2.197286E+01  7.324264E+00  5.068213E-04  1.263894E+02
2.195107E+01  7.317008E+00  5.463128E-04  1.263901E+02
2.192791E+01  7.309289E+00  6.146623E-04  1.263908E+02
2.190256E+01  7.300837E+00  6.129763E-04  1.263917E+02
2.187393E+01  7.291293E+00  6.376188E-04  1.263926E+02
2.184812E+01  7.282692E+00  5.055602E-04  1.263935E+02
2.182625E+01  7.275406E+00  3.945540E-04  1.263942E+02
2.180407E+01  7.268016E+00  2.502277E-04  1.263949E+02
2.176785E+01  7.255937E+00  3.766621E-04  1.263961E+02
2.175161E+01  7.250518E+00  3.840230E-04  1.263966E+02
2.173496E+01  7.244979E+00  3.536982E-04  1.263972E+02
2.171738E+01  7.239108E+00  4.507283E-04  1.263977E+02
2.169908E+01  7.233018E+00  4.355524E-04  1.263983E+02
2.168236E+01  7.227449E+00  3.679035E-04  1.263989E+02
2.165615E+01  7.218704E+00  3.272666E-04  1.263997E+02
2.163035E+01  7.210107E+00  2.992052E-04  1.264005E+02
2.160559E+01  7.201852E+00  2.119447E-04  1.264013E+02
2.158136E+01  7.193780E+00  2.119468E-04  1.264021E+02
2.154647E+01  7.182139E+00  4.394536E-04  1.264033E+02
2.151364E+01  7.171194E+00  5.981552E-04  1.264043E+02
2.149698E+01  7.165644E+00  5.559019E-04  1.264049E+02
2.148011E+01  7.160019E+00  5.634198E-04  1.264054E+02
2.144999E+01  7.149977E+00  5.703393E-04  1.264064E+02
2.143549E+01  7.145147E+00  5.695917E-04  1.264068E+02
2.142090E+01  7.140292E+00  4.546926E-04  1.264073E+02
2.139488E+01  7.131611E+00  4.159106E-04  1.264081E+02
2.138185E+01  7.127274E+00  5.364042E-04  1.264086E+02
2.136853E+01  7.122829E+00  5.199022E-04  1.264090E+02
2.134464E+01  7.114857E+00  6.265785E-04  1.264097E+02
2.133149E+01  7.110480E+00  6.111629E-04  1.264102E+02
2.131851E+01  7.106152E+00  6.560297E-04  1.264106E+02
2.130229E+01  7.100748E+00  5.425147E-04  1.264111E+02
2.128554E+01  7.095159E+00  6.152864E-04  1.264116E+02
2.127099E+01  7.090308E+00  4.436398E-04  1.264121E+02
2.125521E+01  7.085066E+00  5.349904E-04  1.264126E+02
2.123572E+01  7.078552E+00  5.065496E-04  1.264132E+02
2.121652E+01  7.072156E+00  4.090121E-04  1.264138E+02
2.119418E+01  7.064724E+00  3.466967E-04  1.264145E+02
2.117019E+01  7.056712E+00  4.749835E-04  1.264153E+02
2.114762E+01  7.049196E+00  5.193606E-04  1.264160E+02
2.112294E+01  7.040965E+00  5.830637E-04  1.264168E+02
2.110019E+01  7.033378E+00  6.319614E-04  1.264175E+02
2.107336E+01  7.024435E+00  6.969380E-04  1.264184E+02
2.104942E+01  7.016453E+00  6.828387E-04  1.264191E+02
2.102640E+01  7.008780E+00  7.027275E-04  1.264199E+02
2.099478E+01  6.998241E+00  7.086062E-04  1.264208E+02
2.096669E+01  6.988882E+00  6.383408E-04  1.264217E+02
2.094140E+01  6.980448E+00  7.728999E-04  1.264225E+02
2.091571E+01  6.971879E+00  7.268191E-04  1.264233E+02
2.089316E+01  6.964359E+00  7.805738E-04  1.264240E+02
2.086413E+01  6.954701E+00  2.364519E-05  1.264250E+02
2.084273E+01  6.947578E+00  8.720778E-05  1.264256E+02
2.082118E+01  6.940391E+00  1.015874E-06  1.264263E+02
2.080580E+01  6.935272E+00  7.752019E-05  1.264268E+02
2.079015E+01  6.930050E+00  1.373909E-04  1.264272E+02
2.077300E+01  6.924324E+00  2.569170E-04  1.264278E+02
2.075431E+01  6.918091E+00  2.936375E-04  1.264284E+02
2.073296E+01  6.910975E+00  3.780915E-04  1.264290E+02
2.070366E+01  6.901202E+00  4.375212E-04  1.264299E+02
2.068892E+01  6.896292E+00  4.518686E-04  1.264304E+02
2.067517E+01  6.891714E+00  5.071926E-04  1.264308E+02
2.066203E+01  6.887330E+00  5.313489E-04  1.264312E+02
2.064959E+01  6.883194E+00  5.207228E-04  1.264316E+02
2.063009E+01  6.876688E+00  5.089239E-04  1.264322E+02
2.061065E+01  6.870188E+00  5.638301E-04  1.264328E+02
2.058337E+01  6.861103E+00  6.197072E-04  1.264337E+02
2.056953E+01  6.856502E+00  5.478905E-04  1.264341E+02
2.055612E+01  6.852048E+00  4.103345E-05  1.264345E+02
2.053305E+01  6.844354E+00  -4.071346E-05  1.264352E+02
2.051106E+01  6.837026E+00  -1.304316E-04  1.264359E+02
2.049816E+01  6.832719E+00  -1.399365E-04  1.264363E+02
2.048554E+01  6.828521E+00  -1.404186E-04  1.264367E+02
2.046622E+01  6.822073E+00  -2.661490E-04  1.264373E+02
2.044690E+01  6.815636E+00  -3.145363E-04  1.264379E+02
2.042455E+01  6.808185E+00  -4.860515E-04  1.264385E+02
2.039617E+01  6.798740E+00  -6.246137E-04  1.264394E+02
2.036834E+01  6.789453E+00  -4.382394E-04  1.264402E+02
2.032866E+01  6.776226E+00  3.271971E-05  1.264414E+02
2.030868E+01  6.769557E+00  1.241157E-04  1.264420E+02
2.028860E+01  6.762865E+00  9.195772E-05  1.264426E+02
2.026956E+01  6.756517E+00  1.183275E-04  1.264432E+02
2.025032E+01  6.750096E+00  1.760582E-04  1.264437E+02
2.022291E+01  6.740962E+00  3.805735E-04  1.264445E+02
2.019487E+01  6.731609E+00  4.414697E-04  1.264454E+02
2.018010E+01  6.726700E+00  2.695829E-04  1.264458E+02
2.016479E+01  6.721580E+00  2.636852E-04  1.264462E+02
2.014168E+01  6.713888E+00  2.855013E-04  1.264469E+02
2.011703E+01  6.705664E+00  4.263883E-04  1.264476E+02
2.009900E+01  6.699658E+00  2.442879E-04  1.264481E+02
2.008169E+01  6.693878E+00  3.335134E-04  1.264487E+02
2.006501E+01  6.688328E+00  3.648226E-04  1.264491E+02
2.004899E+01  6.682987E+00  2.924171E-04  1.264496E+02
2.002560E+01  6.675181E+00  4.845461E-04  1.264503E+02
2.001334E+01  6.671105E+00  5.403339E-04  1.264506E+02
2.000159E+01  6.667184E+00  5.267343E-04  1.264509E+02
1.998076E+01  6.660232E+00  6.414396E-04  1.264515E+02
1.996163E+01  6.653864E+00  5.324539E-04  1.264521E+02
1.993632E+01  6.645425E+00  5.685105E-04  1.264528E+02
1.991781E+01  6.639248E+00  6.497887E-04  1.264533E+02
1.989954E+01  6.633162E+00  6.555669E-04  1.264538E+02
1.987856E+01  6.626170E+00  5.669162E-04  1.264544E+02
1.986410E+01  6.621353E+00  4.903132E-04  1.264548E+02
1.985071E+01  6.616891E+00  5.033830E-04  1.264551E+02
1.983242E+01  6.610788E+00  5.191994E-04  1.264557E+02
1.980894E+01  6.602965E+00  5.713773E-04  1.264563E+02
1.978674E+01  6.595563E+00  5.978992E-04  1.264569E+02
1.976398E+01  6.587964E+00  6.281690E-04  1.264575E+02
1.974230E+01  6.580750E+00  6.447501E-04  1.264581E+02
1.971945E+01  6.573124E+00  7.526388E-04  1.264587E+02
1.968457E+01  6.561503E+00  6.081581E-04  1.264597E+02
1.965171E+01  6.550554E+00  6.559206E-04  1.264606E+02
1.963632E+01  6.545424E+00  5.939749E-04  1.264610E+02
1.962035E+01  6.540101E+00  6.031325E-04  1.264614E+02
1.959844E+01  6.532788E+00  4.541230E-04  1.264620E+02
1.955438E+01  6.518114E+00  5.686586E-04  1.264632E+02
1.953447E+01  6.511485E+00  5.514939E-04  1.264637E+02
1.951484E+01  6.504923E+00  6.006556E-04  1.264642E+02
1.949351E+01  6.497825E+00  5.067158E-04  1.264648E+02
1.947282E+01  6.490928E+00  4.686494E-04  1.264653E+02
1.945307E+01  6.484347E+00  4.049571E-04  1.264658E+02
1.942022E+01  6.473394E+00  3.364090E-04  1.264667E+02
1.939153E+01  6.463834E+00  3.243659E-04  1.264674E+02
1.936428E+01  6.454756E+00  2.438905E-04  1.264681E+02
1.935279E+01  6.450928E+00  2.130218E-04  1.264684E+02
1.934237E+01  6.447450E+00  2.223133E-04  1.264686E+02
1.932672E+01  6.442232E+00  2.568571E-04  1.264690E+02
1.931119E+01  6.437041E+00  3.325988E-04  1.264694E+02
1.929316E+01  6.431042E+00  3.233027E-04  1.264699E+02
1.926941E+01  6.423127E+00  4.943250E-04  1.264705E+02
1.924830E+01  6.416090E+00  4.689612E-04  1.264710E+02
1.922443E+01  6.408133E+00  5.887520E-04  1.264716E+02
1.920233E+01  6.400785E+00  2.157556E-06  1.264722E+02
1.918267E+01  6.394215E+00  1.467788E-04  1.264727E+02
1.917125E+01  6.390417E+00  2.168629E-04  1.264730E+02
1.915862E+01  6.386199E+00  2.040503E-04  1.264733E+02
1.913804E+01  6.379341E+00  2.916122E-04  1.264738E+02
1.911692E+01  6.372304E+00  3.118564E-04  1.264743E+02
1.909643E+01  6.365470E+00  2.782035E-04  1.264748E+02
1.908564E+01  6.361866E+00  3.011741E-04  1.264751E+02
1.907474E+01  6.358238E+00  3.416474E-04  1.264753E+02
1.905635E+01  6.352112E+00  3.690943E-04  1.264758E+02
1.903530E+01  6.345083E+00  4.104878E-04  1.264763E+02
1.900901E+01  6.336334E+00  3.785200E-04  1.264769E+02
1.898528E+01  6.328421E+00  3.670244E-04  1.264775E+02
1.896222E+01  6.320733E+00  3.392880E-04  1.264780E+02
1.893689E+01  6.312289E+00  4.497399E-04  1.264787E+02
1.890984E+01  6.303273E+00  3.896443E-04  1.264793E+02
1.886033E+01  6.286774E+00  3.028512E-04  1.264805E+02
1.883895E+01  6.279640E+00  3.919057E-04  1.264810E+02
1.881744E+01  6.272471E+00  3.898485E-04  1.264815E+02
1.880498E+01  6.268315E+00  3.030068E-04  1.264818E+02
1.879174E+01  6.263911E+00  3.318106E-04  1.264821E+02
1.877369E+01  6.257885E+00  3.041736E-04  1.264825E+02
1.876156E+01  6.253848E+00  2.465380E-04  1.264828E+02
1.874949E+01  6.249822E+00  2.809049E-04  1.264831E+02
1.873072E+01  6.243572E+00  2.981273E-04  1.264835E+02
1.871404E+01  6.238014E+00  3.271630E-04  1.264839E+02
1.869783E+01  6.232593E+00  4.158474E-04  1.264843E+02
1.867274E+01  6.224233E+00  4.106226E-04  1.264848E+02
1.865985E+01  6.219937E+00  4.477714E-04  1.264851E+02
1.864733E+01  6.215764E+00  4.334938E-04  1.264854E+02
1.863018E+01  6.210045E+00  4.206398E-04  1.264858E+02
1.861023E+01  6.203398E+00  4.237557E-04  1.264863E+02
1.859943E+01  6.199799E+00  4.891143E-04  1.264865E+02
1.858858E+01  6.196182E+00  4.887269E-04  1.264867E+02
1.856759E+01  6.189185E+00  4.818846E-04  1.264872E+02
1.855664E+01  6.185542E+00  5.127502E-04  1.264875E+02
1.854474E+01  6.181566E+00  5.450848E-04  1.264877E+02
1.852521E+01  6.175058E+00  5.316214E-04  1.264882E+02
1.850639E+01  6.168781E+00  5.765638E-04  1.264886E+02
1.848784E+01  6.162592E+00  5.516750E-04  1.264890E+02
1.847083E+01  6.156934E+00  5.270122E-04  1.264894E+02
1.845202E+01  6.150665E+00  5.725302E-04  1.264898E+02
1.844128E+01  6.147081E+00  5.525915E-04  1.264900E+02
1.843003E+01  6.143334E+00  5.553143E-04  1.264903E+02
1.841166E+01  6.137208E+00  5.389407E-04  1.264907E+02
1.839060E+01  6.130183E+00  5.124120E-04  1.264911E+02
1.836736E+01  6.122445E+00  4.544221E-04  1.264916E+02
1.834660E+01  6.115527E+00  3.738424E-04  1.264921E+02
1.833333E+01  6.111092E+00  3.605785E-04  1.264924E+02
1.832123E+01  6.107065E+00  3.495022E-04  1.264926E+02
1.830977E+01  6.103253E+00  3.362728E-04  1.264929E+02
1.829823E+01  6.099398E+00  3.603014E-04  1.264931E+02
1.827863E+01  6.092877E+00  3.612322E-04  1.264936E+02
1.825705E+01  6.085683E+00  2.999223E-04  1.264940E+02
1.823721E+01  6.079064E+00  3.450303E-04  1.264944E+02
1.821735E+01  6.072439E+00  3.861578E-04  1.264949E+02
1.819542E+01  6.065125E+00  4.149618E-04  1.264953E+02
1.817463E+01  6.058202E+00  4.117198E-04  1.264958E+02
1.815488E+01  6.051615E+00  3.321513E-04  1.264962E+02
1.814539E+01  6.048456E+00  3.508352E-04  1.264964E+02
1.813542E+01  6.045132E+00  3.502002E-04  1.264966E+02
1.811756E+01  6.039179E+00  3.789144E-04  1.264970E+02
1.809940E+01  6.033123E+00  4.151086E-04  1.264973E+02
1.808294E+01  6.027636E+00  5.156334E-04  1.264977E+02
1.806566E+01  6.021879E+00  5.223028E-04  1.264980E+02
1.804972E+01  6.016556E+00  5.426230E-04  1.264984E+02
1.804089E+01  6.013618E+00  5.550663E-04  1.264985E+02
1.803195E+01  6.010639E+00  5.906663E-04  1.264987E+02
1.801519E+01  6.005047E+00  5.945104E-04  1.264991E+02
1.799764E+01  5.999197E+00  6.789617E-04  1.264994E+02
1.798039E+01  5.993445E+00  7.266111E-04  1.264998E+02
1.796226E+01  5.987399E+00  7.390971E-04  1.265001E+02
1.794495E+01  5.981633E+00  7.338282E-04  1.265005E+02
1.792988E+01  5.976602E+00  7.787162E-04  1.265008E+02
1.791209E+01  5.970679E+00  7.986618E-04  1.265011E+02
1.789383E+01  5.964583E+00  7.885671E-04  1.265015E+02
1.787435E+01  5.958100E+00  7.575356E-04  1.265019E+02
1.785576E+01  5.951906E+00  7.653637E-04  1.265022E+02
1.783894E+01  5.946292E+00  7.818287E-04  1.265026E+02
1.781944E+01  5.939790E+00  6.984780E-04  1.265029E+02
1.780409E+01  5.934678E+00  6.870473E-04  1.265032E+02
1.778586E+01  5.928602E+00  6.762451E-04  1.265036E+02
1.776901E+01  5.922988E+00  6.818737E-04  1.265039E+02
1.775039E+01  5.916780E+00  5.918818E-04  1.265042E+02
1.773196E+01  5.910638E+00  6.204963E-04  1.265046E+02
1.771252E+01  5.904170E+00  5.373814E-04  1.265049E+02
1.769406E+01  5.898009E+00  5.369330E-04  1.265053E+02
1.767716E+01  5.892372E+00  5.516126E-04  1.265056E+02
1.765871E+01  5.886222E+00  6.972109E-04  1.265059E+02
1.764267E+01  5.880872E+00  7.326388E-04  1.265062E+02
1.762794E+01  5.875964E+00  7.262798E-04  1.265065E+02
1.761018E+01  5.870047E+00  7.157399E-04  1.265068E+02
1.759329E+01  5.864419E+00  6.797747E-04  1.265071E+02
1.757793E+01  5.859290E+00  7.097987E-04  1.265074E+02
1.756358E+01  5.854533E+00  -7.278786E-06  1.265076E+02
1.755410E+01  5.851367E+00  -4.163272E-05  1.265078E+02
1.754383E+01  5.847941E+00  -5.158356E-05  1.265080E+02
1.752888E+01  5.842958E+00  -6.636755E-05  1.265082E+02
1.751202E+01  5.837345E+00  -8.034976E-05  1.265085E+02
1.749667E+01  5.832234E+00  -8.036265E-05  1.265088E+02
1.747950E+01  5.826507E+00  -1.919635E-04  1.265091E+02
1.746545E+01  5.821821E+00  -2.103074E-04  1.265093E+02
1.745016E+01  5.816726E+00  -1.777397E-04  1.265096E+02
1.743321E+01  5.811079E+00  -2.207094E-04  1.265099E+02
1.741630E+01  5.805432E+00  -1.781707E-04  1.265102E+02
1.740250E+01  5.800839E+00  -1.646832E-04  1.265104E+02
1.739075E+01  5.796921E+00  -5.900604E-05  1.265106E+02
1.738023E+01  5.793417E+00  -6.129540E-05  1.265108E+02
1.736461E+01  5.788209E+00  -6.819955E-05  1.265110E+02
1.735061E+01  5.783534E+00  -4.822707E-05  1.265113E+02
1.733666E+01  5.778878E+00  2.540832E-05  1.265115E+02
1.731935E+01  5.773116E+00  3.437365E-05  1.265118E+02
1.730336E+01  5.767778E+00  2.175187E-05  1.265121E+02
1.728736E+01  5.762450E+00  1.758156E-05  1.265123E+02
1.727622E+01  5.758746E+00  -2.627239E-05  1.265125E+02
1.726550E+01  5.755168E+00  -7.681151E-05  1.265127E+02
1.725636E+01  5.752122E+00  -5.661803E-05  1.265128E+02
1.724834E+01  5.749441E+00  -7.254820E-05  1.265130E+02
1.723720E+01  5.745728E+00  -7.750913E-05  1.265131E+02
1.722738E+01  5.742458E+00  -1.046828E-04  1.265133E+02
1.721066E+01  5.736889E+00  -9.248171E-05  1.265136E+02
1.719509E+01  5.731698E+00  -1.532948E-04  1.265138E+02
1.717815E+01  5.726056E+00  -1.784207E-04  1.265141E+02
1.716202E+01  5.720678E+00  -1.402917E-04  1.265143E+02
1.714639E+01  5.715468E+00  -9.437710E-05  1.265146E+02
1.712987E+01  5.709959E+00  -5.461556E-05  1.265148E+02
1.711376E+01  5.704589E+00  -6.948467E-05  1.265151E+02
1.709974E+01  5.699923E+00  -2.532987E-05  1.265153E+02
1.708425E+01  5.694744E+00  -2.361875E-06  1.265155E+02
1.707097E+01  5.690324E+00  3.351456E-05  1.265157E+02
1.706050E+01  5.686838E+00  5.575707E-05  1.265159E+02
1.705018E+01  5.683402E+00  7.470804E-05  1.265160E+02
1.703563E+01  5.678542E+00  9.076098E-05  1.265163E+02
1.701925E+01  5.673084E+00  1.270355E-04  1.265165E+02
1.700436E+01  5.668119E+00  1.441668E-04  1.265167E+02
1.699215E+01  5.664046E+00  1.404276E-04  1.265169E+02
1.697677E+01  5.658927E+00  1.194682E-04  1.265171E+02
1.695999E+01  5.653326E+00  1.960667E-04  1.265174E+02
1.694204E+01  5.647339E+00  2.663792E-04  1.265177E+02
1.692444E+01  5.641476E+00  3.329822E-04  1.265179E+02
1.690674E+01  5.635574E+00  2.831150E-04  1.265182E+02
1.689194E+01  5.630632E+00  2.880064E-04  1.265184E+02
1.687857E+01  5.626185E+00  3.016083E-04  1.265186E+02
1.686643E+01  5.622138E+00  2.777191E-04  1.265188E+02
1.684867E+01  5.616215E+00  3.309817E-04  1.265190E+02
1.683189E+01  5.610622E+00  3.723857E-04  1.265192E+02
1.681696E+01  5.605644E+00  4.277674E-04  1.265194E+02
1.680125E+01  5.600414E+00  4.158899E-04  1.265197E+02
1.678555E+01  5.595170E+00  4.371476E-04  1.265199E+02
1.677275E+01  5.590902E+00  4.707570E-04  1.265201E+02
1.676336E+01  5.587778E+00  4.701646E-04  1.265202E+02
1.675537E+01  5.585106E+00  4.803529E-04  1.265203E+02
1.673974E+01  5.579906E+00  5.459607E-04  1.265205E+02
1.672634E+01  5.575438E+00  5.490387E-04  1.265207E+02
1.671186E+01  5.570601E+00  4.743450E-04  1.265209E+02
1.670252E+01  5.567497E+00  4.587621E-04  1.265210E+02
1.669350E+01  5.564493E+00  4.700569E-04  1.265211E+02
1.667920E+01  5.559723E+00  5.454650E-04  1.265213E+02
1.666624E+01  5.555398E+00  6.089371E-04  1.265215E+02
1.665211E+01  5.550701E+00  5.980729E-04  1.265217E+02
1.663654E+01  5.545494E+00  6.648603E-04  1.265219E+02
1.662178E+01  5.540581E+00  6.391377E-04  1.265221E+02
1.660794E+01  5.535962E+00  6.644535E-04  1.265223E+02
1.659253E+01  5.530840E+00  6.292224E-04  1.265225E+02
1.657859E+01  5.526181E+00  6.346356E-04  1.265227E+02
