# HSM/GeV  HNSM/GeV  HS/GeV  T/GeV
3.219231E-04  1.435602E-04  -1.975917E+02  0.000000E+00
3.198798E-04  1.454144E-04  -1.975906E+02  1.000000E+00
3.298594E-04  1.431418E-04  -1.975796E+02  3.207490E+00
3.253637E-04  1.473685E-04  -1.975700E+02  4.311236E+00
3.365532E-04  1.446204E-04  -1.975640E+02  4.863108E+00
3.285843E-04  1.505228E-04  -1.975573E+02  5.414981E+00
3.384023E-04  1.482051E-04  -1.975518E+02  5.828339E+00
3.320690E-04  1.531509E-04  -1.975460E+02  6.241697E+00
3.416683E-04  1.508277E-04  -1.975366E+02  6.906208E+00
3.377114E-04  1.560047E-04  -1.975265E+02  7.557395E+00
3.495854E-04  1.541355E-04  -1.975165E+02  8.146006E+00
3.443401E-04  1.591437E-04  -1.975067E+02  8.689582E+00
3.552291E-04  1.566904E-04  -1.974969E+02  9.197123E+00
3.495672E-04  1.617022E-04  -1.974872E+02  9.676783E+00
3.610088E-04  1.595996E-04  -1.974775E+02  1.012950E+01
3.539936E-04  1.638734E-04  -1.974678E+02  1.056331E+01
3.665468E-04  1.615272E-04  -1.974580E+02  1.098105E+01
3.601945E-04  1.661426E-04  -1.974482E+02  1.137869E+01
3.717334E-04  1.638493E-04  -1.974386E+02  1.175791E+01
3.664219E-04  1.690344E-04  -1.974287E+02  1.212961E+01
3.781794E-04  1.667271E-04  -1.974188E+02  1.248731E+01
3.726107E-04  1.718663E-04  -1.974089E+02  1.283385E+01
3.838863E-04  1.691418E-04  -1.973988E+02  1.317189E+01
3.781521E-04  1.743112E-04  -1.973888E+02  1.349885E+01
3.906934E-04  1.718195E-04  -1.973785E+02  1.381871E+01
3.848643E-04  1.769534E-04  -1.973684E+02  1.412998E+01
3.964489E-04  1.740627E-04  -1.973579E+02  1.443716E+01
3.908051E-04  1.795264E-04  -1.973474E+02  1.473375E+01
4.027827E-04  1.770439E-04  -1.973370E+02  1.502402E+01
3.956132E-04  1.819212E-04  -1.973263E+02  1.531159E+01
4.086867E-04  1.792296E-04  -1.973154E+02  1.559308E+01
4.023607E-04  1.844994E-04  -1.973045E+02  1.586766E+01
4.148612E-04  1.818274E-04  -1.972934E+02  1.613771E+01
4.094400E-04  1.874612E-04  -1.972824E+02  1.640189E+01
4.235633E-04  1.854148E-04  -1.972711E+02  1.666395E+01
4.166082E-04  1.909115E-04  -1.972595E+02  1.692156E+01
4.298804E-04  1.884687E-04  -1.972481E+02  1.717249E+01
4.227699E-04  1.938365E-04  -1.972365E+02  1.742167E+01
4.391290E-04  1.924723E-04  -1.972246E+02  1.766844E+01
4.365803E-04  2.001131E-04  -1.972127E+02  1.791095E+01
4.499112E-04  1.972692E-04  -1.972006E+02  1.814931E+01
4.417610E-04  2.025250E-04  -1.971884E+02  1.838422E+01
4.567987E-04  2.002192E-04  -1.971761E+02  1.861544E+01
4.430715E-04  2.028326E-04  -1.971637E+02  1.884400E+01
4.545360E-04  1.988655E-04  -1.971510E+02  1.907049E+01
4.459671E-04  2.038500E-04  -1.971384E+02  1.929235E+01
4.603134E-04  2.013485E-04  -1.971255E+02  1.951404E+01
4.515925E-04  2.067303E-04  -1.971123E+02  1.973417E+01
4.632340E-04  2.027935E-04  -1.970992E+02  1.994786E+01
4.570867E-04  2.091450E-04  -1.970862E+02  2.015947E+01
4.710066E-04  2.061279E-04  -1.970726E+02  2.037195E+01
4.640206E-04  2.120809E-04  -1.970592E+02  2.057998E+01
4.813896E-04  2.103451E-04  -1.970453E+02  2.078817E+01
4.682419E-04  2.132930E-04  -1.970316E+02  2.099041E+01
4.816016E-04  2.099292E-04  -1.970177E+02  2.119202E+01
4.722856E-04  2.149097E-04  -1.970036E+02  2.139310E+01
4.874016E-04  2.119388E-04  -1.969892E+02  2.159205E+01
4.781656E-04  2.171324E-04  -1.969750E+02  2.178820E+01
4.910876E-04  2.131732E-04  -1.969604E+02  2.198422E+01
4.919750E-04  2.232393E-04  -1.969458E+02  2.217668E+01
5.103411E-04  2.214423E-04  -1.969309E+02  2.236799E+01
5.044813E-04  2.286730E-04  -1.969162E+02  2.255636E+01
4.962953E-04  2.155003E-04  -1.969010E+02  2.274612E+01
4.840050E-04  2.194036E-04  -1.968860E+02  2.293076E+01
4.974361E-04  2.157261E-04  -1.968707E+02  2.311610E+01
4.886484E-04  2.217990E-04  -1.968552E+02  2.329944E+01
5.034114E-04  2.188737E-04  -1.968397E+02  2.348105E+01
4.864944E-04  2.212814E-04  -1.968240E+02  2.366121E+01
5.082335E-04  2.212301E-04  -1.968083E+02  2.383884E+01
4.920829E-04  2.238906E-04  -1.967924E+02  2.401569E+01
5.020629E-04  2.185607E-04  -1.967764E+02  2.419052E+01
4.991201E-04  2.270845E-04  -1.967605E+02  2.436428E+01
5.127669E-04  2.232656E-04  -1.967442E+02  2.453788E+01
5.013231E-04  2.283863E-04  -1.967277E+02  2.471072E+01
5.245704E-04  2.288015E-04  -1.967113E+02  2.488094E+01
5.268339E-04  2.406387E-04  -1.966943E+02  2.505218E+01
5.315320E-04  2.323782E-04  -1.966779E+02  2.521804E+01
5.142683E-04  2.350816E-04  -1.966608E+02  2.538678E+01
5.319677E-04  2.329873E-04  -1.966440E+02  2.555111E+01
5.282887E-04  2.415026E-04  -1.966270E+02  2.571575E+01
5.378500E-04  2.351241E-04  -1.966095E+02  2.588207E+01
5.365396E-04  2.449655E-04  -1.966012E+02  2.596187E+01
5.588635E-04  2.349409E-04  -1.966011E+02  2.598182E+01
5.502697E-04  2.396057E-04  -1.966120E+02  2.599180E+01
5.405750E-04  2.509315E-04  -1.966228E+02  2.600177E+01
5.534978E-04  2.462217E-04  -1.966328E+02  2.601098E+01
5.282072E-04  2.574972E-04  -1.966428E+02  2.602016E+01
