# HSM/GeV  HNSM/GeV  HS/GeV  T/GeV
7.989487E+01  2.663162E+01  1.013386E-04  0.000000E+00
7.989518E+01  2.663172E+01  1.038571E-04  1.000000E+00
7.989867E+01  2.663289E+01  1.061335E-04  3.500000E+00
7.990418E+01  2.663472E+01  1.086996E-04  6.000000E+00
7.990490E+01  2.663496E+01  1.083224E-04  7.125819E+00
7.990256E+01  2.663417E+01  1.462878E-04  8.251638E+00
7.989864E+01  2.663287E+01  2.227403E-04  8.938002E+00
7.989210E+01  2.663069E+01  2.334917E-04  9.624365E+00
7.988371E+01  2.662789E+01  2.566927E-04  1.023489E+01
7.987240E+01  2.662412E+01  2.645039E-04  1.084542E+01
7.985898E+01  2.661964E+01  2.303385E-04  1.140623E+01
7.984223E+01  2.661406E+01  2.238219E-04  1.196704E+01
7.982561E+01  2.660853E+01  1.100087E-04  1.243507E+01
7.980627E+01  2.660207E+01  3.587772E-04  1.290310E+01
7.978151E+01  2.659381E+01  4.888295E-04  1.342225E+01
7.975272E+01  2.658419E+01  6.451378E-04  1.394141E+01
7.972574E+01  2.657520E+01  7.532229E-04  1.437334E+01
7.969573E+01  2.656518E+01  8.796191E-04  1.480528E+01
7.966196E+01  2.655393E+01  8.005930E-04  1.524342E+01
7.962472E+01  2.654152E+01  8.030304E-04  1.568156E+01
7.958908E+01  2.652963E+01  8.994536E-04  1.606728E+01
7.955052E+01  2.651678E+01  9.408225E-04  1.645299E+01
7.950924E+01  2.650302E+01  1.038631E-03  1.683601E+01
7.946505E+01  2.648829E+01  8.822149E-04  1.721903E+01
7.942063E+01  2.647352E+01  2.799349E-04  1.757825E+01
7.937336E+01  2.645776E+01  3.560037E-04  1.793747E+01
7.932155E+01  2.644052E+01  7.355792E-05  1.830925E+01
7.926642E+01  2.642215E+01  -5.730215E-05  1.868103E+01
7.920611E+01  2.640205E+01  -1.591642E-04  1.906483E+01
7.914224E+01  2.638075E+01  -7.836385E-05  1.944862E+01
7.908909E+01  2.636302E+01  7.679735E-05  1.975294E+01
7.903347E+01  2.634449E+01  -1.458464E-05  2.005725E+01
7.894534E+01  2.631507E+01  7.027730E-04  2.051449E+01
7.885196E+01  2.628393E+01  9.742279E-04  2.097172E+01
7.878193E+01  2.626063E+01  5.523665E-05  2.129650E+01
7.870915E+01  2.623635E+01  6.230400E-04  2.162127E+01
7.856770E+01  2.618922E+01  2.728071E-04  2.221765E+01
7.842344E+01  2.614114E+01  1.162902E-05  2.278585E+01
7.833113E+01  2.611036E+01  2.825609E-04  2.313143E+01
7.823523E+01  2.607838E+01  5.858502E-04  2.347702E+01
7.815568E+01  2.605183E+01  1.031675E-03  2.375373E+01
7.807386E+01  2.602459E+01  4.619597E-04  2.403044E+01
7.796022E+01  2.598669E+01  7.863730E-04  2.440182E+01
7.784217E+01  2.594734E+01  8.638508E-04  2.477320E+01
7.768203E+01  2.589395E+01  1.092540E-03  2.525614E+01
7.748914E+01  2.582966E+01  9.426960E-04  2.580925E+01
7.731379E+01  2.577126E+01  1.673130E-05  2.628847E+01
7.713244E+01  2.571084E+01  -4.174939E-04  2.676257E+01
7.701675E+01  2.567229E+01  -6.544665E-04  2.705494E+01
7.689789E+01  2.563267E+01  -6.765713E-04  2.734732E+01
7.676489E+01  2.558834E+01  -7.657734E-04  2.766603E+01
7.662840E+01  2.554279E+01  1.412319E-04  2.798474E+01
7.643089E+01  2.547695E+01  1.905402E-04  2.843084E+01
7.624792E+01  2.541595E+01  3.816824E-04  2.882995E+01
7.604024E+01  2.534671E+01  6.506341E-04  2.926761E+01
7.592238E+01  2.530749E+01  -4.655206E-04  2.950921E+01
7.580232E+01  2.526745E+01  -1.637287E-04  2.975080E+01
7.560992E+01  2.520331E+01  1.558451E-06  3.012873E+01
7.541186E+01  2.513722E+01  1.194012E-03  3.050666E+01
7.517075E+01  2.505680E+01  2.000969E-03  3.095218E+01
7.493841E+01  2.497939E+01  1.243383E-03  3.136814E+01
7.465858E+01  2.488619E+01  -6.340910E-06  3.185238E+01
7.439737E+01  2.479907E+01  9.945402E-04  3.228990E+01
7.425479E+01  2.475160E+01  2.103963E-05  3.252276E+01
7.410989E+01  2.470327E+01  3.868235E-04  3.275562E+01
7.376456E+01  2.458818E+01  6.011345E-05  3.329554E+01
7.342106E+01  2.447361E+01  1.421643E-03  3.381336E+01
7.304138E+01  2.434712E+01  9.366810E-05  3.436498E+01
7.284940E+01  2.428311E+01  4.461648E-04  3.463614E+01
7.265391E+01  2.421791E+01  1.152270E-03  3.490731E+01
7.237477E+01  2.412498E+01  -9.558922E-04  3.528620E+01
7.210224E+01  2.403420E+01  -2.114760E-03  3.564708E+01
7.191580E+01  2.397194E+01  -2.636647E-05  3.588907E+01
7.172648E+01  2.390884E+01  -1.354984E-04  3.613107E+01
7.144923E+01  2.381642E+01  -1.941894E-04  3.647855E+01
7.116566E+01  2.372187E+01  3.560262E-04  3.682602E+01
7.085911E+01  2.361972E+01  -4.074307E-04  3.719320E+01
7.044578E+01  2.348187E+01  8.395690E-04  3.767474E+01
7.001965E+01  2.333992E+01  -7.400732E-04  3.815629E+01
6.978398E+01  2.326135E+01  -4.723678E-04  3.841647E+01
6.954431E+01  2.318146E+01  -5.242791E-04  3.867665E+01
6.924710E+01  2.308237E+01  -7.929735E-05  3.899350E+01
6.892808E+01  2.297604E+01  -3.478942E-04  3.932681E+01
6.860211E+01  2.286738E+01  -1.889164E-04  3.966011E+01
6.826964E+01  2.275650E+01  7.282518E-04  3.999340E+01
6.793002E+01  2.264339E+01  -9.666446E-04  4.032669E+01
6.753816E+01  2.251271E+01  9.561999E-05  4.070276E+01
6.724905E+01  2.241635E+01  3.584005E-05  4.097472E+01
6.695508E+01  2.231837E+01  -2.167952E-04  4.124667E+01
6.663476E+01  2.221163E+01  -8.511464E-04  4.153774E+01
6.629019E+01  2.209682E+01  -1.587544E-03  4.184521E+01
6.603715E+01  2.201245E+01  -1.285676E-03  4.206720E+01
6.578077E+01  2.192695E+01  -4.918881E-04  4.228918E+01
6.559844E+01  2.186614E+01  -9.888883E-07  4.244519E+01
6.541427E+01  2.180478E+01  -5.058893E-04  4.260120E+01
6.506626E+01  2.168868E+01  1.527407E-03  4.289198E+01
6.470012E+01  2.156669E+01  4.405634E-04  4.319221E+01
6.446138E+01  2.148713E+01  4.419244E-06  4.338507E+01
6.421972E+01  2.140658E+01  -2.195081E-05  4.357793E+01
6.387008E+01  2.129003E+01  -3.678899E-05  4.385293E+01
6.351429E+01  2.117141E+01  5.158901E-04  4.412793E+01
6.326387E+01  2.108796E+01  -1.039607E-05  4.431870E+01
6.301035E+01  2.100341E+01  7.407125E-04  4.450946E+01
6.268563E+01  2.089513E+01  1.346089E-03  4.475054E+01
6.235585E+01  2.078529E+01  -3.959937E-05  4.499162E+01
6.212219E+01  2.070740E+01  -5.261147E-05  4.516023E+01
6.188596E+01  2.062863E+01  4.574027E-04  4.532884E+01
6.130103E+01  2.043369E+01  -3.452630E-04  4.573876E+01
6.102932E+01  2.034310E+01  -2.546905E-05  4.592548E+01
6.075450E+01  2.025144E+01  1.106944E-03  4.611220E+01
6.039269E+01  2.013089E+01  2.630649E-05  4.635446E+01
6.001600E+01  2.000526E+01  1.688219E-03  4.660277E+01
5.963309E+01  1.987770E+01  4.737106E-05  4.685108E+01
5.917693E+01  1.972567E+01  -5.939535E-04  4.714168E+01
5.860488E+01  1.953499E+01  -5.527716E-04  4.749823E+01
5.801919E+01  1.933972E+01  1.273711E-04  4.785478E+01
5.766418E+01  1.922136E+01  5.700890E-04  4.806674E+01
5.730399E+01  1.910138E+01  -1.174546E-03  4.827870E+01
5.694342E+01  1.898111E+01  6.338224E-04  4.848786E+01
5.655386E+01  1.885126E+01  4.458995E-04  4.871040E+01
5.613032E+01  1.871006E+01  1.034729E-03  4.894854E+01
5.569958E+01  1.856653E+01  5.793769E-05  4.918667E+01
5.515039E+01  1.838344E+01  5.597679E-04  4.948451E+01
5.487143E+01  1.829045E+01  7.123420E-04  4.963343E+01
5.473091E+01  1.824361E+01  4.926440E-04  4.970789E+01
5.458939E+01  1.819651E+01  -1.119654E-03  4.978235E+01
5.396217E+01  1.798740E+01  -7.156872E-05  5.010785E+01
5.366598E+01  1.788866E+01  1.675654E-06  5.025886E+01
5.336647E+01  1.778880E+01  3.924208E-04  5.040986E+01
5.293531E+01  1.764511E+01  -5.729162E-06  5.062422E+01
5.267008E+01  1.755669E+01  1.389519E-04  5.075444E+01
5.240195E+01  1.746733E+01  -3.606896E-04  5.088467E+01
5.225391E+01  1.741799E+01  -3.922734E-04  5.095605E+01
5.210495E+01  1.736832E+01  -2.569763E-05  5.102743E+01
5.189561E+01  1.729856E+01  -6.958266E-04  5.112716E+01
5.170768E+01  1.723593E+01  -1.009349E-03  5.121602E+01
5.155159E+01  1.718390E+01  -8.043873E-04  5.128934E+01
5.139450E+01  1.713151E+01  -1.986695E-04  5.136265E+01
5.114291E+01  1.704760E+01  8.426422E-04  5.147930E+01
5.080888E+01  1.693629E+01  5.363541E-05  5.163244E+01
5.055064E+01  1.685022E+01  -1.466049E-04  5.174962E+01
5.028984E+01  1.676324E+01  1.050300E-03  5.186679E+01
5.006454E+01  1.668818E+01  3.074297E-05  5.196710E+01
4.981078E+01  1.660359E+01  -2.587133E-05  5.207904E+01
4.955481E+01  1.651824E+01  9.490818E-04  5.219098E+01
4.936918E+01  1.645639E+01  4.889389E-05  5.227151E+01
4.918221E+01  1.639409E+01  -4.650130E-04  5.235204E+01
4.902933E+01  1.634312E+01  -3.063503E-04  5.241748E+01
4.887562E+01  1.629189E+01  -4.323920E-04  5.248293E+01
4.853172E+01  1.617727E+01  -9.459763E-04  5.262803E+01
4.818333E+01  1.606117E+01  -1.624267E-03  5.277314E+01
4.797913E+01  1.599304E+01  7.593013E-05  5.285740E+01
4.777333E+01  1.592442E+01  8.355180E-04  5.294166E+01
4.751431E+01  1.583809E+01  2.398120E-04  5.304681E+01
4.739621E+01  1.579872E+01  4.083936E-04  5.309441E+01
4.727758E+01  1.575916E+01  1.084980E-03  5.314201E+01
4.705947E+01  1.568645E+01  1.145818E-03  5.322909E+01
4.680865E+01  1.560288E+01  -1.777060E-05  5.332830E+01
4.635091E+01  1.545030E+01  1.764223E-05  5.350712E+01
4.611907E+01  1.537306E+01  -9.660631E-04  5.359654E+01
4.588521E+01  1.529510E+01  -8.276447E-04  5.368595E+01
4.563652E+01  1.521219E+01  -6.089052E-04  5.378030E+01
4.553031E+01  1.517681E+01  -1.044090E-03  5.382030E+01
4.542356E+01  1.514122E+01  -9.216663E-04  5.386030E+01
4.524326E+01  1.508108E+01  1.399099E-04  5.392763E+01
4.496432E+01  1.498810E+01  -3.486544E-05  5.403087E+01
4.468272E+01  1.489424E+01  2.224828E-07  5.413411E+01
4.432165E+01  1.477388E+01  1.351313E-04  5.426488E+01
4.400953E+01  1.466985E+01  -2.705905E-05  5.437659E+01
4.369379E+01  1.456460E+01  -3.082209E-04  5.448830E+01
4.353373E+01  1.451124E+01  5.801326E-05  5.454442E+01
4.337270E+01  1.445759E+01  -7.852046E-04  5.460054E+01
4.317086E+01  1.439029E+01  7.054501E-05  5.467049E+01
4.296728E+01  1.432243E+01  -8.739139E-05  5.474043E+01
4.255144E+01  1.418380E+01  2.462311E-04  5.488183E+01
4.234092E+01  1.411367E+01  -7.474069E-04  5.495253E+01
4.212891E+01  1.404297E+01  -1.504945E-04  5.502323E+01
4.168021E+01  1.389340E+01  -6.502358E-05  5.517103E+01
4.112704E+01  1.370901E+01  5.138753E-05  5.534994E+01
4.092975E+01  1.364323E+01  5.267811E-04  5.541288E+01
4.073082E+01  1.357693E+01  1.786184E-04  5.547581E+01
4.057470E+01  1.352488E+01  4.053455E-04  5.552493E+01
4.041760E+01  1.347254E+01  -2.206337E-04  5.557405E+01
4.022300E+01  1.340767E+01  -1.673750E-04  5.563453E+01
4.004782E+01  1.334927E+01  2.522985E-04  5.568859E+01
3.988031E+01  1.329344E+01  -2.015359E-05  5.573996E+01
3.972945E+01  1.324317E+01  -4.773126E-04  5.578593E+01
3.956300E+01  1.318769E+01  -5.870530E-04  5.583636E+01
3.941008E+01  1.313670E+01  -2.687777E-04  5.588239E+01
3.931080E+01  1.310361E+01  -2.250662E-04  5.591217E+01
3.921093E+01  1.307032E+01  -4.669250E-04  5.594194E+01
3.912137E+01  1.304047E+01  -2.395516E-04  5.596863E+01
3.903171E+01  1.301056E+01  2.321338E-04  5.599519E+01
3.885267E+01  1.295089E+01  -3.534063E-06  5.604803E+01
3.867230E+01  1.289077E+01  -2.504048E-04  5.610088E+01
3.845942E+01  1.281983E+01  -6.878383E-04  5.616281E+01
3.827374E+01  1.275792E+01  -1.121852E-04  5.621644E+01
3.808357E+01  1.269454E+01  -5.051383E-04  5.627093E+01
3.785463E+01  1.261822E+01  -6.277308E-04  5.633598E+01
3.760154E+01  1.253385E+01  8.993278E-05  5.640730E+01
3.747400E+01  1.249132E+01  5.002660E-04  5.644296E+01
3.734586E+01  1.244860E+01  7.188694E-04  5.647862E+01
3.721605E+01  1.240534E+01  4.456104E-04  5.651463E+01
3.708200E+01  1.236065E+01  4.078587E-04  5.655153E+01
3.701488E+01  1.233828E+01  4.498143E-04  5.656997E+01
3.694753E+01  1.231583E+01  3.717372E-04  5.658842E+01
3.681475E+01  1.227155E+01  1.126066E-03  5.662456E+01
3.669230E+01  1.223077E+01  2.727356E-06  5.665785E+01
3.654653E+01  1.218218E+01  2.672752E-05  5.669714E+01
3.640019E+01  1.213338E+01  6.266648E-04  5.673644E+01
3.625896E+01  1.208628E+01  1.398424E-03  5.677413E+01
3.605577E+01  1.201856E+01  9.836635E-04  5.682800E+01
3.585087E+01  1.195029E+01  4.153333E-05  5.688188E+01
3.558388E+01  1.186124E+01  1.781232E-03  5.695150E+01
3.527515E+01  1.175838E+01  -3.565301E-05  5.703100E+01
3.519742E+01  1.173249E+01  -5.564675E-04  5.705086E+01
3.511943E+01  1.170650E+01  -6.192781E-04  5.707071E+01
3.501008E+01  1.167004E+01  -5.278221E-04  5.709850E+01
3.489672E+01  1.163225E+01  -4.391612E-04  5.712714E+01
3.478346E+01  1.159449E+01  -1.847741E-04  5.715565E+01
3.465508E+01  1.155169E+01  4.760799E-05  5.718782E+01
3.452595E+01  1.150866E+01  -3.653426E-04  5.721999E+01
3.431830E+01  1.143944E+01  -1.605382E-04  5.727136E+01
3.414054E+01  1.138016E+01  4.854107E-04  5.731503E+01
3.398132E+01  1.132709E+01  3.722865E-04  5.735383E+01
3.375622E+01  1.125204E+01  1.226360E-03  5.740831E+01
3.365619E+01  1.121869E+01  1.375093E-03  5.743234E+01
3.355584E+01  1.118528E+01  -8.898650E-05  5.745637E+01
3.346060E+01  1.115354E+01  -4.444573E-04  5.747910E+01
3.336758E+01  1.112254E+01  -4.075883E-04  5.750118E+01
3.324527E+01  1.108176E+01  -1.929755E-04  5.753010E+01
3.313675E+01  1.104560E+01  -5.915825E-04  5.755567E+01
3.303227E+01  1.101076E+01  -1.766869E-04  5.758014E+01
3.293075E+01  1.097693E+01  -6.774210E-04  5.760381E+01
3.288236E+01  1.096081E+01  -6.261618E-04  5.761508E+01
3.283385E+01  1.094463E+01  -5.116282E-04  5.762636E+01
3.276042E+01  1.092015E+01  -2.361090E-04  5.764335E+01
3.263508E+01  1.087835E+01  3.593037E-04  5.767224E+01
3.251510E+01  1.083837E+01  2.416902E-04  5.769973E+01
3.239146E+01  1.079716E+01  -2.184209E-04  5.772796E+01
3.227808E+01  1.075937E+01  -3.390381E-04  5.775371E+01
3.217186E+01  1.072396E+01  -2.725162E-04  5.777774E+01
3.206858E+01  1.068954E+01  -5.843969E-04  5.780098E+01
3.196862E+01  1.065622E+01  -5.661073E-04  5.782339E+01
3.187972E+01  1.062659E+01  -6.503129E-04  5.784322E+01
3.179453E+01  1.059820E+01  -9.160214E-04  5.786217E+01
3.171092E+01  1.057033E+01  -8.569978E-04  5.788068E+01
3.163955E+01  1.054652E+01  3.848817E-06  5.789646E+01
3.160426E+01  1.053475E+01  -4.234662E-05  5.790423E+01
3.156886E+01  1.052296E+01  2.168224E-05  5.791200E+01
3.146116E+01  1.048705E+01  9.124406E-05  5.793565E+01
3.135336E+01  1.045111E+01  1.281933E-04  5.795922E+01
3.124834E+01  1.041611E+01  -3.733498E-05  5.798200E+01
3.114309E+01  1.038103E+01  -2.032216E-04  5.800478E+01
3.105186E+01  1.035063E+01  -3.935482E-04  5.802444E+01
3.100607E+01  1.033536E+01  -2.965878E-04  5.803426E+01
3.096026E+01  1.032009E+01  -2.316252E-04  5.804409E+01
3.089449E+01  1.029817E+01  -3.159378E-04  5.805814E+01
3.083063E+01  1.027689E+01  -4.896754E-04  5.807178E+01
3.070565E+01  1.023522E+01  3.015976E-05  5.809832E+01
3.067164E+01  1.022387E+01  1.354869E-04  5.810550E+01
3.063775E+01  1.021258E+01  1.237841E-04  5.811268E+01
3.052325E+01  1.017441E+01  3.234580E-04  5.813682E+01
3.043591E+01  1.014531E+01  -2.805001E-04  5.815513E+01
3.034823E+01  1.011607E+01  1.869893E-04  5.817345E+01
3.030514E+01  1.010171E+01  2.207180E-04  5.818246E+01
3.026143E+01  1.008714E+01  8.383182E-05  5.819146E+01
3.021588E+01  1.007196E+01  -1.042875E-04  5.820094E+01
3.017025E+01  1.005675E+01  7.046940E-05  5.821042E+01
3.000832E+01  1.000276E+01  5.728262E-04  5.824384E+01
2.993524E+01  9.978402E+00  4.463926E-04  5.825880E+01
2.986183E+01  9.953932E+00  3.312229E-04  5.827375E+01
2.979092E+01  9.930299E+00  3.837690E-04  5.828823E+01
2.972064E+01  9.906862E+00  7.622127E-04  5.830252E+01
2.964704E+01  9.882326E+00  7.917574E-04  5.831740E+01
2.957663E+01  9.858876E+00  -1.980573E-05  5.833162E+01
2.941936E+01  9.806447E+00  3.755939E-04  5.836322E+01
2.926076E+01  9.753571E+00  5.046198E-04  5.839481E+01
2.918844E+01  9.729470E+00  4.953794E-04  5.840918E+01
2.911565E+01  9.705211E+00  1.278679E-04  5.842355E+01
2.907151E+01  9.690503E+00  -4.966862E-05  5.843223E+01
2.902751E+01  9.675840E+00  -9.944016E-05  5.844091E+01
2.896734E+01  9.655783E+00  -2.466339E-04  5.845272E+01
2.892709E+01  9.642368E+00  -1.406478E-04  5.846060E+01
2.888706E+01  9.629023E+00  -1.732920E-04  5.846848E+01
2.882076E+01  9.606922E+00  -4.624371E-05  5.848135E+01
2.875380E+01  9.584601E+00  -6.642060E-05  5.849438E+01
2.868656E+01  9.562187E+00  -8.947303E-05  5.850742E+01
2.865059E+01  9.550192E+00  -3.111439E-05  5.851435E+01
2.861463E+01  9.538208E+00  1.251306E-04  5.852129E+01
2.858420E+01  9.528061E+00  1.392196E-04  5.852714E+01
2.855397E+01  9.517991E+00  3.437323E-06  5.853300E+01
2.849300E+01  9.497677E+00  -4.489707E-04  5.854470E+01
2.836492E+01  9.455000E+00  -1.088196E-03  5.856922E+01
2.830303E+01  9.434341E+00  3.842275E-05  5.858099E+01
2.824096E+01  9.413662E+00  -2.697836E-04  5.859277E+01
2.818557E+01  9.395199E+00  -3.555876E-04  5.860325E+01
2.813077E+01  9.376932E+00  -3.189272E-04  5.861358E+01
2.808936E+01  9.363128E+00  -2.744575E-04  5.862141E+01
2.804760E+01  9.349203E+00  -2.237065E-04  5.862923E+01
2.799426E+01  9.331419E+00  -6.534894E-05  5.863926E+01
2.793971E+01  9.313240E+00  -4.845120E-05  5.864941E+01
2.788888E+01  9.296294E+00  -7.316096E-05  5.865898E+01
2.782774E+01  9.275921E+00  -1.840202E-04  5.867031E+01
2.776953E+01  9.256527E+00  -6.527356E-04  5.868115E+01
2.770173E+01  9.233928E+00  -9.410600E-04  5.869370E+01
2.763651E+01  9.212198E+00  -8.845075E-04  5.870580E+01
2.750756E+01  9.169225E+00  -1.232361E-03  5.872941E+01
2.744302E+01  9.147673E+00  1.658647E-05  5.874122E+01
2.737807E+01  9.126020E+00  1.684687E-04  5.875303E+01
2.731951E+01  9.106499E+00  1.770976E-04  5.876372E+01
2.726165E+01  9.087216E+00  -2.990056E-05  5.877419E+01
2.720362E+01  9.067877E+00  -2.018353E-04  5.878466E+01
2.712487E+01  9.041624E+00  -7.897942E-05  5.879885E+01
2.705655E+01  9.018857E+00  -2.591877E-04  5.881110E+01
2.699081E+01  8.996947E+00  -3.185368E-04  5.882287E+01
2.693465E+01  8.978225E+00  -4.914866E-04  5.883294E+01
2.687794E+01  8.959328E+00  -6.085232E-04  5.884301E+01
2.681648E+01  8.938846E+00  -7.134470E-04  5.885390E+01
2.675460E+01  8.918217E+00  -7.009044E-04  5.886480E+01
2.669263E+01  8.897561E+00  -6.399644E-04  5.887579E+01
2.665988E+01  8.886643E+00  -6.329009E-04  5.888154E+01
2.662704E+01  8.875691E+00  -6.304005E-04  5.888728E+01
2.658897E+01  8.863005E+00  -7.055201E-04  5.889397E+01
2.655010E+01  8.850056E+00  -8.102486E-04  5.890076E+01
2.647567E+01  8.825229E+00  -8.752975E-05  5.891376E+01
2.640187E+01  8.800622E+00  2.243263E-04  5.892658E+01
2.635893E+01  8.786300E+00  4.087412E-04  5.893408E+01
2.631527E+01  8.771750E+00  2.664950E-04  5.894158E+01
2.625999E+01  8.753326E+00  2.028925E-04  5.895113E+01
2.617361E+01  8.724537E+00  -9.942368E-05  5.896597E+01
2.607939E+01  8.693119E+00  3.922331E-04  5.898212E+01
2.599216E+01  8.664042E+00  4.664072E-04  5.899702E+01
2.595047E+01  8.650145E+00  4.102320E-04  5.900406E+01
2.590879E+01  8.636256E+00  3.507551E-04  5.901110E+01
2.586216E+01  8.620715E+00  2.765279E-04  5.901901E+01
2.581123E+01  8.603741E+00  1.984421E-04  5.902760E+01
2.575256E+01  8.584178E+00  5.118112E-04  5.903747E+01
2.569462E+01  8.564859E+00  7.029421E-04  5.904718E+01
2.561242E+01  8.537459E+00  5.443171E-04  5.906094E+01
2.554495E+01  8.514975E+00  3.555868E-04  5.907220E+01
2.547676E+01  8.492245E+00  3.669368E-04  5.908346E+01
2.539315E+01  8.464366E+00  5.011272E-04  5.909733E+01
2.535129E+01  8.450421E+00  6.463534E-04  5.910426E+01
2.530895E+01  8.436300E+00  6.176669E-04  5.911120E+01
2.523587E+01  8.411944E+00  6.029196E-04  5.912324E+01
2.517758E+01  8.392511E+00  6.814853E-04  5.913270E+01
2.511936E+01  8.373106E+00  7.775255E-04  5.914216E+01
2.508676E+01  8.362255E+00  2.414292E-05  5.914747E+01
2.505404E+01  8.351343E+00  3.673531E-05  5.915279E+01
2.500953E+01  8.336505E+00  1.150542E-04  5.916000E+01
2.496501E+01  8.321673E+00  2.113505E-04  5.916721E+01
2.491504E+01  8.305008E+00  4.919652E-04  5.917526E+01
2.485571E+01  8.285225E+00  3.903393E-04  5.918475E+01
2.480334E+01  8.267778E+00  2.284667E-04  5.919314E+01
2.477717E+01  8.259053E+00  2.309046E-04  5.919739E+01
2.475047E+01  8.250153E+00  2.921943E-04  5.920164E+01
2.472306E+01  8.241012E+00  3.146544E-04  5.920599E+01
2.469577E+01  8.231921E+00  3.517260E-04  5.921034E+01
2.464215E+01  8.214036E+00  3.567812E-04  5.921884E+01
2.459544E+01  8.198477E+00  3.992845E-04  5.922625E+01
2.454816E+01  8.182710E+00  4.312365E-04  5.923374E+01
2.448282E+01  8.160939E+00  1.222164E-04  5.924403E+01
2.438037E+01  8.126789E+00  -7.322779E-05  5.926013E+01
2.432738E+01  8.109137E+00  -3.963773E-04  5.926841E+01
2.430069E+01  8.100235E+00  -4.241603E-04  5.927255E+01
2.427397E+01  8.091332E+00  -3.615612E-04  5.927669E+01
2.423785E+01  8.079297E+00  -4.092877E-04  5.928231E+01
2.419338E+01  8.064467E+00  -3.920505E-04  5.928920E+01
2.412694E+01  8.042321E+00  -3.233254E-04  5.929951E+01
2.409320E+01  8.031079E+00  -4.434606E-04  5.930471E+01
2.405937E+01  8.019797E+00  -3.919676E-04  5.930991E+01
2.402354E+01  8.007859E+00  -4.826764E-04  5.931542E+01
2.398805E+01  7.996024E+00  -4.916765E-04  5.932092E+01
2.395320E+01  7.984414E+00  -5.908211E-04  5.932620E+01
2.392133E+01  7.973780E+00  -2.624658E-04  5.933109E+01
2.381873E+01  7.939583E+00  -2.520357E-04  5.934670E+01
2.377117E+01  7.923729E+00  -2.662998E-04  5.935390E+01
2.372346E+01  7.907831E+00  -5.450097E-04  5.936111E+01
2.367472E+01  7.891579E+00  -3.501365E-04  5.936848E+01
2.362559E+01  7.875199E+00  -1.957965E-04  5.937587E+01
2.351078E+01  7.836931E+00  -2.297574E-04  5.939308E+01
2.347686E+01  7.825627E+00  -3.569627E-04  5.939812E+01
2.344313E+01  7.814383E+00  -4.854094E-04  5.940316E+01
2.336762E+01  7.789217E+00  -6.907624E-04  5.941433E+01
2.331762E+01  7.772539E+00  -8.753790E-06  5.942174E+01
2.326754E+01  7.755849E+00  5.593160E-05  5.942914E+01
2.324191E+01  7.747302E+00  8.326886E-05  5.943290E+01
2.321650E+01  7.738829E+00  2.114479E-04  5.943665E+01
2.316438E+01  7.721455E+00  9.546418E-05  5.944431E+01
2.311799E+01  7.705995E+00  4.779048E-05  5.945110E+01
2.307214E+01  7.690715E+00  4.806928E-05  5.945779E+01
2.300297E+01  7.667656E+00  7.297804E-05  5.946783E+01
2.296925E+01  7.656412E+00  2.796622E-04  5.947273E+01
2.293540E+01  7.645123E+00  3.862324E-04  5.947763E+01
2.289455E+01  7.631506E+00  3.475071E-04  5.948355E+01
2.285283E+01  7.617610E+00  6.370035E-05  5.948951E+01
2.283044E+01  7.610148E+00  6.997682E-05  5.949277E+01
2.280765E+01  7.602545E+00  3.057785E-05  5.949604E+01
2.277196E+01  7.590652E+00  -1.555406E-04  5.950114E+01
2.273637E+01  7.578799E+00  -3.469205E-04  5.950622E+01
2.269256E+01  7.564190E+00  -3.910739E-04  5.951249E+01
2.264848E+01  7.549501E+00  -3.555911E-04  5.951877E+01
2.260875E+01  7.536255E+00  -3.953741E-04  5.952440E+01
2.251334E+01  7.504458E+00  -5.899377E-04  5.953792E+01
2.246493E+01  7.488318E+00  -4.986309E-04  5.954475E+01
2.241622E+01  7.472079E+00  -1.936784E-04  5.955159E+01
2.237485E+01  7.458285E+00  -2.649759E-04  5.955738E+01
2.233339E+01  7.444469E+00  -2.781856E-04  5.956318E+01
2.229331E+01  7.431109E+00  -2.740193E-04  5.956880E+01
2.225164E+01  7.417216E+00  -2.606074E-04  5.957454E+01
2.221096E+01  7.403658E+00  -3.826512E-04  5.958022E+01
2.216723E+01  7.389085E+00  -2.974982E-04  5.958628E+01
2.211470E+01  7.371584E+00  -5.094109E-04  5.959352E+01
2.206401E+01  7.354676E+00  -3.311750E-04  5.960055E+01
2.203232E+01  7.344108E+00  -2.493569E-04  5.960489E+01
2.200071E+01  7.333573E+00  -1.871274E-04  5.960924E+01
2.196060E+01  7.320205E+00  -2.711227E-04  5.961468E+01
2.192290E+01  7.307639E+00  -3.946459E-04  5.961983E+01
2.188223E+01  7.294079E+00  -3.932155E-04  5.962542E+01
2.184033E+01  7.280111E+00  -1.052179E-04  5.963110E+01
2.180457E+01  7.268186E+00  1.193156E-04  5.963596E+01
2.178662E+01  7.262202E+00  1.267898E-04  5.963838E+01
2.176855E+01  7.256184E+00  1.777537E-04  5.964081E+01
2.174272E+01  7.247570E+00  1.047912E-04  5.964433E+01
2.171628E+01  7.238761E+00  1.500680E-04  5.964786E+01
2.168961E+01  7.229867E+00  2.081978E-04  5.965146E+01
2.166274E+01  7.220910E+00  2.404580E-04  5.965507E+01
2.161732E+01  7.205767E+00  2.765365E-04  5.966120E+01
2.159702E+01  7.199001E+00  2.920678E-04  5.966389E+01
2.157663E+01  7.192206E+00  4.149558E-04  5.966659E+01
2.154740E+01  7.182464E+00  2.848037E-04  5.967047E+01
2.151849E+01  7.172820E+00  3.849457E-04  5.967436E+01
2.146376E+01  7.154582E+00  3.132717E-04  5.968166E+01
2.140941E+01  7.136465E+00  3.187977E-04  5.968882E+01
2.137627E+01  7.125419E+00  3.986568E-04  5.969321E+01
2.134293E+01  7.114301E+00  4.329565E-04  5.969761E+01
2.128883E+01  7.096271E+00  4.638724E-04  5.970475E+01
2.124099E+01  7.080327E+00  5.432370E-04  5.971099E+01
2.119605E+01  7.065336E+00  7.017731E-04  5.971686E+01
2.115431E+01  7.051425E+00  7.791960E-04  5.972231E+01
2.113375E+01  7.044582E+00  3.048241E-06  5.972503E+01
2.111262E+01  7.037541E+00  2.034916E-05  5.972774E+01
2.108158E+01  7.027194E+00  -5.533589E-06  5.973178E+01
2.102054E+01  7.006842E+00  1.800276E-04  5.973966E+01
2.099140E+01  6.997130E+00  2.100141E-04  5.974343E+01
2.096216E+01  6.987381E+00  3.543863E-04  5.974721E+01
2.092469E+01  6.974889E+00  6.332255E-05  5.975209E+01
2.087832E+01  6.959436E+00  3.109913E-04  5.975797E+01
2.083740E+01  6.945796E+00  2.473121E-04  5.976318E+01
2.080098E+01  6.933658E+00  2.239459E-04  5.976784E+01
2.076660E+01  6.922198E+00  7.762746E-05  5.977220E+01
2.073351E+01  6.911170E+00  4.490384E-05  5.977642E+01
2.070014E+01  6.900049E+00  7.004871E-05  5.978064E+01
2.066784E+01  6.889279E+00  8.996928E-05  5.978473E+01
2.062841E+01  6.876137E+00  2.828127E-05  5.978970E+01
2.060907E+01  6.869689E+00  -2.522224E-06  5.979215E+01
2.058966E+01  6.863223E+00  3.329474E-05  5.979459E+01
2.056020E+01  6.853403E+00  3.389620E-05  5.979831E+01
2.052772E+01  6.842568E+00  1.609360E-04  5.980236E+01
2.049542E+01  6.831804E+00  2.556285E-04  5.980641E+01
2.046580E+01  6.821923E+00  3.951148E-04  5.981013E+01
2.043856E+01  6.812842E+00  3.983712E-04  5.981350E+01
2.041142E+01  6.803802E+00  3.961058E-04  5.981688E+01
2.038576E+01  6.795244E+00  3.396721E-04  5.982007E+01
2.036013E+01  6.786702E+00  4.393597E-04  5.982325E+01
2.030684E+01  6.768939E+00  4.232510E-04  5.982985E+01
2.027692E+01  6.758967E+00  5.357636E-04  5.983357E+01
2.024639E+01  6.748789E+00  4.143467E-04  5.983729E+01
2.021029E+01  6.736766E+00  -3.031362E-05  5.984172E+01
2.018017E+01  6.726720E+00  5.870106E-05  5.984544E+01
2.015154E+01  6.717176E+00  2.814015E-05  5.984894E+01
2.012327E+01  6.707751E+00  1.583073E-04  5.985235E+01
2.008800E+01  6.695996E+00  3.874781E-04  5.985670E+01
2.004872E+01  6.682899E+00  3.901085E-04  5.986147E+01
2.000994E+01  6.669978E+00  2.599716E-04  5.986617E+01
1.997203E+01  6.657342E+00  2.864479E-04  5.987078E+01
1.993397E+01  6.644652E+00  3.346488E-04  5.987538E+01
1.988962E+01  6.629870E+00  4.627061E-04  5.988074E+01
1.985844E+01  6.619477E+00  4.053460E-04  5.988446E+01
1.982756E+01  6.609176E+00  3.766697E-04  5.988818E+01
1.979463E+01  6.598211E+00  3.351366E-04  5.989209E+01
1.976361E+01  6.587861E+00  4.302719E-04  5.989581E+01
1.974000E+01  6.579992E+00  4.316099E-04  5.989861E+01
1.971673E+01  6.572238E+00  4.624465E-04  5.990141E+01
1.967813E+01  6.559376E+00  1.554344E-05  5.990598E+01
1.964533E+01  6.548445E+00  -1.428818E-04  5.990986E+01
1.961254E+01  6.537516E+00  -3.323562E-04  5.991374E+01
1.955554E+01  6.518516E+00  -1.814390E-04  5.992044E+01
1.952833E+01  6.509447E+00  -1.713859E-04  5.992367E+01
1.950071E+01  6.500242E+00  -1.766740E-04  5.992689E+01
1.947031E+01  6.490107E+00  -1.866973E-04  5.993046E+01
1.943249E+01  6.477498E+00  -7.037171E-05  5.993487E+01
1.939512E+01  6.465038E+00  5.835676E-05  5.993921E+01
1.936190E+01  6.453968E+00  -4.090753E-05  5.994309E+01
1.932801E+01  6.442670E+00  -1.655516E-04  5.994701E+01
1.929434E+01  6.431451E+00  -1.748816E-04  5.995090E+01
1.927744E+01  6.425815E+00  -1.905499E-04  5.995287E+01
1.926022E+01  6.420076E+00  -1.995253E-04  5.995484E+01
1.921472E+01  6.404906E+00  -1.281029E-04  5.996006E+01
1.919328E+01  6.397768E+00  -9.496926E-05  5.996253E+01
1.917168E+01  6.390565E+00  -1.535544E-04  5.996500E+01
1.914617E+01  6.382062E+00  -2.628525E-04  5.996795E+01
1.911816E+01  6.372724E+00  -2.905765E-04  5.997113E+01
1.909168E+01  6.363895E+00  -1.653313E-04  5.997411E+01
1.906801E+01  6.356008E+00  -1.804905E-04  5.997681E+01
1.904442E+01  6.348147E+00  -3.743873E-04  5.997950E+01
1.901598E+01  6.338668E+00  -3.275601E-04  5.998275E+01
1.898361E+01  6.327871E+00  -2.389110E-04  5.998640E+01
1.895371E+01  6.317906E+00  -2.010843E-04  5.998982E+01
1.892166E+01  6.307223E+00  -2.506569E-04  5.999341E+01
1.890056E+01  6.300190E+00  -2.360699E-04  5.999576E+01
1.887965E+01  6.293219E+00  -3.281833E-04  5.999812E+01
1.884726E+01  6.282423E+00  -1.808732E-04  6.000179E+01
1.881057E+01  6.270193E+00  -2.163074E-04  6.000584E+01
1.877695E+01  6.258989E+00  -2.673711E-04  6.000958E+01
1.873947E+01  6.246497E+00  -3.237674E-04  6.001376E+01
1.870122E+01  6.233745E+00  -2.281797E-04  6.001803E+01
1.865104E+01  6.217016E+00  -2.379979E-04  6.002361E+01
1.862610E+01  6.208704E+00  -1.014138E-04  6.002633E+01
1.860141E+01  6.200471E+00  1.970019E-05  6.002905E+01
1.856978E+01  6.189928E+00  1.233888E-04  6.003251E+01
1.853584E+01  6.178613E+00  1.505872E-04  6.003624E+01
1.850119E+01  6.167063E+00  1.095658E-04  6.004004E+01
1.846380E+01  6.154597E+00  -9.722558E-06  6.004412E+01
1.842660E+01  6.142199E+00  2.262783E-05  6.004817E+01
1.840425E+01  6.134749E+00  2.244561E-05  6.005059E+01
1.838218E+01  6.127395E+00  1.072309E-04  6.005301E+01
1.835489E+01  6.118292E+00  1.888751E-04  6.005596E+01
1.832013E+01  6.106710E+00  1.345695E-04  6.005972E+01
1.828521E+01  6.095067E+00  2.034146E-04  6.006349E+01
1.825066E+01  6.083549E+00  1.037483E-04  6.006719E+01
1.821728E+01  6.072427E+00  2.333271E-04  6.007078E+01
1.819875E+01  6.066247E+00  2.485063E-04  6.007275E+01
1.818042E+01  6.060136E+00  2.978563E-04  6.007472E+01
1.814980E+01  6.049930E+00  3.745704E-04  6.007799E+01
1.811964E+01  6.039877E+00  4.126560E-04  6.008119E+01
1.808756E+01  6.029180E+00  4.210605E-04  6.008459E+01
1.805372E+01  6.017902E+00  4.685328E-04  6.008821E+01
1.803596E+01  6.011983E+00  4.323276E-04  6.009010E+01
1.801796E+01  6.005980E+00  4.690354E-04  6.009198E+01
1.799637E+01  5.998788E+00  4.168468E-04  6.009425E+01
1.797513E+01  5.991712E+00  4.604964E-04  6.009651E+01
1.792672E+01  5.975571E+00  5.227406E-04  6.010160E+01
1.790218E+01  5.967384E+00  4.909596E-04  6.010417E+01
1.787757E+01  5.959185E+00  3.884438E-04  6.010674E+01
1.784101E+01  5.947000E+00  6.981978E-05  6.011056E+01
1.782218E+01  5.940725E+00  1.084624E-04  6.011252E+01
1.780342E+01  5.934467E+00  1.567651E-04  6.011448E+01
1.777903E+01  5.926340E+00  1.967454E-04  6.011702E+01
1.773308E+01  5.911022E+00  6.310859E-05  6.012178E+01
1.768715E+01  5.895715E+00  5.159333E-05  6.012649E+01
1.764875E+01  5.882915E+00  2.493605E-04  6.013048E+01
1.762885E+01  5.876277E+00  3.808377E-04  6.013250E+01
1.760922E+01  5.869737E+00  4.187544E-04  6.013452E+01
1.758897E+01  5.862984E+00  3.122743E-04  6.013662E+01
1.756835E+01  5.856110E+00  3.150320E-04  6.013872E+01
1.755183E+01  5.850605E+00  2.848432E-04  6.014040E+01
1.753508E+01  5.845030E+00  2.122925E-04  6.014209E+01
1.748989E+01  5.829962E+00  3.324183E-04  6.014671E+01
1.746636E+01  5.822114E+00  3.281541E-04  6.014911E+01
1.744265E+01  5.814210E+00  3.590889E-04  6.015151E+01
1.742211E+01  5.807362E+00  3.494621E-04  6.015357E+01
1.739562E+01  5.798534E+00  4.512732E-04  6.015626E+01
1.736785E+01  5.789277E+00  3.470085E-04  6.015909E+01
1.733942E+01  5.779800E+00  2.513197E-04  6.016192E+01
1.731346E+01  5.771147E+00  3.126832E-04  6.016457E+01
1.728305E+01  5.761008E+00  4.357109E-04  6.016758E+01
1.725423E+01  5.751405E+00  3.729928E-04  6.017046E+01
1.722523E+01  5.741739E+00  3.312329E-04  6.017338E+01
1.719611E+01  5.732035E+00  3.295594E-04  6.017622E+01
1.718392E+01  5.727971E+00  3.313412E-04  6.017749E+01
1.717088E+01  5.723623E+00  3.916663E-04  6.017875E+01
1.713304E+01  5.711009E+00  3.665565E-04  6.018248E+01
1.710719E+01  5.702397E+00  2.510421E-04  6.018505E+01
1.708132E+01  5.693771E+00  5.098245E-05  6.018761E+01
1.705912E+01  5.686373E+00  1.238111E-04  6.018978E+01
1.703711E+01  5.679035E+00  1.250614E-04  6.019194E+01
1.701352E+01  5.671169E+00  6.337112E-05  6.019426E+01
1.697498E+01  5.658326E+00  2.535430E-05  6.019803E+01
1.693709E+01  5.645696E+00  -8.651156E-05  6.020174E+01
1.690181E+01  5.633937E+00  -5.537114E-05  6.020519E+01
1.686642E+01  5.622137E+00  -1.160040E-04  6.020860E+01
1.683531E+01  5.611769E+00  -5.125635E-05  6.021163E+01
1.680309E+01  5.601037E+00  -2.494534E-04  6.021476E+01
1.677327E+01  5.591097E+00  -2.048933E-04  6.021759E+01
1.674580E+01  5.581935E+00  -1.425107E-04  6.022025E+01
1.671580E+01  5.571936E+00  -1.380730E-04  6.022314E+01
1.668368E+01  5.561228E+00  -5.056402E-05  6.022622E+01
1.665668E+01  5.552226E+00  -1.513010E-04  6.022880E+01
1.662983E+01  5.543274E+00  -1.027346E-05  6.023137E+01
1.659539E+01  5.531793E+00  -3.574240E-05  6.023462E+01
1.656274E+01  5.520913E+00  -7.843976E-05  6.023772E+01
1.653271E+01  5.510907E+00  -9.245336E-05  6.024054E+01
1.650410E+01  5.501366E+00  -9.948551E-05  6.024325E+01
1.647345E+01  5.491151E+00  -1.189450E-04  6.024612E+01
1.644347E+01  5.481160E+00  -2.444602E-04  6.024898E+01
1.641591E+01  5.471972E+00  -2.326089E-04  6.025153E+01
1.639789E+01  5.465965E+00  -2.125406E-04  6.025324E+01
1.637939E+01  5.459797E+00  -2.108786E-04  6.025496E+01
1.635896E+01  5.452990E+00  -1.522494E-04  6.025686E+01
1.633670E+01  5.445571E+00  -1.367664E-04  6.025893E+01
1.631239E+01  5.437465E+00  -1.779320E-04  6.026119E+01
1.629509E+01  5.431700E+00  -2.043944E-04  6.026282E+01
1.627760E+01  5.425869E+00  -2.246526E-04  6.026444E+01
1.625147E+01  5.417158E+00  -1.412186E-04  6.026684E+01
1.622674E+01  5.408914E+00  -1.418366E-04  6.026913E+01
1.619377E+01  5.397926E+00  -7.014948E-05  6.027218E+01
1.616371E+01  5.387904E+00  -1.437567E-04  6.027496E+01
1.613789E+01  5.379304E+00  -2.642255E-04  6.027729E+01
1.611356E+01  5.371191E+00  -2.815076E-04  6.027951E+01
1.609580E+01  5.365273E+00  -2.525374E-04  6.028114E+01
1.607789E+01  5.359298E+00  -2.410117E-04  6.028278E+01
1.606417E+01  5.354730E+00  -1.895636E-04  6.028400E+01
1.605125E+01  5.350419E+00  -2.197724E-04  6.028522E+01
1.601575E+01  5.338581E+00  -2.123555E-04  6.028844E+01
1.598492E+01  5.328314E+00  -3.397552E-04  6.029122E+01
1.596589E+01  5.321972E+00  -2.904434E-04  6.029294E+01
1.594676E+01  5.315588E+00  -3.326461E-04  6.029467E+01
1.592651E+01  5.308840E+00  -3.652897E-04  6.029649E+01
1.590264E+01  5.300883E+00  -4.330674E-04  6.029867E+01
1.587738E+01  5.292463E+00  -4.380142E-04  6.030092E+01
1.585376E+01  5.284594E+00  -4.012179E-04  6.030304E+01
1.581794E+01  5.272651E+00  -3.976511E-04  6.030624E+01
1.580043E+01  5.266813E+00  -4.012275E-04  6.030780E+01
1.578307E+01  5.261027E+00  -4.359802E-04  6.030936E+01
1.576208E+01  5.254035E+00  -4.391053E-04  6.031121E+01
1.574194E+01  5.247315E+00  -4.316161E-04  6.031299E+01
1.572153E+01  5.240512E+00  -5.124473E-04  6.031483E+01
1.570380E+01  5.234606E+00  -3.573873E-04  6.031640E+01
1.568595E+01  5.228655E+00  -4.116576E-04  6.031796E+01
1.566409E+01  5.221371E+00  -3.659693E-04  6.031988E+01
1.564211E+01  5.214041E+00  -2.886465E-04  6.032181E+01
1.561772E+01  5.205913E+00  -3.054001E-04  6.032397E+01
1.559210E+01  5.197375E+00  -3.943042E-04  6.032619E+01
1.556320E+01  5.187743E+00  -4.657864E-04  6.032870E+01
1.554568E+01  5.181900E+00  -4.916723E-04  6.033023E+01
1.552826E+01  5.176093E+00  -4.893629E-04  6.033177E+01
1.550622E+01  5.168745E+00  -4.423285E-04  6.033365E+01
1.548602E+01  5.162015E+00  -4.287951E-04  6.033541E+01
1.546478E+01  5.154926E+00  -4.462896E-04  6.033724E+01
1.544463E+01  5.148213E+00  -4.115264E-04  6.033898E+01
1.541941E+01  5.139807E+00  -3.819452E-04  6.034118E+01
1.537990E+01  5.126633E+00  -1.888068E-04  6.034457E+01
1.536275E+01  5.120911E+00  -1.369027E-04  6.034603E+01
1.534543E+01  5.115144E+00  -1.370127E-04  6.034748E+01
1.532389E+01  5.107966E+00  -7.424752E-05  6.034932E+01
1.530988E+01  5.103298E+00  -1.097754E-04  6.035050E+01
1.529646E+01  5.098822E+00  -9.566858E-05  6.035168E+01
1.526662E+01  5.088874E+00  -4.557601E-05  6.035420E+01
1.523987E+01  5.079958E+00  -9.181797E-05  6.035647E+01
1.522329E+01  5.074428E+00  -6.720792E-05  6.035785E+01
1.520685E+01  5.068952E+00  -8.831232E-05  6.035924E+01
1.518686E+01  5.062285E+00  -5.530441E-05  6.036093E+01
1.516658E+01  5.055527E+00  -1.472725E-04  6.036264E+01
1.514273E+01  5.047584E+00  -1.210822E-04  6.036464E+01
1.511826E+01  5.039419E+00  -1.717371E-04  6.036667E+01
1.509275E+01  5.030918E+00  -1.363441E-04  6.036877E+01
1.507760E+01  5.025872E+00  -2.158098E-04  6.037008E+01
1.506173E+01  5.020577E+00  -2.743190E-04  6.037138E+01
1.504131E+01  5.013768E+00  -2.498122E-04  6.037306E+01
1.502133E+01  5.007114E+00  -2.616669E-04  6.037472E+01
1.500195E+01  5.000653E+00  -2.616996E-04  6.037637E+01
1.498086E+01  4.993626E+00  -2.430990E-04  6.037810E+01
1.495978E+01  4.986597E+00  -1.801706E-04  6.037984E+01
1.493884E+01  4.979617E+00  -2.120661E-04  6.038153E+01
1.491966E+01  4.973223E+00  -2.238849E-04  6.038311E+01
1.489449E+01  4.964829E+00  -1.172627E-04  6.038515E+01
1.487376E+01  4.957921E+00  -1.010182E-04  6.038685E+01
1.485321E+01  4.951073E+00  -1.470134E-04  6.038855E+01
1.483111E+01  4.943704E+00  -1.018082E-04  6.039032E+01
1.481073E+01  4.936916E+00  -1.255710E-04  6.039196E+01
1.478941E+01  4.929806E+00  -1.305861E-04  6.039370E+01
1.476790E+01  4.922634E+00  -1.771303E-04  6.039545E+01
1.474649E+01  4.915500E+00  -1.116633E-04  6.039717E+01
1.472661E+01  4.908870E+00  -1.356070E-04  6.039876E+01
1.470723E+01  4.902417E+00  -1.761803E-04  6.040035E+01
1.468490E+01  4.894968E+00  -1.083445E-04  6.040213E+01
1.466318E+01  4.887727E+00  -1.566667E-04  6.040385E+01
1.464126E+01  4.880415E+00  -1.168866E-04  6.040562E+01
1.462040E+01  4.873472E+00  -8.857179E-05  6.040726E+01
1.460110E+01  4.867034E+00  -3.272604E-05  6.040883E+01
1.458035E+01  4.860113E+00  -7.942271E-05  6.041044E+01
1.456215E+01  4.854049E+00  3.711707E-06  6.041189E+01
1.453689E+01  4.845629E+00  -5.424335E-05  6.041389E+01
1.451215E+01  4.837388E+00  -1.892204E-06  6.041584E+01
1.448079E+01  4.826927E+00  1.060227E-04  6.041830E+01
1.446676E+01  4.822253E+00  9.900430E-05  6.041942E+01
1.445228E+01  4.817421E+00  1.172219E-04  6.042054E+01
1.443204E+01  4.810677E+00  1.607764E-04  6.042214E+01
1.441074E+01  4.803577E+00  2.070230E-04  6.042379E+01
