# HSM/GeV  HNSM/GeV  HS/GeV  T/GeV
2.781554E+02  2.129951E+02  5.607046E+02  0.000000E+00
2.781553E+02  2.129949E+02  5.607040E+02  1.000000E+00
2.781310E+02  2.129624E+02  5.606328E+02  1.100000E+01
2.780935E+02  2.129171E+02  5.605471E+02  1.600000E+01
2.780664E+02  2.128851E+02  5.604894E+02  1.850000E+01
2.780328E+02  2.128462E+02  5.604208E+02  2.100000E+01
2.780018E+02  2.128106E+02  5.603600E+02  2.291206E+01
2.779659E+02  2.127694E+02  5.602904E+02  2.482413E+01
2.778940E+02  2.126886E+02  5.601571E+02  2.795661E+01
2.778170E+02  2.126031E+02  5.600195E+02  3.067636E+01
2.777328E+02  2.125103E+02  5.598738E+02  3.314053E+01
2.776417E+02  2.124111E+02  5.597210E+02  3.538423E+01
2.775451E+02  2.123067E+02  5.595633E+02  3.744308E+01
2.774397E+02  2.121933E+02  5.593941E+02  3.940153E+01
2.773280E+02  2.120738E+02  5.592180E+02  4.123280E+01
2.772090E+02  2.119474E+02  5.590342E+02  4.297138E+01
2.770818E+02  2.118125E+02  5.588398E+02  4.464161E+01
2.769482E+02  2.116715E+02  5.586385E+02  4.622065E+01
2.768076E+02  2.115238E+02  5.584286E+02  4.773766E+01
2.766587E+02  2.113676E+02  5.582086E+02  4.920153E+01
2.765024E+02  2.112040E+02  5.579786E+02  5.062009E+01
2.763412E+02  2.110358E+02  5.577438E+02  5.197378E+01
2.761691E+02  2.108565E+02  5.574943E+02  5.331185E+01
2.759926E+02  2.106730E+02  5.572395E+02  5.458864E+01
2.758080E+02  2.104811E+02  5.569742E+02  5.584109E+01
2.756143E+02  2.102806E+02  5.566979E+02  5.706857E+01
2.754135E+02  2.100728E+02  5.564120E+02  5.826600E+01
2.752052E+02  2.098575E+02  5.561167E+02  5.943554E+01
2.749941E+02  2.096395E+02  5.558182E+02  6.055491E+01
2.747746E+02  2.094131E+02  5.555079E+02  6.166106E+01
2.745484E+02  2.091799E+02  5.551891E+02  6.273928E+01
2.743195E+02  2.089445E+02  5.548679E+02  6.377924E+01
2.740817E+02  2.087001E+02  5.545344E+02  6.480811E+01
2.738358E+02  2.084473E+02  5.541893E+02  6.582360E+01
2.735870E+02  2.081919E+02  5.538412E+02  6.680633E+01
2.733300E+02  2.079281E+02  5.534815E+02  6.777758E+01
2.730615E+02  2.076530E+02  5.531070E+02  6.875155E+01
2.727948E+02  2.073796E+02  5.527348E+02  6.967852E+01
2.725188E+02  2.070972E+02  5.523501E+02  7.060123E+01
2.722311E+02  2.068028E+02  5.519486E+02  7.152556E+01
2.719470E+02  2.065123E+02  5.515527E+02  7.240536E+01
2.716585E+02  2.062174E+02  5.511508E+02  7.326699E+01
2.713560E+02  2.059087E+02  5.507305E+02  7.413788E+01
2.710449E+02  2.055910E+02  5.502970E+02  7.500273E+01
2.707344E+02  2.052744E+02  5.498651E+02  7.583824E+01
2.704239E+02  2.049580E+02  5.494335E+02  7.664440E+01
2.701069E+02  2.046349E+02  5.489922E+02  7.744209E+01
2.697851E+02  2.043071E+02  5.485443E+02  7.822810E+01
2.694527E+02  2.039693E+02  5.480832E+02  7.901364E+01
2.691221E+02  2.036327E+02  5.476218E+02  7.977333E+01
2.687799E+02  2.032848E+02  5.471456E+02  8.053549E+01
2.684389E+02  2.029383E+02  5.466710E+02  8.127395E+01
2.680960E+02  2.025902E+02  5.461940E+02  8.199374E+01
2.677537E+02  2.022429E+02  5.457172E+02  8.269490E+01
2.673932E+02  2.018770E+02  5.452148E+02  8.341302E+01
2.670331E+02  2.015118E+02  5.447133E+02  8.411096E+01
2.666630E+02  2.011370E+02  5.441981E+02  8.481102E+01
2.662853E+02  2.007543E+02  5.436705E+02  8.550509E+01
2.659166E+02  2.003810E+02  5.431562E+02  8.616572E+01
2.655295E+02  1.999893E+02  5.426160E+02  8.684178E+01
2.651506E+02  1.996063E+02  5.420871E+02  8.748738E+01
2.647796E+02  1.992313E+02  5.415691E+02  8.810403E+01
2.643792E+02  1.988268E+02  5.410097E+02  8.875431E+01
2.639781E+02  1.984218E+02  5.404484E+02  8.939014E+01
2.635887E+02  1.980287E+02  5.399031E+02  8.999279E+01
2.631972E+02  1.976340E+02  5.393552E+02  9.058569E+01
2.627707E+02  1.972040E+02  5.387579E+02  9.121565E+01
2.623729E+02  1.968033E+02  5.382007E+02  9.179016E+01
2.619741E+02  1.964018E+02  5.376415E+02  9.235404E+01
2.615556E+02  1.959807E+02  5.370541E+02  9.293296E+01
2.611359E+02  1.955586E+02  5.364650E+02  9.350103E+01
2.607073E+02  1.951276E+02  5.358627E+02  9.406818E+01
2.602805E+02  1.946987E+02  5.352622E+02  9.462147E+01
2.598311E+02  1.942475E+02  5.346298E+02  9.519074E+01
2.593987E+02  1.938135E+02  5.340213E+02  9.572694E+01
2.589539E+02  1.933676E+02  5.333952E+02  9.626668E+01
2.584943E+02  1.929068E+02  5.327467E+02  9.681333E+01
2.580488E+02  1.924607E+02  5.321188E+02  9.733202E+01
2.575919E+02  1.920031E+02  5.314735E+02  9.785314E+01
2.571339E+02  1.915450E+02  5.308267E+02  9.836433E+01
2.566886E+02  1.910995E+02  5.301964E+02  9.885202E+01
2.562428E+02  1.906542E+02  5.295668E+02  9.933020E+01
2.557676E+02  1.901795E+02  5.288935E+02  9.983043E+01
2.553277E+02  1.897405E+02  5.282705E+02  1.002839E+02
2.548437E+02  1.892576E+02  5.275841E+02  1.007738E+02
2.543700E+02  1.887855E+02  5.269122E+02  1.012432E+02
2.539210E+02  1.883381E+02  5.262739E+02  1.016809E+02
2.534416E+02  1.878608E+02  5.255930E+02  1.021380E+02
2.529648E+02  1.873864E+02  5.249153E+02  1.025844E+02
2.524754E+02  1.868997E+02  5.242185E+02  1.030342E+02
2.522136E+02  1.866395E+02  5.238458E+02  1.032707E+02
2.519498E+02  1.863775E+02  5.234699E+02  1.035072E+02
2.514530E+02  1.858843E+02  5.227625E+02  1.039452E+02
2.509637E+02  1.853985E+02  5.220637E+02  1.043687E+02
2.504830E+02  1.849221E+02  5.213778E+02  1.047773E+02
2.500002E+02  1.844436E+02  5.206879E+02  1.051799E+02
2.495005E+02  1.839488E+02  5.199741E+02  1.055888E+02
2.490414E+02  1.834945E+02  5.193172E+02  1.059576E+02
2.485284E+02  1.829871E+02  5.185828E+02  1.063629E+02
2.480509E+02  1.825153E+02  5.178986E+02  1.067330E+02
2.475183E+02  1.819892E+02  5.171353E+02  1.071380E+02
2.469946E+02  1.814725E+02  5.163836E+02  1.075292E+02
2.465127E+02  1.809972E+02  5.156916E+02  1.078822E+02
2.460391E+02  1.805304E+02  5.150104E+02  1.082231E+02
2.455576E+02  1.800564E+02  5.143179E+02  1.085642E+02
2.450322E+02  1.795394E+02  5.135621E+02  1.089295E+02
2.445212E+02  1.790368E+02  5.128254E+02  1.092787E+02
2.440026E+02  1.785273E+02  5.120778E+02  1.096258E+02
2.434939E+02  1.780279E+02  5.113448E+02  1.099606E+02
2.429226E+02  1.774672E+02  5.105195E+02  1.103298E+02
2.424040E+02  1.769590E+02  5.097708E+02  1.106583E+02
2.418595E+02  1.764257E+02  5.089836E+02  1.109970E+02
2.413540E+02  1.759310E+02  5.082521E+02  1.113054E+02
2.408219E+02  1.754105E+02  5.074816E+02  1.116246E+02
2.403214E+02  1.749215E+02  5.067564E+02  1.119193E+02
2.397898E+02  1.744023E+02  5.059856E+02  1.122274E+02
2.392310E+02  1.738571E+02  5.051740E+02  1.125447E+02
2.387132E+02  1.733522E+02  5.044223E+02  1.128334E+02
2.382298E+02  1.728815E+02  5.037201E+02  1.130980E+02
2.376389E+02  1.723064E+02  5.028610E+02  1.134159E+02
2.370699E+02  1.717531E+02  5.020332E+02  1.137159E+02
2.365732E+02  1.712705E+02  5.013098E+02  1.139733E+02
2.360439E+02  1.707567E+02  5.005386E+02  1.142425E+02
2.354540E+02  1.701845E+02  4.996781E+02  1.145368E+02
2.348700E+02  1.696185E+02  4.988261E+02  1.148223E+02
2.343275E+02  1.690932E+02  4.980335E+02  1.150828E+02
2.338329E+02  1.686147E+02  4.973104E+02  1.153161E+02
2.335478E+02  1.683390E+02  4.968936E+02  1.154486E+02
2.332595E+02  1.680606E+02  4.964725E+02  1.155812E+02
2.326829E+02  1.675038E+02  4.956287E+02  1.158428E+02
2.321769E+02  1.670155E+02  4.948874E+02  1.160681E+02
2.316267E+02  1.664850E+02  4.940810E+02  1.163087E+02
2.311562E+02  1.660319E+02  4.933915E+02  1.165107E+02
2.305392E+02  1.654382E+02  4.924868E+02  1.167707E+02
2.299752E+02  1.648959E+02  4.916583E+02  1.170037E+02
2.294241E+02  1.643667E+02  4.908495E+02  1.172266E+02
2.288649E+02  1.638300E+02  4.900265E+02  1.174490E+02
2.282495E+02  1.632400E+02  4.891215E+02  1.176885E+02
2.276287E+02  1.626455E+02  4.882079E+02  1.179246E+02
2.270496E+02  1.620916E+02  4.873558E+02  1.181404E+02
2.264269E+02  1.614964E+02  4.864374E+02  1.183677E+02
2.258831E+02  1.609771E+02  4.856352E+02  1.185619E+02
2.253795E+02  1.604969E+02  4.848927E+02  1.187384E+02
2.247660E+02  1.599122E+02  4.839866E+02  1.189491E+02
2.242119E+02  1.593847E+02  4.831681E+02  1.191356E+02
2.236042E+02  1.588069E+02  4.822702E+02  1.193357E+02
2.230404E+02  1.582712E+02  4.814360E+02  1.195174E+02
2.224369E+02  1.576984E+02  4.805427E+02  1.197077E+02
2.219117E+02  1.572004E+02  4.797655E+02  1.198699E+02
2.213590E+02  1.566770E+02  4.789468E+02  1.200371E+02
2.208305E+02  1.561768E+02  4.781633E+02  1.201939E+02
2.202687E+02  1.556459E+02  4.773302E+02  1.203571E+02
2.197293E+02  1.551365E+02  4.765301E+02  1.205104E+02
2.190714E+02  1.545161E+02  4.755542E+02  1.206931E+02
2.185064E+02  1.539836E+02  4.747151E+02  1.208464E+02
2.181586E+02  1.536561E+02  4.741981E+02  1.209391E+02
2.178060E+02  1.533243E+02  4.736738E+02  1.210317E+02
2.173277E+02  1.528746E+02  4.729631E+02  1.211554E+02
2.168253E+02  1.524028E+02  4.722161E+02  1.212828E+02
2.165524E+02  1.521468E+02  4.718104E+02  1.213508E+02
2.162772E+02  1.518885E+02  4.714006E+02  1.214188E+02
2.159717E+02  1.516021E+02  4.709457E+02  1.214933E+02
2.156623E+02  1.513122E+02  4.704855E+02  1.215678E+02
2.152785E+02  1.509528E+02  4.699140E+02  1.216588E+02
2.148882E+02  1.505876E+02  4.693326E+02  1.217499E+02
2.146017E+02  1.503197E+02  4.689057E+02  1.218159E+02
2.143120E+02  1.500489E+02  4.684740E+02  1.218820E+02
2.137743E+02  1.495469E+02  4.676726E+02  1.220021E+02
2.132403E+02  1.490487E+02  4.668767E+02  1.221187E+02
2.126991E+02  1.485444E+02  4.660694E+02  1.222342E+02
2.121377E+02  1.480217E+02  4.652314E+02  1.223512E+02
2.115053E+02  1.474338E+02  4.642875E+02  1.224794E+02
2.112064E+02  1.471561E+02  4.638412E+02  1.225389E+02
2.109022E+02  1.468737E+02  4.633868E+02  1.225984E+02
2.103038E+02  1.463187E+02  4.624931E+02  1.227133E+02
2.097539E+02  1.458091E+02  4.616709E+02  1.228161E+02
2.093959E+02  1.454777E+02  4.611358E+02  1.228816E+02
2.090317E+02  1.451408E+02  4.605910E+02  1.229470E+02
2.085867E+02  1.447296E+02  4.599258E+02  1.230255E+02
2.081936E+02  1.443666E+02  4.593380E+02  1.230934E+02
2.077211E+02  1.439307E+02  4.586312E+02  1.231734E+02
2.069937E+02  1.432604E+02  4.575424E+02  1.232929E+02
2.063613E+02  1.426784E+02  4.565954E+02  1.233932E+02
2.060163E+02  1.423612E+02  4.560786E+02  1.234466E+02
2.056644E+02  1.420380E+02  4.555518E+02  1.235001E+02
2.053189E+02  1.417208E+02  4.550343E+02  1.235516E+02
2.049666E+02  1.413977E+02  4.545064E+02  1.236030E+02
2.043567E+02  1.408387E+02  4.535924E+02  1.236900E+02
2.035968E+02  1.401433E+02  4.524532E+02  1.237943E+02
2.028580E+02  1.394683E+02  4.513454E+02  1.238915E+02
2.021940E+02  1.388627E+02  4.503501E+02  1.239752E+02
2.016028E+02  1.383240E+02  4.494627E+02  1.240471E+02
2.012985E+02  1.380470E+02  4.490064E+02  1.240831E+02
2.009886E+02  1.377652E+02  4.485413E+02  1.241190E+02
2.006143E+02  1.374250E+02  4.479799E+02  1.241615E+02
2.002306E+02  1.370766E+02  4.474039E+02  1.242040E+02
1.996844E+02  1.365810E+02  4.465842E+02  1.242627E+02
1.992782E+02  1.362129E+02  4.459744E+02  1.243050E+02
1.988602E+02  1.358344E+02  4.453468E+02  1.243473E+02
1.983795E+02  1.353995E+02  4.446248E+02  1.243944E+02
1.977826E+02  1.348603E+02  4.437288E+02  1.244507E+02
1.974567E+02  1.345660E+02  4.432389E+02  1.244804E+02
1.971224E+02  1.342646E+02  4.427372E+02  1.245101E+02
1.968919E+02  1.340569E+02  4.423909E+02  1.245302E+02
1.966559E+02  1.338442E+02  4.420363E+02  1.245503E+02
1.964256E+02  1.336369E+02  4.416905E+02  1.245697E+02
1.961900E+02  1.334249E+02  4.413365E+02  1.245891E+02
1.956630E+02  1.329509E+02  4.405447E+02  1.246312E+02
1.951985E+02  1.325338E+02  4.398470E+02  1.246667E+02
1.944818E+02  1.318909E+02  4.387703E+02  1.247189E+02
1.941287E+02  1.315746E+02  4.382399E+02  1.247433E+02
1.937633E+02  1.312475E+02  4.376908E+02  1.247678E+02
1.935141E+02  1.310246E+02  4.373165E+02  1.247840E+02
1.932591E+02  1.307966E+02  4.369329E+02  1.248002E+02
1.929694E+02  1.305378E+02  4.364978E+02  1.248181E+02
1.924478E+02  1.300723E+02  4.357146E+02  1.248490E+02
1.921972E+02  1.298487E+02  4.353377E+02  1.248633E+02
1.919392E+02  1.296188E+02  4.349500E+02  1.248775E+02
1.915397E+02  1.292631E+02  4.343497E+02  1.248988E+02
1.911387E+02  1.289061E+02  4.337470E+02  1.249192E+02
1.907176E+02  1.285319E+02  4.331144E+02  1.249396E+02
1.903536E+02  1.282086E+02  4.325674E+02  1.249564E+02
1.901649E+02  1.280411E+02  4.322837E+02  1.249648E+02
1.899710E+02  1.278690E+02  4.319924E+02  1.249732E+02
1.897075E+02  1.276355E+02  4.315966E+02  1.249842E+02
1.895460E+02  1.274923E+02  4.313540E+02  1.249908E+02
1.893808E+02  1.273460E+02  4.311058E+02  1.249974E+02
1.891561E+02  1.271470E+02  4.307680E+02  1.250060E+02
1.889234E+02  1.269411E+02  4.304186E+02  1.250147E+02
1.886839E+02  1.267292E+02  4.300587E+02  1.250233E+02
1.884743E+02  1.265439E+02  4.297437E+02  1.250306E+02
1.882608E+02  1.263553E+02  4.294230E+02  1.250377E+02
1.880395E+02  1.261599E+02  4.290907E+02  1.250448E+02
1.875425E+02  1.257214E+02  4.283444E+02  1.250598E+02
1.868818E+02  1.251392E+02  4.273519E+02  1.250776E+02
1.866414E+02  1.249276E+02  4.269909E+02  1.250835E+02
1.863859E+02  1.247029E+02  4.266071E+02  1.250893E+02
1.862082E+02  1.245467E+02  4.263404E+02  1.250932E+02
1.860215E+02  1.243826E+02  4.260600E+02  1.250971E+02
1.858795E+02  1.242579E+02  4.258468E+02  1.250999E+02
1.857319E+02  1.241282E+02  4.256250E+02  1.251028E+02
1.855425E+02  1.239619E+02  4.253406E+02  1.251062E+02
1.853407E+02  1.237849E+02  4.250376E+02  1.251097E+02
1.852282E+02  1.236862E+02  4.248687E+02  1.251115E+02
1.851117E+02  1.235841E+02  4.246939E+02  1.251134E+02
1.849243E+02  1.234199E+02  4.244126E+02  1.251161E+02
1.847241E+02  1.232445E+02  4.241121E+02  1.251189E+02
1.843108E+02  1.228827E+02  4.234916E+02  1.251240E+02
1.841927E+02  1.227794E+02  4.233144E+02  1.251252E+02
1.840668E+02  1.226693E+02  4.231256E+02  1.251265E+02
