# HSM/GeV  HNSM/GeV  HS/GeV  T/GeV
-2.354788E-01  -4.589106E-03  8.112738E+02  1.539066E+02
-1.544241E-01  -3.044017E-03  8.110849E+02  1.540159E+02
-1.583542E-01  -3.131945E-03  8.109116E+02  1.541165E+02
-1.827061E-01  -3.655411E-03  8.108617E+02  1.541451E+02
-1.757141E-01  -3.509743E-03  8.108119E+02  1.541737E+02
-1.566035E-01  -3.131461E-03  8.107713E+02  1.541972E+02
-1.500931E-01  -3.039341E-03  8.107302E+02  1.542207E+02
-1.457369E-01  -2.930347E-03  8.107230E+02  1.542248E+02
-1.439565E-01  -2.892048E-03  8.107163E+02  1.542289E+02
-1.415906E-01  -2.816585E-03  8.107016E+02  1.542372E+02
-8.346407E-02  -1.694673E-03  8.106444E+02  1.542703E+02
-8.180662E-02  -1.671691E-03  8.106348E+02  1.542757E+02
-7.855662E-02  -1.598038E-03  8.106256E+02  1.542812E+02
-6.776554E-02  -1.425979E-03  8.105499E+02  1.543247E+02
-3.007736E-02  -5.890383E-04  8.102479E+02  1.544980E+02
2.562344E-02  5.723360E-04  8.099955E+02  1.546425E+02
2.360633E-02  4.954528E-04  8.098406E+02  1.547305E+02
1.983981E-02  4.464759E-04  8.096862E+02  1.548186E+02
1.957025E-02  4.197439E-04  8.093949E+02  1.549846E+02
2.167605E-03  4.359253E-05  8.092185E+02  1.550846E+02
-1.529743E-02  -3.307115E-04  8.090421E+02  1.551846E+02
-2.086185E-02  -4.692282E-04  8.087339E+02  1.553587E+02
3.613438E-03  4.133026E-05  8.084409E+02  1.555238E+02
-1.146886E-02  -2.605967E-04  8.081461E+02  1.556893E+02
1.917652E-02  3.983463E-04  8.078606E+02  1.558488E+02
2.203893E-02  4.831462E-04  8.075561E+02  1.560190E+02
1.560848E-02  3.723725E-04  8.072349E+02  1.561974E+02
5.291675E-03  1.495770E-04  8.069293E+02  1.563672E+02
-6.461743E-03  -1.061999E-04  8.066219E+02  1.565372E+02
-3.388951E-03  -4.641193E-05  8.063092E+02  1.567091E+02
-1.274657E-02  -2.601265E-04  8.060024E+02  1.568779E+02
-8.526564E-03  -1.798316E-04  8.056937E+02  1.570467E+02
-2.439803E-02  -5.502887E-04  8.053879E+02  1.572139E+02
-2.853585E-02  -6.783617E-04  8.050708E+02  1.573863E+02
-3.294531E-02  -8.238730E-04  8.047576E+02  1.575561E+02
-2.563088E-02  -7.023882E-04  8.044468E+02  1.577245E+02
-2.046020E-02  -5.584515E-04  8.041319E+02  1.578939E+02
-8.589724E-03  -2.883816E-04  8.038142E+02  1.580647E+02
-9.717305E-03  -2.996183E-04  8.034902E+02  1.582383E+02
-1.374434E-03  -1.111319E-04  8.031730E+02  1.584080E+02
4.011365E-03  1.005603E-05  8.028545E+02  1.585776E+02
-2.633180E-03  -1.345855E-04  8.025372E+02  1.587456E+02
-1.867724E-03  -1.149087E-04  8.022229E+02  1.589123E+02
-5.163735E-03  -1.832082E-04  8.019014E+02  1.590815E+02
-1.173969E-03  -9.220513E-05  8.015878E+02  1.592468E+02
-5.812423E-04  -7.714605E-05  8.012703E+02  1.594129E+02
-2.089908E-03  -1.080051E-04  8.009573E+02  1.595765E+02
-3.559299E-03  -1.381830E-04  8.006442E+02  1.597396E+02
-2.801436E-03  -1.146455E-04  8.003234E+02  1.599063E+02
-1.024655E-03  -7.170825E-05  8.000051E+02  1.600714E+02
-9.675352E-04  -6.869829E-05  7.996828E+02  1.602378E+02
6.557619E-04  -3.002741E-05  7.993646E+02  1.604016E+02
-1.667807E-03  -7.896701E-05  7.990420E+02  1.605672E+02
1.367051E-03  -8.421752E-06  7.987215E+02  1.607312E+02
3.779121E-03  5.281585E-05  7.984027E+02  1.608937E+02
2.802928E-03  3.279285E-05  7.980834E+02  1.610562E+02
4.361028E-03  7.416508E-05  7.977605E+02  1.612198E+02
8.424334E-03  1.809503E-04  7.974388E+02  1.613824E+02
1.056585E-02  2.449247E-04  7.971194E+02  1.615434E+02
1.065850E-02  2.646687E-04  7.968007E+02  1.617035E+02
1.178183E-02  3.021378E-04  7.964841E+02  1.618622E+02
6.797091E-03  1.926086E-04  7.961622E+02  1.620230E+02
7.264000E-03  2.143155E-04  7.958415E+02  1.621824E+02
8.890920E-03  2.667965E-04  7.955240E+02  1.623401E+02
7.399258E-03  2.430792E-04  7.951990E+02  1.625010E+02
1.256466E-02  3.946037E-04  7.948747E+02  1.626614E+02
1.542436E-02  4.877386E-04  7.945479E+02  1.628223E+02
9.132217E-03  3.210343E-04  7.942239E+02  1.629809E+02
1.110202E-02  3.840572E-04  7.939048E+02  1.631373E+02
9.294883E-03  3.683394E-04  7.935739E+02  1.632988E+02
7.950110E-03  3.236874E-04  7.932474E+02  1.634576E+02
9.361059E-03  3.431978E-04  7.929148E+02  1.636189E+02
1.078147E-02  4.027662E-04  7.925767E+02  1.637821E+02
8.559285E-03  3.315675E-04  7.922473E+02  1.639412E+02
9.333165E-03  3.359398E-04  7.919149E+02  1.641007E+02
5.124276E-03  2.220269E-04  7.915871E+02  1.642581E+02
4.092939E-04  9.697974E-05  7.912618E+02  1.644133E+02
-1.457381E-03  5.256372E-05  7.909425E+02  1.645654E+02
-3.683025E-03  -8.256406E-06  7.906147E+02  1.647215E+02
-2.192671E-03  2.705641E-05  7.902818E+02  1.648788E+02
-5.475427E-04  6.929555E-05  7.899569E+02  1.650323E+02
-6.103784E-04  6.712877E-05  7.896320E+02  1.651854E+02
1.965372E-03  1.291699E-04  7.892986E+02  1.653422E+02
4.570838E-03  1.870128E-04  7.889643E+02  1.654985E+02
5.809688E-03  2.342609E-04  7.886337E+02  1.656529E+02
8.691599E-03  3.267359E-04  7.883025E+02  1.658071E+02
7.951656E-03  3.283401E-04  7.879740E+02  1.659598E+02
6.808318E-03  2.857887E-04  7.876449E+02  1.661120E+02
5.043600E-03  2.294271E-04  7.873144E+02  1.662645E+02
3.829090E-03  1.890098E-04  7.869883E+02  1.664149E+02
4.889332E-03  2.032791E-04  7.866609E+02  1.665649E+02
3.981118E-03  1.690563E-04  7.863403E+02  1.667120E+02
6.359830E-03  2.520204E-04  7.860059E+02  1.668644E+02
1.139141E-02  4.114482E-04  7.856779E+02  1.670139E+02
1.071340E-02  4.203878E-04  7.853425E+02  1.671659E+02
1.225051E-02  4.889071E-04  7.850103E+02  1.673165E+02
1.296132E-02  5.385223E-04  7.846748E+02  1.674677E+02
1.208869E-02  5.438926E-04  7.843477E+02  1.676152E+02
1.236468E-02  5.321066E-04  7.840176E+02  1.677632E+02
1.216210E-02  4.953971E-04  7.836843E+02  1.679123E+02
1.017120E-02  4.603789E-04  7.833529E+02  1.680605E+02
1.041748E-02  4.437022E-04  7.830035E+02  1.682159E+02
1.062267E-02  4.897929E-04  7.826685E+02  1.683647E+02
1.156905E-02  5.432363E-04  7.823332E+02  1.685132E+02
1.280102E-02  5.550037E-04  7.819957E+02  1.686621E+02
1.237498E-02  5.092487E-04  7.816516E+02  1.688133E+02
1.335368E-02  5.681744E-04  7.813091E+02  1.689636E+02
1.317149E-02  6.046080E-04  7.809752E+02  1.691099E+02
1.352651E-02  5.870666E-04  7.806428E+02  1.692551E+02
1.221807E-02  5.913966E-04  7.803025E+02  1.694032E+02
1.320529E-02  5.766850E-04  7.799811E+02  1.695426E+02
1.195736E-02  5.682358E-04  7.796608E+02  1.696811E+02
1.032087E-02  4.976583E-04  7.793252E+02  1.698262E+02
9.750764E-03  4.615476E-04  7.789887E+02  1.699712E+02
9.401489E-03  4.298797E-04  7.786462E+02  1.701180E+02
8.522906E-03  3.813751E-04  7.783031E+02  1.702650E+02
8.179539E-03  4.004601E-04  7.779664E+02  1.704087E+02
7.500816E-03  3.658007E-04  7.776319E+02  1.705512E+02
9.281743E-03  4.414593E-04  7.772899E+02  1.706964E+02
9.277675E-03  4.111743E-04  7.769515E+02  1.708400E+02
8.160495E-03  4.030404E-04  7.766122E+02  1.709831E+02
5.799013E-03  3.146133E-04  7.762676E+02  1.711283E+02
7.283333E-03  3.369810E-04  7.759223E+02  1.712736E+02
7.499808E-03  3.673593E-04  7.755789E+02  1.714173E+02
9.548735E-03  4.666613E-04  7.752419E+02  1.715583E+02
1.088641E-02  5.444829E-04  7.749022E+02  1.716999E+02
1.100020E-02  5.117482E-04  7.745629E+02  1.718406E+02
9.696130E-03  4.549404E-04  7.742289E+02  1.719790E+02
1.145699E-02  5.444899E-04  7.738785E+02  1.721239E+02
1.112778E-02  5.762081E-04  7.735296E+02  1.722677E+02
1.031703E-02  5.178957E-04  7.731834E+02  1.724103E+02
1.094564E-02  5.117415E-04  7.728446E+02  1.725489E+02
1.190397E-02  5.654235E-04  7.725135E+02  1.726844E+02
1.193557E-02  6.110271E-04  7.721673E+02  1.728257E+02
1.233045E-02  6.714570E-04  7.718218E+02  1.729663E+02
1.339324E-02  6.232550E-04  7.714768E+02  1.731061E+02
1.553409E-04  8.804539E-06  7.711342E+02  1.732449E+02
-1.761066E-03  -5.080329E-05  7.707938E+02  1.733822E+02
-2.885937E-03  -9.541451E-05  7.704434E+02  1.735232E+02
-4.943918E-03  -1.734871E-04  7.700934E+02  1.736637E+02
-4.445149E-03  -1.702901E-04  7.697369E+02  1.738062E+02
-3.442316E-03  -1.462603E-04  7.693903E+02  1.739446E+02
-4.312799E-03  -1.874347E-04  7.690429E+02  1.740828E+02
-5.768783E-03  -2.494784E-04  7.686939E+02  1.742215E+02
-2.900010E-03  -1.514799E-04  7.683443E+02  1.743601E+02
-2.195369E-03  -1.231026E-04  7.680010E+02  1.744957E+02
-2.560911E-03  -1.295875E-04  7.676608E+02  1.746297E+02
-1.439506E-03  -9.371101E-05  7.673090E+02  1.747677E+02
-3.057434E-03  -1.578783E-04  7.669685E+02  1.749013E+02
-3.728874E-03  -1.919691E-04  7.666267E+02  1.750350E+02
-3.626189E-03  -1.842690E-04  7.662767E+02  1.751712E+02
-3.577432E-03  -1.933547E-04  7.659315E+02  1.753056E+02
-3.003818E-03  -1.668311E-04  7.655822E+02  1.754411E+02
-4.108514E-03  -2.123313E-04  7.652390E+02  1.755736E+02
-2.662008E-03  -1.627992E-04  7.649005E+02  1.757042E+02
-3.391534E-03  -1.965404E-04  7.645545E+02  1.758376E+02
-4.929121E-03  -2.576583E-04  7.642080E+02  1.759705E+02
-3.682709E-03  -2.042469E-04  7.638471E+02  1.761087E+02
-3.723483E-03  -1.983271E-04  7.634967E+02  1.762425E+02
-3.500036E-03  -2.034728E-04  7.631486E+02  1.763750E+02
-4.198996E-03  -2.441256E-04  7.627975E+02  1.765084E+02
-4.635742E-03  -2.737070E-04  7.624423E+02  1.766430E+02
-5.500398E-03  -3.242486E-04  7.620887E+02  1.767766E+02
-5.744583E-03  -3.096777E-04  7.617288E+02  1.769122E+02
-5.790601E-03  -3.283286E-04  7.613815E+02  1.770425E+02
-6.623626E-03  -3.746165E-04  7.610389E+02  1.771710E+02
-5.725927E-03  -3.312864E-04  7.606892E+02  1.773020E+02
-6.956636E-03  -3.982760E-04  7.603385E+02  1.774325E+02
-8.170542E-03  -4.677166E-04  7.599891E+02  1.775628E+02
-6.836782E-03  -4.038923E-04  7.596343E+02  1.776942E+02
-7.291872E-03  -4.494304E-04  7.592853E+02  1.778237E+02
-7.783966E-03  -4.378546E-04  7.589329E+02  1.779537E+02
-8.297605E-03  -4.849283E-04  7.585808E+02  1.780832E+02
-8.383247E-03  -5.074911E-04  7.582382E+02  1.782092E+02
-7.838287E-03  -4.613319E-04  7.578946E+02  1.783349E+02
-7.592182E-03  -4.323474E-04  7.575457E+02  1.784623E+02
-8.495455E-03  -4.953059E-04  7.571976E+02  1.785892E+02
-8.728510E-03  -5.418054E-04  7.568403E+02  1.787195E+02
-8.005010E-03  -4.874716E-04  7.564759E+02  1.788517E+02
-8.536974E-03  -4.838248E-04  7.561249E+02  1.789786E+02
-7.569348E-03  -4.340837E-04  7.557771E+02  1.791041E+02
-7.042655E-03  -4.415009E-04  7.554162E+02  1.792340E+02
-7.979087E-03  -4.527906E-04  7.550568E+02  1.793631E+02
-8.556430E-03  -5.026200E-04  7.546987E+02  1.794913E+02
-8.438427E-03  -5.282924E-04  7.543409E+02  1.796189E+02
-8.921381E-03  -5.124625E-04  7.539841E+02  1.797463E+02
-9.491166E-03  -5.636513E-04  7.536203E+02  1.798753E+02
-9.114145E-03  -5.310621E-04  7.532663E+02  1.800010E+02
-8.892027E-03  -5.590151E-04  7.529092E+02  1.801273E+02
-9.770603E-03  -5.653127E-04  7.525440E+02  1.802561E+02
-8.541362E-03  -5.560888E-04  7.521740E+02  1.803862E+02
-8.637541E-03  -5.397052E-04  7.518013E+02  1.805169E+02
-8.634727E-03  -5.158301E-04  7.514343E+02  1.806451E+02
-8.485993E-03  -5.452113E-04  7.510744E+02  1.807709E+02
-7.721252E-03  -4.738689E-04  7.507129E+02  1.808967E+02
-7.980755E-03  -4.617729E-04  7.503607E+02  1.810191E+02
-8.742828E-03  -5.190320E-04  7.500091E+02  1.811409E+02
-7.930723E-03  -4.585309E-04  7.496554E+02  1.812631E+02
-7.229644E-03  -4.614480E-04  7.493035E+02  1.813842E+02
-7.620589E-03  -4.522324E-04  7.489407E+02  1.815092E+02
-7.581870E-03  -4.807649E-04  7.485734E+02  1.816349E+02
-7.878733E-03  -5.150488E-04  7.482129E+02  1.817584E+02
-7.856922E-03  -4.928412E-04  7.478588E+02  1.818791E+02
-7.400369E-03  -4.587403E-04  7.475114E+02  1.819975E+02
-7.636913E-03  -4.929721E-04  7.471451E+02  1.821218E+02
-6.337149E-03  -4.232448E-04  7.467859E+02  1.822437E+02
-6.451360E-03  -4.043733E-04  7.464180E+02  1.823679E+02
-6.636474E-03  -4.357620E-04  7.460531E+02  1.824909E+02
-7.522238E-03  -4.985518E-04  7.456893E+02  1.826132E+02
-8.313306E-03  -5.612446E-04  7.453259E+02  1.827348E+02
-8.489549E-03  -5.338883E-04  7.449686E+02  1.828545E+02
-8.728654E-03  -5.733612E-04  7.445994E+02  1.829776E+02
-9.074675E-03  -6.313289E-04  7.442350E+02  1.830987E+02
-9.651272E-03  -6.244455E-04  7.438686E+02  1.832208E+02
-9.663567E-03  -5.966072E-04  7.434966E+02  1.833437E+02
-8.644357E-03  -5.877797E-04  7.431370E+02  1.834627E+02
-9.823912E-03  -6.025808E-04  7.427744E+02  1.835820E+02
-8.723832E-03  -5.403957E-04  7.424094E+02  1.837020E+02
-7.413552E-03  -5.203007E-04  7.420445E+02  1.838216E+02
-7.697595E-03  -5.034160E-04  7.416786E+02  1.839415E+02
-6.618374E-03  -4.413588E-04  7.413114E+02  1.840613E+02
-7.055394E-03  -4.883676E-04  7.409433E+02  1.841809E+02
-7.452140E-03  -4.788233E-04  7.405808E+02  1.842986E+02
-6.843347E-03  -4.802184E-04  7.402185E+02  1.844159E+02
-7.474368E-03  -4.834151E-04  7.398625E+02  1.845309E+02
-6.532173E-03  -4.731576E-04  7.395087E+02  1.846451E+02
-6.145832E-03  -4.357187E-04  7.391360E+02  1.847649E+02
-6.894136E-03  -4.941610E-04  7.387983E+02  1.848731E+02
-6.999345E-03  -4.807526E-04  7.384632E+02  1.849805E+02
-4.987977E-03  -3.801029E-04  7.380914E+02  1.850992E+02
-4.851094E-03  -3.641285E-04  7.377203E+02  1.852173E+02
-6.414525E-03  -4.086690E-04  7.373524E+02  1.853343E+02
-6.878244E-03  -4.557216E-04  7.369756E+02  1.854535E+02
-7.655455E-03  -5.180896E-04  7.366058E+02  1.855706E+02
-7.005386E-03  -4.590577E-04  7.362334E+02  1.856880E+02
-6.338246E-03  -4.554107E-04  7.358684E+02  1.858027E+02
-6.770315E-03  -4.962781E-04  7.355105E+02  1.859150E+02
-7.910469E-03  -5.099938E-04  7.351530E+02  1.860270E+02
-8.163536E-03  -5.692670E-04  7.347793E+02  1.861439E+02
-8.442008E-03  -5.601418E-04  7.343937E+02  1.862637E+02
-7.857100E-03  -5.138855E-04  7.340223E+02  1.863793E+02
-8.191468E-03  -5.593646E-04  7.336471E+02  1.864956E+02
-8.644939E-03  -6.107581E-04  7.332813E+02  1.866085E+02
-8.706027E-03  -5.865615E-04  7.329277E+02  1.867176E+02
-7.850756E-03  -5.812286E-04  7.325759E+02  1.868258E+02
-7.567741E-03  -5.430838E-04  7.322261E+02  1.869332E+02
-7.685382E-03  -5.197310E-04  7.318633E+02  1.870444E+02
-7.806807E-03  -5.554826E-04  7.315016E+02  1.871551E+02
-7.281553E-03  -5.119725E-04  7.311287E+02  1.872687E+02
-8.701280E-03  -6.055018E-04  7.307570E+02  1.873816E+02
-8.398613E-03  -6.247198E-04  7.303872E+02  1.874938E+02
-8.804524E-03  -6.111594E-04  7.300240E+02  1.876039E+02
-9.144065E-03  -6.577426E-04  7.296601E+02  1.877136E+02
-9.549155E-03  -7.238501E-04  7.292998E+02  1.878224E+02
-9.489092E-03  -6.680402E-04  7.289237E+02  1.879351E+02
-9.562991E-03  -7.057353E-04  7.285493E+02  1.880473E+02
-9.365079E-03  -6.715545E-04  7.281779E+02  1.881586E+02
-9.463098E-03  -7.271638E-04  7.278054E+02  1.882697E+02
-1.020741E-02  -7.356411E-04  7.274268E+02  1.883821E+02
-1.007601E-02  -7.709009E-04  7.270576E+02  1.884917E+02
-1.026886E-02  -7.339748E-04  7.266881E+02  1.886013E+02
-1.069173E-02  -7.867057E-04  7.263156E+02  1.887112E+02
-9.578536E-03  -7.037225E-04  7.259497E+02  1.888192E+02
-7.902429E-03  -6.117111E-04  7.255685E+02  1.889312E+02
-8.845731E-03  -6.080308E-04  7.251923E+02  1.890417E+02
-9.259858E-03  -6.561046E-04  7.248176E+02  1.891512E+02
-8.636840E-03  -6.639756E-04  7.244475E+02  1.892593E+02
-8.826540E-03  -6.480223E-04  7.240901E+02  1.893631E+02
-8.500490E-03  -7.056833E-04  7.237393E+02  1.894651E+02
-8.635822E-03  -6.860579E-04  7.233737E+02  1.895711E+02
-9.528530E-03  -6.968711E-04  7.230114E+02  1.896759E+02
-1.063875E-02  -7.757218E-04  7.226382E+02  1.897834E+02
-1.048015E-02  -7.365844E-04  7.222712E+02  1.898890E+02
-9.698572E-03  -7.718155E-04  7.218989E+02  1.899961E+02
-9.643753E-03  -7.461872E-04  7.215235E+02  1.901036E+02
-9.862620E-03  -7.149964E-04  7.211529E+02  1.902095E+02
-8.712619E-03  -6.420456E-04  7.207685E+02  1.903191E+02
-8.691818E-03  -6.786452E-04  7.203842E+02  1.904284E+02
-8.992479E-03  -6.725052E-04  7.200141E+02  1.905333E+02
-8.756458E-03  -6.982663E-04  7.196476E+02  1.906370E+02
-9.785953E-03  -7.120900E-04  7.192704E+02  1.907435E+02
-9.959010E-03  -7.542563E-04  7.188932E+02  1.908496E+02
-9.974918E-03  -7.292944E-04  7.185267E+02  1.909525E+02
-3.090614E-04  -1.900746E-05  7.181610E+02  1.910550E+02
-3.429493E-04  -2.350377E-05  7.177797E+02  1.911618E+02
5.016369E-04  1.234501E-05  7.173970E+02  1.912686E+02
9.966321E-04  3.921977E-05  7.170205E+02  1.913734E+02
6.579927E-04  2.449649E-05  7.166466E+02  1.914771E+02
8.608652E-04  3.805222E-05  7.162659E+02  1.915825E+02
1.457161E-03  7.303247E-05  7.158855E+02  1.916876E+02
5.499121E-04  2.966741E-05  7.155110E+02  1.917908E+02
1.085737E-03  5.651347E-05  7.151400E+02  1.918930E+02
1.780660E-03  9.409971E-05  7.147579E+02  1.919978E+02
2.035588E-03  1.150055E-04  7.143749E+02  1.921026E+02
1.740849E-03  1.074115E-04  7.139970E+02  1.922056E+02
2.170245E-03  1.427716E-04  7.136243E+02  1.923073E+02
2.952983E-03  1.871076E-04  7.132390E+02  1.924120E+02
3.158752E-03  2.082578E-04  7.128586E+02  1.925152E+02
1.807820E-03  1.356885E-04  7.124642E+02  1.926216E+02
1.667704E-03  1.325419E-04  7.120949E+02  1.927214E+02
1.660464E-03  1.288241E-04  7.117227E+02  1.928214E+02
1.139016E-03  1.010727E-04  7.113474E+02  1.929223E+02
1.861958E-03  1.394402E-04  7.109690E+02  1.930235E+02
2.829654E-03  1.984857E-04  7.105768E+02  1.931285E+02
2.400525E-03  1.859538E-04  7.101970E+02  1.932296E+02
3.040983E-03  2.282271E-04  7.098239E+02  1.933288E+02
2.967107E-03  2.371353E-04  7.094400E+02  1.934307E+02
3.299276E-03  2.630166E-04  7.090528E+02  1.935333E+02
3.051054E-03  2.467906E-04  7.086660E+02  1.936354E+02
2.754408E-03  2.235236E-04  7.082888E+02  1.937347E+02
1.354413E-03  1.492469E-04  7.079141E+02  1.938331E+02
1.118135E-03  1.368945E-04  7.075417E+02  1.939307E+02
1.862174E-03  1.645552E-04  7.071698E+02  1.940279E+02
1.919049E-03  1.610155E-04  7.067818E+02  1.941293E+02
1.243315E-03  1.184425E-04  7.063948E+02  1.942299E+02
1.587034E-03  1.278990E-04  7.060156E+02  1.943284E+02
1.558384E-03  1.318369E-04  7.056379E+02  1.944263E+02
1.307130E-03  1.133647E-04  7.052632E+02  1.945232E+02
7.837095E-04  8.422624E-05  7.048809E+02  1.946218E+02
1.109216E-03  9.812008E-05  7.044967E+02  1.947205E+02
5.593210E-04  6.897537E-05  7.041185E+02  1.948177E+02
1.442487E-03  1.203160E-04  7.037380E+02  1.949151E+02
1.613599E-03  1.354293E-04  7.033424E+02  1.950161E+02
2.591659E-03  1.927248E-04  7.029744E+02  1.951099E+02
2.462555E-03  1.976797E-04  7.026084E+02  1.952030E+02
2.883451E-03  2.269286E-04  7.022279E+02  1.952993E+02
4.014931E-03  3.016884E-04  7.018450E+02  1.953964E+02
3.895704E-03  3.097762E-04  7.014619E+02  1.954929E+02
4.540250E-03  3.571699E-04  7.010920E+02  1.955862E+02
3.904491E-03  3.144813E-04  7.007192E+02  1.956799E+02
5.651858E-03  4.226901E-04  7.003439E+02  1.957738E+02
5.955907E-03  4.657891E-04  6.999730E+02  1.958666E+02
5.891752E-03  4.818805E-04  6.995860E+02  1.959633E+02
5.717511E-03  4.998057E-04  6.991913E+02  1.960613E+02
5.000325E-03  4.461664E-04  6.988117E+02  1.961557E+02
3.947952E-03  3.823304E-04  6.984521E+02  1.962448E+02
3.990449E-03  3.670470E-04  6.980963E+02  1.963328E+02
3.933773E-03  3.422441E-04  6.976992E+02  1.964308E+02
3.998794E-03  3.321083E-04  6.973073E+02  1.965272E+02
4.092785E-03  3.551338E-04  6.969185E+02  1.966226E+02
3.447401E-03  3.117011E-04  6.965373E+02  1.967158E+02
3.988579E-03  3.253225E-04  6.961618E+02  1.968077E+02
4.052023E-03  3.427759E-04  6.957692E+02  1.969034E+02
4.326310E-03  3.831546E-04  6.953829E+02  1.969974E+02
4.051112E-03  3.545811E-04  6.949974E+02  1.970907E+02
3.675772E-03  3.271639E-04  6.946098E+02  1.971846E+02
3.745371E-03  3.250583E-04  6.942169E+02  1.972793E+02
3.429371E-03  2.924746E-04  6.938280E+02  1.973730E+02
3.222223E-03  2.748237E-04  6.934407E+02  1.974660E+02
3.019768E-03  2.574365E-04  6.930603E+02  1.975573E+02
3.562468E-03  2.988164E-04  6.926797E+02  1.976482E+02
3.398581E-03  2.997961E-04  6.922873E+02  1.977419E+02
3.513335E-03  3.139927E-04  6.918880E+02  1.978368E+02
3.447362E-03  2.975407E-04  6.915063E+02  1.979274E+02
2.958828E-03  2.603358E-04  6.911248E+02  1.980178E+02
2.935214E-03  2.722046E-04  6.907499E+02  1.981064E+02
2.725925E-03  2.534236E-04  6.903779E+02  1.981942E+02
2.288940E-03  2.158513E-04  6.899775E+02  1.982882E+02
2.482620E-03  2.230824E-04  6.895954E+02  1.983780E+02
3.041977E-03  2.647693E-04  6.892104E+02  1.984680E+02
3.126534E-03  2.892521E-04  6.888309E+02  1.985568E+02
3.467645E-03  3.252426E-04  6.884481E+02  1.986458E+02
4.063463E-03  3.691245E-04  6.880754E+02  1.987325E+02
4.699830E-03  4.268919E-04  6.877031E+02  1.988190E+02
4.751118E-03  4.430050E-04  6.873220E+02  1.989071E+02
5.037501E-03  4.422637E-04  6.869454E+02  1.989940E+02
5.253358E-03  4.716740E-04  6.865664E+02  1.990814E+02
5.897313E-03  5.296893E-04  6.861696E+02  1.991725E+02
5.489850E-03  4.861276E-04  6.857649E+02  1.992653E+02
6.077427E-03  5.380278E-04  6.853532E+02  1.993593E+02
6.473019E-03  5.858485E-04  6.849746E+02  1.994457E+02
6.328111E-03  5.426512E-04  6.845930E+02  1.995326E+02
6.001965E-03  5.480276E-04  6.842111E+02  1.996193E+02
5.548581E-03  5.050561E-04  6.838298E+02  1.997057E+02
5.201187E-03  4.752170E-04  6.834464E+02  1.997922E+02
4.986821E-03  4.476170E-04  6.830604E+02  1.998793E+02
5.213470E-03  4.867437E-04  6.826628E+02  1.999687E+02
5.513257E-03  5.226686E-04  6.822713E+02  2.000564E+02
6.049716E-03  5.363972E-04  6.818855E+02  2.001429E+02
6.537228E-03  5.877690E-04  6.814804E+02  2.002333E+02
6.802105E-03  6.253550E-04  6.810896E+02  2.003204E+02
6.748544E-03  6.018530E-04  6.807012E+02  2.004067E+02
6.213175E-03  5.994890E-04  6.803144E+02  2.004923E+02
6.671293E-03  6.020549E-04  6.799335E+02  2.005767E+02
6.671748E-03  6.277002E-04  6.795394E+02  2.006637E+02
7.146083E-03  6.836943E-04  6.791489E+02  2.007496E+02
7.590335E-03  6.745972E-04  6.787597E+02  2.008350E+02
6.858866E-03  6.572623E-04  6.783739E+02  2.009196E+02
7.389968E-03  6.682009E-04  6.779817E+02  2.010052E+02
6.905428E-03  6.606790E-04  6.775956E+02  2.010893E+02
7.276782E-03  6.494737E-04  6.772021E+02  2.011750E+02
7.113882E-03  6.798166E-04  6.768131E+02  2.012595E+02
6.652218E-03  6.311088E-04  6.764247E+02  2.013435E+02
6.874969E-03  6.664071E-04  6.760359E+02  2.014275E+02
6.350743E-03  6.119732E-04  6.756452E+02  2.015117E+02
6.433071E-03  5.977701E-04  6.752555E+02  2.015955E+02
6.666397E-03  6.391605E-04  6.748687E+02  2.016783E+02
7.250927E-03  6.959697E-04  6.744731E+02  2.017629E+02
7.255850E-03  6.731417E-04  6.740998E+02  2.018427E+02
7.445186E-03  7.294243E-04  6.737260E+02  2.019223E+02
7.020764E-03  6.734654E-04  6.733345E+02  2.020054E+02
7.675870E-03  7.424666E-04  6.729447E+02  2.020881E+02
7.977832E-03  7.854400E-04  6.725381E+02  2.021741E+02
7.911088E-03  7.584822E-04  6.721546E+02  2.022549E+02
7.526589E-03  7.085218E-04  6.717739E+02  2.023349E+02
7.538874E-03  7.366228E-04  6.713841E+02  2.024169E+02
6.462533E-03  6.404271E-04  6.709835E+02  2.025008E+02
6.481517E-03  6.240553E-04  6.705776E+02  2.025856E+02
6.837538E-03  6.796603E-04  6.701748E+02  2.026694E+02
6.837126E-03  6.540914E-04  6.697826E+02  2.027509E+02
6.397974E-03  5.995549E-04  6.693912E+02  2.028321E+02
6.923246E-03  6.540551E-04  6.689764E+02  2.029179E+02
6.350772E-03  6.403230E-04  6.685694E+02  2.030020E+02
6.492009E-03  6.255248E-04  6.681633E+02  2.030857E+02
6.949276E-03  6.783285E-04  6.677544E+02  2.031696E+02
6.190902E-03  6.189567E-04  6.673396E+02  2.032545E+02
6.496823E-03  6.202940E-04  6.669458E+02  2.033350E+02
6.418475E-03  6.525427E-04  6.665510E+02  2.034155E+02
6.836315E-03  6.580840E-04  6.661468E+02  2.034976E+02
6.600606E-03  6.664206E-04  6.657487E+02  2.035783E+02
6.309059E-03  6.293884E-04  6.653519E+02  2.036587E+02
6.518123E-03  6.630945E-04  6.649674E+02  2.037362E+02
6.970850E-03  6.704603E-04  6.645904E+02  2.038121E+02
6.901468E-03  7.078617E-04  6.641995E+02  2.038908E+02
6.042614E-03  6.340231E-04  6.637961E+02  2.039715E+02
6.099595E-03  6.124143E-04  6.634030E+02  2.040501E+02
5.991950E-03  5.902592E-04  6.630113E+02  2.041282E+02
5.930584E-03  5.638246E-04  6.626225E+02  2.042056E+02
6.203669E-03  6.023525E-04  6.622236E+02  2.042848E+02
5.924604E-03  6.023682E-04  6.618280E+02  2.043631E+02
5.738474E-04  1.104730E-05  6.614345E+02  2.044409E+02
6.822493E-04  1.345645E-05  6.610271E+02  2.045213E+02
4.028292E-04  -5.888411E-06  6.606169E+02  2.046019E+02
8.869836E-04  3.021052E-05  6.602286E+02  2.046780E+02
8.628912E-04  3.168062E-05  6.598438E+02  2.047533E+02
1.570253E-03  8.699901E-05  6.594600E+02  2.048281E+02
1.705805E-03  1.059382E-04  6.590618E+02  2.049056E+02
1.686416E-03  1.106930E-04  6.586463E+02  2.049863E+02
1.200846E-03  8.324815E-05  6.582399E+02  2.050650E+02
1.809143E-03  1.246698E-04  6.578361E+02  2.051431E+02
1.932906E-03  1.384411E-04  6.574420E+02  2.052192E+02
1.497341E-03  1.205102E-04  6.570478E+02  2.052950E+02
8.695545E-04  8.678184E-05  6.566431E+02  2.053725E+02
8.180804E-04  8.504431E-05  6.562457E+02  2.054485E+02
7.603533E-04  8.010173E-05  6.558487E+02  2.055243E+02
9.546539E-04  9.497277E-05  6.554413E+02  2.056020E+02
6.656387E-04  7.422234E-05  6.550549E+02  2.056754E+02
-1.331612E-06  2.955041E-05  6.546737E+02  2.057476E+02
3.167580E-04  4.756184E-05  6.542549E+02  2.058268E+02
1.442227E-03  1.266196E-04  6.538374E+02  2.059055E+02
1.180453E-03  1.114253E-04  6.534272E+02  2.059826E+02
1.195217E-03  1.184764E-04  6.530275E+02  2.060577E+02
1.177779E-03  1.186307E-04  6.526394E+02  2.061303E+02
1.662362E-03  1.588831E-04  6.522562E+02  2.062018E+02
1.884413E-03  1.755875E-04  6.518365E+02  2.062799E+02
1.541163E-03  1.583156E-04  6.514178E+02  2.063577E+02
1.461130E-03  1.577236E-04  6.510286E+02  2.064299E+02
1.426914E-03  1.501205E-04  6.506398E+02  2.065018E+02
1.742712E-03  1.796148E-04  6.502434E+02  2.065748E+02
1.467074E-03  1.507574E-04  6.498524E+02  2.066467E+02
1.833060E-03  1.801107E-04  6.494461E+02  2.067213E+02
1.860902E-03  1.857173E-04  6.490586E+02  2.067922E+02
1.926546E-03  2.016451E-04  6.486745E+02  2.068625E+02
1.745542E-03  1.868238E-04  6.482718E+02  2.069357E+02
1.659768E-03  1.777447E-04  6.478792E+02  2.070072E+02
1.583649E-03  1.681610E-04  6.474708E+02  2.070811E+02
1.653945E-03  1.769992E-04  6.470764E+02  2.071525E+02
1.568917E-03  1.680781E-04  6.466800E+02  2.072240E+02
1.418873E-03  1.542017E-04  6.462788E+02  2.072961E+02
1.460376E-03  1.530598E-04  6.458797E+02  2.073678E+02
1.481110E-03  1.602516E-04  6.454709E+02  2.074410E+02
1.731488E-03  1.866053E-04  6.450510E+02  2.075159E+02
2.671919E-03  2.600564E-04  6.446377E+02  2.075895E+02
2.517069E-03  2.607385E-04  6.442253E+02  2.076628E+02
2.655618E-03  2.817621E-04  6.438257E+02  2.077336E+02
3.415099E-03  3.481294E-04  6.434301E+02  2.078036E+02
3.111820E-03  3.377706E-04  6.430207E+02  2.078758E+02
3.484530E-03  3.734389E-04  6.425964E+02  2.079505E+02
3.860648E-03  4.114599E-04  6.421863E+02  2.080223E+02
4.214022E-03  4.536823E-04  6.417827E+02  2.080929E+02
4.280510E-03  4.475696E-04  6.413629E+02  2.081662E+02
4.385746E-03  4.721142E-04  6.409815E+02  2.082326E+02
4.504797E-03  4.915740E-04  6.406023E+02  2.082985E+02
4.564995E-03  4.830984E-04  6.402193E+02  2.083648E+02
4.651027E-03  5.014237E-04  6.398272E+02  2.084326E+02
4.346285E-03  5.276976E-04  6.394325E+02  2.085007E+02
4.674587E-03  5.431284E-04  6.389970E+02  2.085755E+02
4.539972E-03  5.219625E-04  6.385736E+02  2.086481E+02
4.472711E-03  5.046572E-04  6.381566E+02  2.087195E+02
4.012139E-03  4.620213E-04  6.377458E+02  2.087897E+02
4.094405E-03  4.566651E-04  6.373347E+02  2.088595E+02
3.909199E-03  4.332071E-04  6.369282E+02  2.089285E+02
3.942527E-03  4.203014E-04  6.365436E+02  2.089937E+02
4.548618E-03  4.781039E-04  6.361585E+02  2.090588E+02
4.142764E-03  4.596080E-04  6.357790E+02  2.091226E+02
4.146617E-03  4.427407E-04  6.354059E+02  2.091854E+02
3.810117E-03  4.112810E-04  6.349994E+02  2.092535E+02
3.507658E-03  3.953257E-04  6.346242E+02  2.093163E+02
3.487538E-03  3.633332E-04  6.342496E+02  2.093789E+02
2.986916E-03  3.372741E-04  6.338283E+02  2.094489E+02
3.048675E-03  3.364162E-04  6.334539E+02  2.095111E+02
2.927617E-03  3.339285E-04  6.330809E+02  2.095730E+02
3.672940E-03  3.971604E-04  6.326877E+02  2.096379E+02
4.131974E-03  4.473009E-04  6.322992E+02  2.097020E+02
4.090597E-03  4.588224E-04  6.319049E+02  2.097667E+02
4.459995E-03  5.048638E-04  6.315169E+02  2.098303E+02
4.941223E-03  5.516205E-04  6.311192E+02  2.098954E+02
5.688108E-03  6.289825E-04  6.307250E+02  2.099598E+02
5.419515E-03  6.327342E-04  6.303183E+02  2.100260E+02
5.927904E-03  6.574519E-04  6.298799E+02  2.100971E+02
5.770441E-03  6.658319E-04  6.294671E+02  2.101640E+02
5.915289E-03  6.619333E-04  6.290583E+02  2.102301E+02
5.863667E-03  6.463504E-04  6.286337E+02  2.102984E+02
6.101118E-03  6.860835E-04  6.282157E+02  2.103656E+02
6.270821E-03  7.170319E-04  6.277818E+02  2.104351E+02
6.417623E-03  7.119213E-04  6.273588E+02  2.105026E+02
6.092553E-03  7.073542E-04  6.269692E+02  2.105646E+02
6.182513E-03  6.930531E-04  6.265814E+02  2.106264E+02
6.369761E-03  7.231861E-04  6.261752E+02  2.106907E+02
6.217783E-03  6.919926E-04  6.257770E+02  2.107537E+02
6.249182E-03  7.127993E-04  6.253596E+02  2.108196E+02
6.577868E-03  7.524062E-04  6.249475E+02  2.108843E+02
6.400163E-03  7.124628E-04  6.245424E+02  2.109478E+02
6.547508E-03  7.418264E-04  6.241318E+02  2.110121E+02
6.289471E-03  7.402014E-04  6.237330E+02  2.110743E+02
6.296738E-03  7.172464E-04  6.233389E+02  2.111357E+02
5.995249E-03  6.777849E-04  6.229287E+02  2.111995E+02
5.963303E-03  6.959396E-04  6.225172E+02  2.112631E+02
5.880224E-03  6.715439E-04  6.221153E+02  2.113253E+02
6.256520E-03  7.206071E-04  6.217112E+02  2.113874E+02
6.718476E-03  7.837740E-04  6.213156E+02  2.114482E+02
6.930795E-03  7.766824E-04  6.208949E+02  2.115127E+02
6.991059E-03  8.040076E-04  6.204895E+02  2.115746E+02
6.663847E-03  7.586714E-04  6.200913E+02  2.116353E+02
6.668973E-03  7.783646E-04  6.196804E+02  2.116978E+02
6.899549E-03  7.809081E-04  6.192854E+02  2.117577E+02
6.358728E-03  7.618871E-04  6.188914E+02  2.118172E+02
6.997910E-03  8.323325E-04  6.184730E+02  2.118804E+02
6.508071E-03  7.653085E-04  6.180575E+02  2.119430E+02
6.732467E-03  8.012402E-04  6.176542E+02  2.120034E+02
7.020355E-03  7.767018E-04  6.172569E+02  2.120628E+02
6.905911E-03  7.998395E-04  6.168638E+02  2.121216E+02
7.119469E-03  8.429460E-04  6.164428E+02  2.121841E+02
7.339213E-03  8.840308E-04  6.160516E+02  2.122422E+02
7.199749E-03  8.384748E-04  6.156615E+02  2.123000E+02
7.005886E-03  8.446491E-04  6.152515E+02  2.123606E+02
6.977082E-03  8.246365E-04  6.148443E+02  2.124205E+02
7.121085E-03  8.586431E-04  6.144618E+02  2.124768E+02
6.970355E-03  8.252625E-04  6.140771E+02  2.125331E+02
6.719339E-03  7.881574E-04  6.136848E+02  2.125905E+02
6.974781E-03  8.351957E-04  6.132896E+02  2.126480E+02
6.989308E-03  8.152340E-04  6.128737E+02  2.127086E+02
6.852570E-03  8.263328E-04  6.124558E+02  2.127691E+02
7.016798E-03  7.975294E-04  6.120450E+02  2.128286E+02
7.133001E-03  8.264653E-04  6.116357E+02  2.128876E+02
6.686793E-03  8.150479E-04  6.112334E+02  2.129454E+02
6.709446E-03  7.906323E-04  6.108257E+02  2.130038E+02
6.946762E-03  8.391325E-04  6.104006E+02  2.130646E+02
6.924266E-03  8.189644E-04  6.100035E+02  2.131213E+02
6.985015E-03  8.525060E-04  6.096069E+02  2.131777E+02
7.045214E-03  8.400828E-04  6.091769E+02  2.132388E+02
7.216888E-03  8.760519E-04  6.087442E+02  2.132999E+02
7.322685E-03  8.704640E-04  6.083301E+02  2.133584E+02
7.277989E-03  8.883248E-04  6.079792E+02  2.134077E+02
7.065353E-03  7.926231E-04  6.076339E+02  2.134562E+02
6.577041E-03  7.755895E-04  6.072221E+02  2.135138E+02
6.382822E-03  7.771136E-04  6.067978E+02  2.135730E+02
6.639002E-03  8.178397E-04  6.063791E+02  2.136313E+02
6.832985E-03  8.190627E-04  6.059677E+02  2.136885E+02
6.708703E-03  8.253664E-04  6.055571E+02  2.137453E+02
6.470078E-03  7.897281E-04  6.051489E+02  2.138016E+02
6.137650E-03  7.339323E-04  6.047415E+02  2.138577E+02
5.853690E-03  7.283679E-04  6.043648E+02  2.139095E+02
6.214683E-03  7.337214E-04  6.039894E+02  2.139609E+02
5.784425E-03  7.136014E-04  6.036226E+02  2.140110E+02
5.603341E-03  6.733796E-04  6.032614E+02  2.140603E+02
5.395758E-03  6.750528E-04  6.028722E+02  2.141132E+02
5.645605E-03  6.824085E-04  6.024879E+02  2.141653E+02
5.399253E-03  6.559955E-04  6.020872E+02  2.142194E+02
4.963695E-03  6.580185E-04  6.016946E+02  2.142725E+02
5.081782E-03  6.558784E-04  6.012624E+02  2.143305E+02
5.352721E-03  6.635840E-04  6.008564E+02  2.143850E+02
5.445737E-03  6.601272E-04  6.004620E+02  2.144376E+02
5.036850E-03  6.102035E-04  6.000732E+02  2.144895E+02
4.702212E-03  5.948288E-04  5.996764E+02  2.145423E+02
5.085658E-03  6.144312E-04  5.992801E+02  2.145949E+02
4.958714E-03  5.747177E-04  5.988901E+02  2.146464E+02
4.893689E-03  5.876502E-04  5.984994E+02  2.146979E+02
4.645417E-03  5.751724E-04  5.981135E+02  2.147487E+02
4.586217E-03  5.574071E-04  5.977098E+02  2.148017E+02
3.993864E-03  4.968313E-04  5.972991E+02  2.148554E+02
3.967875E-03  5.051360E-04  5.968972E+02  2.149079E+02
4.301525E-03  5.272592E-04  5.964884E+02  2.149611E+02
4.472521E-03  5.613809E-04  5.960850E+02  2.150134E+02
4.549735E-03  5.553881E-04  5.956874E+02  2.150649E+02
4.338679E-03  5.479692E-04  5.952875E+02  2.151164E+02
4.475915E-03  5.727274E-04  5.948912E+02  2.151674E+02
4.337773E-03  5.498251E-04  5.944916E+02  2.152187E+02
4.548494E-03  5.565650E-04  5.940834E+02  2.152709E+02
4.941241E-03  6.091977E-04  5.936719E+02  2.153234E+02
5.309757E-03  6.515287E-04  5.932504E+02  2.153770E+02
5.402589E-03  6.687678E-04  5.928323E+02  2.154301E+02
5.095389E-03  6.584781E-04  5.924138E+02  2.154829E+02
4.995877E-03  6.384014E-04  5.919771E+02  2.155380E+02
4.954509E-03  6.247727E-04  5.915405E+02  2.155929E+02
5.111952E-03  6.230744E-04  5.911057E+02  2.156474E+02
1.657046E-03  4.854787E-04  5.908679E+02  2.156771E+02
2.519904E-03  2.806865E-04  5.906288E+02  2.157068E+02
2.432736E-03  2.800468E-04  5.902249E+02  2.157571E+02
2.140247E-03  2.662661E-04  5.898185E+02  2.158076E+02
2.060897E-03  2.643910E-04  5.894310E+02  2.158556E+02
2.222288E-03  2.875198E-04  5.890473E+02  2.159030E+02
2.306822E-03  2.948894E-04  5.886358E+02  2.159536E+02
2.005701E-03  2.646093E-04  5.882434E+02  2.160017E+02
2.128107E-03  2.696117E-04  5.878531E+02  2.160496E+02
2.003262E-03  2.636607E-04  5.874274E+02  2.161015E+02
2.454027E-03  3.052689E-04  5.870053E+02  2.161529E+02
2.159571E-03  2.760765E-04  5.866189E+02  2.161998E+02
2.324198E-03  3.013068E-04  5.862364E+02  2.162460E+02
1.933248E-03  2.659368E-04  5.858190E+02  2.162963E+02
1.954599E-03  2.592895E-04  5.854074E+02  2.163458E+02
1.412140E-03  2.130415E-04  5.850026E+02  2.163944E+02
9.777803E-04  1.691125E-04  5.846016E+02  2.164424E+02
1.345735E-03  2.022265E-04  5.841942E+02  2.164909E+02
1.777320E-03  2.353434E-04  5.837967E+02  2.165382E+02
2.148831E-03  2.707636E-04  5.833599E+02  2.165899E+02
2.235210E-03  2.830825E-04  5.829431E+02  2.166391E+02
2.540397E-03  3.128927E-04  5.825487E+02  2.166856E+02
2.577884E-03  3.239060E-04  5.821549E+02  2.167318E+02
2.750102E-03  3.443974E-04  5.817617E+02  2.167779E+02
2.681462E-03  3.454981E-04  5.813673E+02  2.168239E+02
2.672506E-03  3.460580E-04  5.809667E+02  2.168705E+02
2.587203E-03  3.382814E-04  5.805672E+02  2.169169E+02
2.567471E-03  3.327138E-04  5.801698E+02  2.169629E+02
2.722851E-03  3.562729E-04  5.797628E+02  2.170099E+02
2.582367E-03  3.349324E-04  5.793684E+02  2.170552E+02
2.638989E-03  3.498445E-04  5.789830E+02  2.170995E+02
2.289651E-03  3.025107E-04  5.785622E+02  2.171476E+02
2.576348E-03  3.348593E-04  5.781530E+02  2.171943E+02
2.604212E-03  3.499611E-04  5.777483E+02  2.172403E+02
2.985054E-03  3.916619E-04  5.773786E+02  2.172822E+02
3.059200E-03  4.262996E-04  5.770112E+02  2.173236E+02
2.871782E-03  4.063072E-04  5.766144E+02  2.173684E+02
2.910379E-03  3.974154E-04  5.762176E+02  2.174130E+02
3.370079E-03  4.493101E-04  5.757704E+02  2.174630E+02
3.471328E-03  4.543931E-04  5.753186E+02  2.175135E+02
3.353452E-03  4.523499E-04  5.749128E+02  2.175586E+02
3.494003E-03  4.477893E-04  5.745122E+02  2.176031E+02
3.680889E-03  4.692885E-04  5.740650E+02  2.176525E+02
3.636018E-03  4.771497E-04  5.736251E+02  2.177010E+02
3.495482E-03  4.732421E-04  5.732054E+02  2.177472E+02
3.398451E-03  4.561601E-04  5.727869E+02  2.177930E+02
2.617762E-03  3.766597E-04  5.723649E+02  2.178389E+02
2.450032E-03  3.678584E-04  5.719511E+02  2.178840E+02
2.440119E-03  3.656231E-04  5.715299E+02  2.179297E+02
2.404634E-03  3.594989E-04  5.711130E+02  2.179748E+02
2.205303E-03  3.318479E-04  5.706977E+02  2.180194E+02
1.969825E-03  3.029791E-04  5.702933E+02  2.180629E+02
2.194494E-03  3.201331E-04  5.698871E+02  2.181064E+02
1.932977E-03  2.806871E-04  5.694867E+02  2.181491E+02
2.010587E-03  2.868716E-04  5.690495E+02  2.181956E+02
2.052569E-03  2.877277E-04  5.686204E+02  2.182412E+02
2.154253E-03  2.917791E-04  5.682484E+02  2.182805E+02
1.976626E-03  2.691453E-04  5.678809E+02  2.183191E+02
1.950110E-03  2.613595E-04  5.674351E+02  2.183660E+02
2.062349E-03  2.748499E-04  5.669992E+02  2.184116E+02
1.879207E-03  2.554277E-04  5.665801E+02  2.184553E+02
1.921889E-03  2.550819E-04  5.661628E+02  2.184987E+02
1.914470E-03  2.581811E-04  5.657297E+02  2.185437E+02
1.996010E-03  2.748075E-04  5.652780E+02  2.185903E+02
1.815819E-03  2.534668E-04  5.648741E+02  2.186319E+02
1.109021E-03  1.782646E-04  5.644738E+02  2.186729E+02
1.156894E-03  1.814164E-04  5.640282E+02  2.187184E+02
1.347944E-03  1.990579E-04  5.636538E+02  2.187566E+02
1.685354E-03  2.297078E-04  5.632808E+02  2.187945E+02
1.660074E-03  2.211211E-04  5.629061E+02  2.188325E+02
1.696581E-03  2.289968E-04  5.624710E+02  2.188765E+02
2.224090E-03  2.819216E-04  5.619818E+02  2.189257E+02
2.373660E-03  3.055263E-04  5.615010E+02  2.189738E+02
2.504497E-03  3.236302E-04  5.610927E+02  2.190146E+02
2.033761E-03  2.865936E-04  5.606850E+02  2.190552E+02
1.956922E-03  2.827294E-04  5.602317E+02  2.191001E+02
1.842732E-03  2.720917E-04  5.598186E+02  2.191409E+02
1.764612E-03  2.510017E-04  5.594091E+02  2.191813E+02
1.595833E-03  2.313943E-04  5.590283E+02  2.192187E+02
1.737453E-03  2.484052E-04  5.586524E+02  2.192554E+02
1.755594E-03  2.458071E-04  5.582965E+02  2.192901E+02
1.800181E-03  2.646840E-04  5.579412E+02  2.193247E+02
1.727319E-03  2.541074E-04  5.574740E+02  2.193700E+02
1.744988E-03  2.555791E-04  5.570540E+02  2.194106E+02
2.092573E-03  2.884373E-04  5.566650E+02  2.194480E+02
2.164927E-03  2.960608E-04  5.562906E+02  2.194839E+02
1.981022E-03  2.869499E-04  5.559219E+02  2.195192E+02
2.120252E-03  3.018659E-04  5.554703E+02  2.195623E+02
1.979164E-03  2.795160E-04  5.550763E+02  2.195997E+02
1.572457E-03  2.360486E-04  5.546861E+02  2.196367E+02
2.024543E-03  2.813315E-04  5.542652E+02  2.196764E+02
1.740707E-03  2.519819E-04  5.538680E+02  2.197137E+02
2.147441E-03  3.055457E-04  5.534749E+02  2.197506E+02
1.974140E-03  2.777469E-04  5.530822E+02  2.197872E+02
1.774391E-03  2.566997E-04  5.526220E+02  2.198301E+02
1.634548E-03  2.391837E-04  5.521663E+02  2.198723E+02
2.169446E-03  2.988076E-04  5.517216E+02  2.199133E+02
2.178320E-03  3.047451E-04  5.513140E+02  2.199509E+02
2.156481E-03  3.110957E-04  5.509074E+02  2.199881E+02
1.815229E-03  2.728479E-04  5.504665E+02  2.200284E+02
1.364142E-03  2.231898E-04  5.500301E+02  2.200682E+02
1.736368E-03  2.558049E-04  5.495877E+02  2.201082E+02
9.616829E-04  1.774329E-04  5.491637E+02  2.201466E+02
1.120085E-03  1.929252E-04  5.487593E+02  2.201830E+02
1.064800E-03  1.875315E-04  5.483616E+02  2.202187E+02
8.446235E-04  1.642032E-04  5.479849E+02  2.202523E+02
1.108393E-03  1.846779E-04  5.476117E+02  2.202856E+02
1.089514E-03  1.826558E-04  5.472308E+02  2.203193E+02
1.116542E-03  1.821675E-04  5.468591E+02  2.203522E+02
8.415221E-04  1.477021E-04  5.464886E+02  2.203850E+02
8.435423E-04  1.436389E-04  5.460574E+02  2.204228E+02
1.058748E-03  1.647759E-04  5.456544E+02  2.204581E+02
9.922618E-04  1.574600E-04  5.452601E+02  2.204926E+02
6.255633E-04  1.205096E-04  5.448665E+02  2.205267E+02
3.816784E-04  9.612773E-05  5.444850E+02  2.205598E+02
3.837906E-04  9.874311E-05  5.441047E+02  2.205927E+02
3.024678E-04  8.274450E-05  5.436914E+02  2.206282E+02
1.987010E-04  7.420062E-05  5.432826E+02  2.206633E+02
6.188588E-04  1.150613E-04  5.428449E+02  2.207006E+02
6.918323E-04  1.200343E-04  5.424152E+02  2.207372E+02
1.037411E-03  1.507343E-04  5.420263E+02  2.207702E+02
1.262924E-03  1.902750E-04  5.416433E+02  2.208026E+02
1.233337E-03  1.860346E-04  5.411814E+02  2.208414E+02
1.157913E-03  1.744504E-04  5.407528E+02  2.208773E+02
1.236755E-03  1.802767E-04  5.403516E+02  2.209108E+02
1.321641E-03  1.974947E-04  5.399555E+02  2.209437E+02
9.224774E-04  1.563739E-04  5.395068E+02  2.209809E+02
1.015146E-03  1.626448E-04  5.390958E+02  2.210148E+02
9.643096E-04  1.531098E-04  5.387213E+02  2.210456E+02
9.088019E-04  1.429775E-04  5.383487E+02  2.210761E+02
7.698848E-04  1.283237E-04  5.379735E+02  2.211067E+02
4.905971E-04  9.702867E-05  5.376020E+02  2.211370E+02
1.897774E-04  6.705436E-05  5.372292E+02  2.211672E+02
2.102464E-04  6.846542E-05  5.368104E+02  2.212010E+02
3.567955E-04  8.234653E-05  5.365552E+02  2.212215E+02
1.933499E-04  6.070985E-05  5.362993E+02  2.212421E+02
4.365677E-04  8.540331E-05  5.358798E+02  2.212757E+02
3.912519E-04  8.266480E-05  5.354450E+02  2.213103E+02
6.701197E-05  4.196931E-05  5.350265E+02  2.213435E+02
5.437567E-04  9.086449E-05  5.346162E+02  2.213760E+02
3.064322E-04  6.007451E-05  5.341621E+02  2.214117E+02
2.368857E-04  5.560691E-05  5.337685E+02  2.214426E+02
2.382482E-04  5.090492E-05  5.333799E+02  2.214729E+02
5.672694E-04  8.414249E-05  5.329324E+02  2.215078E+02
6.626000E-04  9.679151E-05  5.325394E+02  2.215382E+02
9.804792E-04  1.329314E-04  5.321560E+02  2.215678E+02
1.286102E-03  1.702558E-04  5.317678E+02  2.215977E+02
9.720443E-04  1.472243E-04  5.313803E+02  2.216274E+02
1.298812E-03  1.861789E-04  5.309680E+02  2.216588E+02
1.521805E-03  2.102128E-04  5.305619E+02  2.216897E+02
1.645073E-03  2.360029E-04  5.301617E+02  2.217200E+02
1.539210E-03  2.276381E-04  5.297630E+02  2.217501E+02
1.637836E-03  2.412473E-04  5.293686E+02  2.217797E+02
2.029705E-03  2.854784E-04  5.289601E+02  2.218103E+02
1.991071E-03  2.828375E-04  5.285535E+02  2.218405E+02
1.849203E-03  2.691953E-04  5.281757E+02  2.218686E+02
1.565200E-03  2.350588E-04  5.278002E+02  2.218963E+02
1.711531E-03  2.526985E-04  5.274210E+02  2.219242E+02
1.517758E-03  2.308472E-04  5.270325E+02  2.219528E+02
1.414167E-03  2.148546E-04  5.266217E+02  2.219828E+02
1.299665E-03  1.988253E-04  5.261740E+02  2.220154E+02
1.001436E-03  1.575995E-04  5.256932E+02  2.220501E+02
9.293193E-04  1.515881E-04  5.252533E+02  2.220818E+02
9.648175E-04  1.544134E-04  5.248166E+02  2.221131E+02
1.041685E-03  1.614562E-04  5.243795E+02  2.221443E+02
1.183345E-03  1.776693E-04  5.239956E+02  2.221716E+02
1.139007E-03  1.693417E-04  5.236168E+02  2.221984E+02
8.479722E-04  1.398478E-04  5.232244E+02  2.222261E+02
8.758064E-04  1.423392E-04  5.228364E+02  2.222534E+02
1.086935E-03  1.660484E-04  5.224310E+02  2.222817E+02
1.014787E-03  1.544265E-04  5.219853E+02  2.223127E+02
1.049476E-03  1.551823E-04  5.215419E+02  2.223435E+02
7.592064E-04  1.227913E-04  5.211517E+02  2.223704E+02
9.136823E-04  1.375162E-04  5.207669E+02  2.223968E+02
8.994019E-04  1.372766E-04  5.203602E+02  2.224246E+02
8.864052E-04  1.387259E-04  5.199588E+02  2.224520E+02
1.070250E-03  1.631974E-04  5.194590E+02  2.224859E+02
1.462414E-03  2.125961E-04  5.189799E+02  2.225181E+02
1.430931E-03  2.172571E-04  5.185750E+02  2.225453E+02
1.167346E-03  1.810815E-04  5.181732E+02  2.225722E+02
1.161166E-03  1.782359E-04  5.177777E+02  2.225984E+02
1.012935E-03  1.610771E-04  5.174059E+02  2.226231E+02
1.206717E-03  1.932030E-04  5.170335E+02  2.226476E+02
9.353376E-04  1.567890E-04  5.165699E+02  2.226781E+02
8.220474E-04  1.357470E-04  5.161490E+02  2.227055E+02
8.274475E-04  1.324595E-04  5.157362E+02  2.227323E+02
1.040345E-03  1.631553E-04  5.153651E+02  2.227564E+02
1.036348E-03  1.631724E-04  5.149970E+02  2.227801E+02
9.007703E-04  1.494057E-04  5.146117E+02  2.228048E+02
9.803435E-04  1.560486E-04  5.142081E+02  2.228306E+02
5.146740E-04  1.044693E-04  5.138155E+02  2.228555E+02
4.429905E-04  9.212808E-05  5.134132E+02  2.228811E+02
4.180685E-04  8.443444E-05  5.130273E+02  2.229054E+02
3.310272E-04  7.465165E-05  5.126485E+02  2.229291E+02
2.617013E-04  6.512571E-05  5.122758E+02  2.229524E+02
2.637710E-05  3.881364E-05  5.119112E+02  2.229751E+02
3.489410E-05  3.803557E-05  5.114872E+02  2.230013E+02
1.374624E-04  4.701482E-05  5.112857E+02  2.230137E+02
1.097363E-05  3.559678E-05  5.110844E+02  2.230261E+02
-2.567941E-04  6.854345E-06  5.106353E+02  2.230536E+02
-3.422160E-05  2.860617E-05  5.101922E+02  2.230807E+02
7.144030E-05  3.619305E-05  5.097061E+02  2.231101E+02
1.517163E-04  4.515292E-05  5.092362E+02  2.231385E+02
1.975559E-04  5.069835E-05  5.088284E+02  2.231629E+02
2.095580E-04  5.078630E-05  5.084573E+02  2.231851E+02
4.393285E-05  2.893062E-05  5.080899E+02  2.232069E+02
1.320322E-04  3.912819E-05  5.076475E+02  2.232331E+02
-2.413725E-04  -5.764533E-06  5.072191E+02  2.232583E+02
-1.574816E-04  6.397869E-06  5.068039E+02  2.232826E+02
-3.050124E-04  -1.048518E-05  5.063734E+02  2.233076E+02
-3.683426E-04  -1.639981E-05  5.059554E+02  2.233318E+02
-4.660110E-04  -2.749378E-05  5.055751E+02  2.233537E+02
-5.681947E-04  -4.132679E-05  5.052050E+02  2.233750E+02
-3.772410E-04  -2.400024E-05  5.048029E+02  2.233979E+02
-2.884872E-04  -1.659430E-05  5.044083E+02  2.234203E+02
2.645411E-06  1.752466E-05  5.039736E+02  2.234449E+02
-6.032717E-04  -5.599062E-05  5.035240E+02  2.234701E+02
-4.708939E-04  -3.682354E-05  5.030600E+02  2.234960E+02
-6.265479E-04  -5.872960E-05  5.026284E+02  2.235200E+02
-7.446974E-04  -7.339502E-05  5.022288E+02  2.235420E+02
-6.827398E-04  -6.950319E-05  5.018362E+02  2.235636E+02
-5.148772E-04  -5.146123E-05  5.014513E+02  2.235847E+02
-6.907518E-04  -7.827209E-05  5.010706E+02  2.236054E+02
-4.722300E-04  -5.661282E-05  5.006677E+02  2.236272E+02
-5.932337E-04  -7.770826E-05  5.002693E+02  2.236486E+02
-3.039540E-04  -4.640055E-05  4.998657E+02  2.236702E+02
-3.528612E-04  -5.438038E-05  4.994539E+02  2.236921E+02
-8.073408E-04  -1.120305E-04  4.990136E+02  2.237155E+02
-9.717220E-04  -1.366670E-04  4.985750E+02  2.237385E+02
-1.054370E-03  -1.541915E-04  4.981732E+02  2.237596E+02
-1.044357E-03  -1.555501E-04  4.979731E+02  2.237700E+02
-1.092105E-03  -1.687046E-04  4.977730E+02  2.237804E+02
-1.097211E-03  -1.746229E-04  4.973969E+02  2.237998E+02
-1.237094E-03  -1.987897E-04  4.969735E+02  2.238216E+02
-1.233619E-03  -2.053422E-04  4.965572E+02  2.238430E+02
-1.232128E-03  -2.001918E-04  4.962574E+02  2.238583E+02
-1.362871E-03  -2.205353E-04  4.959551E+02  2.238735E+02
-1.753964E-03  -2.736701E-04  4.956262E+02  2.238902E+02
-1.956664E-03  -3.143460E-04  4.952349E+02  2.239098E+02
-1.790981E-03  -2.882564E-04  4.948461E+02  2.239292E+02
-1.750848E-03  -2.747620E-04  4.944938E+02  2.239468E+02
-1.784073E-03  -2.918739E-04  4.941430E+02  2.239641E+02
-1.515095E-03  -2.520125E-04  4.937812E+02  2.239819E+02
-1.358668E-03  -2.238473E-04  4.933835E+02  2.240014E+02
-1.171084E-03  -1.940794E-04  4.929973E+02  2.240202E+02
-1.176176E-03  -1.880509E-04  4.926207E+02  2.240384E+02
-1.161487E-03  -1.923266E-04  4.922543E+02  2.240560E+02
-8.562606E-04  -1.519392E-04  4.918888E+02  2.240735E+02
-8.827764E-04  -1.529861E-04  4.915278E+02  2.240907E+02
-9.811831E-04  -1.601315E-04  4.911193E+02  2.241101E+02
-9.107231E-04  -1.546467E-04  4.906931E+02  2.241301E+02
-9.516519E-04  -1.552128E-04  4.903326E+02  2.241469E+02
-8.268855E-04  -1.432973E-04  4.899807E+02  2.241633E+02
-5.944496E-04  -1.127924E-04  4.895778E+02  2.241820E+02
-4.514302E-04  -9.389595E-05  4.891826E+02  2.242001E+02
-7.327024E-04  -1.279322E-04  4.887539E+02  2.242197E+02
-7.598643E-04  -1.265003E-04  4.883542E+02  2.242379E+02
-7.717987E-04  -1.274944E-04  4.879611E+02  2.242556E+02
-8.130579E-04  -1.306270E-04  4.875043E+02  2.242761E+02
-1.043517E-03  -1.616730E-04  4.870478E+02  2.242964E+02
-1.139534E-03  -1.758548E-04  4.865193E+02  2.243197E+02
-1.339586E-03  -2.162895E-04  4.860529E+02  2.243402E+02
-1.328362E-03  -2.196622E-04  4.855965E+02  2.243600E+02
-1.410224E-03  -2.370189E-04  4.851599E+02  2.243789E+02
-1.723665E-03  -2.851706E-04  4.847332E+02  2.243971E+02
-1.751095E-03  -3.015374E-04  4.844894E+02  2.244075E+02
-1.882299E-03  -3.041220E-04  4.842444E+02  2.244179E+02
-3.481690E-05  -7.856947E-05  4.838287E+02  2.244355E+02
2.766346E-05  -6.866266E-05  4.833994E+02  2.244535E+02
-9.879948E-05  -8.355171E-05  4.830309E+02  2.244689E+02
-1.615869E-04  -8.933785E-05  4.826653E+02  2.244840E+02
-1.224218E-04  -8.260789E-05  4.823159E+02  2.244984E+02
-1.384437E-04  -8.183144E-05  4.819704E+02  2.245125E+02
-1.812110E-04  -8.600560E-05  4.817412E+02  2.245218E+02
-2.581973E-04  -9.265066E-05  4.815120E+02  2.245311E+02
-4.719779E-04  -1.168964E-04  4.811272E+02  2.245467E+02
-3.937013E-04  -1.045592E-04  4.809291E+02  2.245546E+02
-2.635896E-04  -8.650266E-05  4.807290E+02  2.245626E+02
-3.175424E-04  -8.792558E-05  4.803879E+02  2.245762E+02
-3.893282E-04  -9.462125E-05  4.801446E+02  2.245859E+02
-3.894405E-04  -8.952426E-05  4.799004E+02  2.245955E+02
-4.827564E-04  -9.736831E-05  4.795158E+02  2.246106E+02
-4.793641E-04  -9.499217E-05  4.790060E+02  2.246304E+02
-2.488733E-04  -6.182447E-05  4.787639E+02  2.246397E+02
-3.417126E-04  -7.141175E-05  4.785208E+02  2.246491E+02
-4.514814E-04  -8.111221E-05  4.780757E+02  2.246661E+02
-3.198136E-04  -6.550526E-05  4.776398E+02  2.246827E+02
-4.812596E-04  -7.964168E-05  4.774054E+02  2.246915E+02
-4.331981E-04  -7.433374E-05  4.771706E+02  2.247003E+02
-3.724970E-04  -6.105008E-05  4.766895E+02  2.247183E+02
-5.801921E-04  -9.215868E-05  4.762708E+02  2.247338E+02
-6.838290E-04  -1.101957E-04  4.758616E+02  2.247488E+02
-3.226448E-04  -6.465303E-05  4.754279E+02  2.247646E+02
-3.046216E-04  -6.206955E-05  4.751609E+02  2.247742E+02
-5.517946E-04  -9.643319E-05  4.748929E+02  2.247839E+02
-6.624487E-04  -1.091411E-04  4.745180E+02  2.247973E+02
-1.047854E-03  -1.609913E-04  4.741403E+02  2.248107E+02
-1.398846E-03  -2.121382E-04  4.737108E+02  2.248259E+02
-1.197917E-03  -1.937021E-04  4.732899E+02  2.248406E+02
-1.136338E-03  -1.925356E-04  4.728978E+02  2.248541E+02
-1.049174E-03  -1.782820E-04  4.725184E+02  2.248672E+02
-9.146782E-04  -1.530928E-04  4.721069E+02  2.248812E+02
-7.771399E-04  -1.392463E-04  4.716823E+02  2.248956E+02
-7.697133E-04  -1.333457E-04  4.712684E+02  2.249095E+02
-7.460980E-04  -1.324828E-04  4.708856E+02  2.249222E+02
-8.916684E-04  -1.493364E-04  4.705167E+02  2.249344E+02
-9.294178E-04  -1.571514E-04  4.701378E+02  2.249468E+02
-8.903824E-04  -1.575742E-04  4.697994E+02  2.249578E+02
-8.031531E-04  -1.430873E-04  4.694696E+02  2.249684E+02
-7.533399E-04  -1.321858E-04  4.692590E+02  2.249752E+02
-6.585085E-04  -1.135460E-04  4.690462E+02  2.249820E+02
-8.028931E-04  -1.303547E-04  4.687199E+02  2.249924E+02
-8.310725E-04  -1.368719E-04  4.683700E+02  2.250034E+02
-7.752227E-04  -1.318022E-04  4.679776E+02  2.250157E+02
-1.200804E-03  -1.884674E-04  4.675731E+02  2.250282E+02
-1.323253E-03  -2.141009E-04  4.671904E+02  2.250400E+02
-1.121145E-03  -1.962888E-04  4.668195E+02  2.250513E+02
-1.197485E-03  -2.127480E-04  4.664100E+02  2.250637E+02
-1.422930E-03  -2.447929E-04  4.660036E+02  2.250758E+02
-1.102277E-03  -1.974640E-04  4.655635E+02  2.250889E+02
-1.060645E-03  -1.844487E-04  4.651340E+02  2.251015E+02
-1.254587E-03  -2.180380E-04  4.647199E+02  2.251135E+02
-1.253360E-03  -2.096280E-04  4.643505E+02  2.251242E+02
-9.638108E-04  -1.713090E-04  4.639907E+02  2.251344E+02
-9.696992E-04  -1.689226E-04  4.635840E+02  2.251459E+02
-8.428812E-04  -1.436303E-04  4.632297E+02  2.251559E+02
-6.860563E-04  -1.135669E-04  4.630553E+02  2.251607E+02
-6.909991E-04  -1.173801E-04  4.628803E+02  2.251656E+02
-7.116521E-04  -1.201179E-04  4.626782E+02  2.251711E+02
-7.840037E-04  -1.348385E-04  4.624756E+02  2.251767E+02
-8.845478E-04  -1.518600E-04  4.622641E+02  2.251825E+02
-7.603721E-04  -1.267770E-04  4.620525E+02  2.251882E+02
-5.392389E-04  -9.565162E-05  4.616899E+02  2.251980E+02
-6.120222E-04  -1.100568E-04  4.613570E+02  2.252069E+02
-6.517131E-04  -1.123551E-04  4.610262E+02  2.252157E+02
-6.799742E-04  -1.233272E-04  4.607084E+02  2.252241E+02
-7.038634E-04  -1.188343E-04  4.603961E+02  2.252322E+02
-5.993994E-04  -1.106168E-04  4.601214E+02  2.252393E+02
-6.101415E-04  -1.062137E-04  4.598443E+02  2.252464E+02
-6.919429E-04  -1.226681E-04  4.596290E+02  2.252519E+02
-6.881451E-04  -1.212746E-04  4.594130E+02  2.252574E+02
-7.656185E-04  -1.286814E-04  4.590184E+02  2.252673E+02
-6.458167E-04  -1.100131E-04  4.586465E+02  2.252766E+02
-6.577028E-04  -1.146898E-04  4.583295E+02  2.252844E+02
-2.799054E-04  -6.288075E-05  4.580202E+02  2.252920E+02
-1.653959E-04  -4.465293E-05  4.575767E+02  2.253027E+02
-3.034802E-04  -6.067055E-05  4.571542E+02  2.253128E+02
-4.124299E-04  -7.631477E-05  4.567545E+02  2.253223E+02
-1.214168E-04  -4.163572E-05  4.563678E+02  2.253313E+02
-8.725157E-05  -3.600570E-05  4.559972E+02  2.253399E+02
1.355135E-04  -4.964727E-06  4.556386E+02  2.253481E+02
3.715180E-04  2.954930E-05  4.552745E+02  2.253563E+02
1.657456E-04  1.344482E-06  4.548310E+02  2.253662E+02
3.779327E-05  -1.687945E-05  4.543851E+02  2.253761E+02
3.184570E-05  -1.653944E-05  4.539617E+02  2.253853E+02
3.525079E-05  -1.647943E-05  4.537798E+02  2.253892E+02
-1.821641E-05  -2.240133E-05  4.535958E+02  2.253931E+02
-1.699724E-04  -4.134973E-05  4.532400E+02  2.254007E+02
-5.143371E-04  -9.389737E-05  4.527224E+02  2.254116E+02
-6.224900E-04  -1.129714E-04  4.524793E+02  2.254166E+02
-7.153907E-04  -1.213988E-04  4.522349E+02  2.254216E+02
-6.468499E-04  -1.188706E-04  4.518387E+02  2.254297E+02
-6.837361E-04  -1.213412E-04  4.516456E+02  2.254335E+02
-6.193050E-04  -1.074554E-04  4.514507E+02  2.254374E+02
-4.461964E-04  -8.403828E-05  4.511366E+02  2.254436E+02
-8.123914E-04  -1.358799E-04  4.506486E+02  2.254532E+02
-7.917025E-04  -1.450394E-04  4.502112E+02  2.254616E+02
-8.225287E-04  -1.445897E-04  4.500104E+02  2.254654E+02
-8.029818E-04  -1.370742E-04  4.498086E+02  2.254692E+02
-7.622968E-04  -1.346846E-04  4.494918E+02  2.254752E+02
-8.403669E-04  -1.466029E-04  4.490410E+02  2.254835E+02
-9.811408E-04  -1.790980E-04  4.487569E+02  2.254886E+02
-1.060543E-03  -2.035973E-04  4.484694E+02  2.254938E+02
-4.230965E-04  -4.698925E-05  4.482065E+02  2.254985E+02
-7.183044E-04  -9.189271E-05  4.479254E+02  2.255035E+02
-4.429067E-04  -1.061822E-04  4.476353E+02  2.255085E+02
-4.804913E-04  -1.014046E-04  4.469235E+02  2.255207E+02
5.220459E-05  2.411747E-07  4.464825E+02  2.255281E+02
6.775112E-05  2.931354E-06  4.462592E+02  2.255318E+02
1.001310E-04  7.824610E-06  4.460336E+02  2.255355E+02
3.286556E-05  -2.906943E-06  4.457378E+02  2.255402E+02
8.047895E-06  -7.203463E-06  4.453894E+02  2.255458E+02
1.479121E-04  1.490019E-05  4.450901E+02  2.255505E+02
3.700265E-05  -6.907012E-08  4.448217E+02  2.255547E+02
-1.347281E-04  -2.569440E-05  4.445593E+02  2.255587E+02
-1.350224E-04  -2.349245E-05  4.442383E+02  2.255636E+02
-2.562638E-04  -3.865956E-05  4.439313E+02  2.255682E+02
-3.154067E-04  -4.961661E-05  4.436900E+02  2.255717E+02
-2.808643E-04  -4.607055E-05  4.434452E+02  2.255753E+02
-7.391439E-05  -1.734904E-05  4.431458E+02  2.255796E+02
-1.075171E-05  -8.156079E-06  4.428692E+02  2.255836E+02
5.148851E-06  -7.426900E-06  4.426032E+02  2.255873E+02
2.675981E-05  -5.715556E-06  4.422509E+02  2.255922E+02
5.093503E-06  -7.990742E-06  4.419152E+02  2.255968E+02
6.114828E-05  -1.180354E-06  4.416830E+02  2.255999E+02
8.901677E-05  4.744184E-06  4.414481E+02  2.256030E+02
6.525919E-06  -7.389939E-06  4.411475E+02  2.256070E+02
-1.857349E-06  -7.895965E-06  4.408508E+02  2.256108E+02
-1.815995E-04  -3.446478E-05  4.405346E+02  2.256148E+02
-1.588828E-04  -2.975191E-05  4.403684E+02  2.256169E+02
-2.139840E-04  -4.210807E-05  4.402011E+02  2.256189E+02
-2.594334E-04  -5.011751E-05  4.399109E+02  2.256225E+02
-3.630351E-04  -6.493314E-05  4.396152E+02  2.256261E+02
-2.332037E-04  -4.389165E-05  4.394334E+02  2.256282E+02
-1.846736E-04  -3.731745E-05  4.392500E+02  2.256304E+02
-2.787959E-04  -4.684140E-05  4.389987E+02  2.256333E+02
-3.681819E-04  -6.214025E-05  4.387556E+02  2.256361E+02
-2.784692E-04  -4.970427E-05  4.385144E+02  2.256388E+02
-2.788580E-04  -5.099951E-05  4.382415E+02  2.256419E+02
-1.879738E-04  -3.800922E-05  4.379717E+02  2.256448E+02
-1.581006E-04  -3.207861E-05  4.377262E+02  2.256475E+02
-1.900082E-04  -3.536611E-05  4.374833E+02  2.256501E+02
-1.543198E-04  -3.199147E-05  4.371468E+02  2.256536E+02
-2.548179E-04  -4.481870E-05  4.368571E+02  2.256565E+02
-2.636755E-04  -4.679797E-05  4.367175E+02  2.256579E+02
-2.993210E-04  -5.264688E-05  4.365777E+02  2.256593E+02
-2.693294E-04  -4.674954E-05  4.362397E+02  2.256627E+02
-3.304789E-04  -5.645723E-05  4.360657E+02  2.256643E+02
-3.747227E-04  -6.626799E-05  4.358902E+02  2.256660E+02
-3.246793E-04  -6.036212E-05  4.356183E+02  2.256686E+02
-5.534820E-05  -2.187692E-05  4.353472E+02  2.256711E+02
1.543437E-05  -1.468660E-05  4.350674E+02  2.256736E+02
4.491827E-05  -1.212237E-05  4.347822E+02  2.256761E+02
1.289050E-04  1.950602E-06  4.345158E+02  2.256784E+02
8.343552E-05  -3.507007E-06  4.342595E+02  2.256806E+02
1.413204E-04  7.102852E-06  4.339985E+02  2.256827E+02
1.636370E-04  1.006451E-05  4.337351E+02  2.256849E+02
1.463612E-04  7.947478E-06  4.335946E+02  2.256860E+02
1.542656E-04  9.244941E-06  4.334521E+02  2.256871E+02
1.890969E-04  1.470725E-05  4.332339E+02  2.256888E+02
1.668969E-04  1.177338E-05  4.330480E+02  2.256903E+02
3.004068E-04  3.161683E-05  4.328608E+02  2.256917E+02
2.659898E-04  2.797682E-05  4.326826E+02  2.256930E+02
2.927155E-04  3.412620E-05  4.325033E+02  2.256943E+02
3.167416E-04  4.053598E-05  4.322619E+02  2.256960E+02
3.590011E-04  4.781488E-05  4.320262E+02  2.256977E+02
3.314335E-04  4.740478E-05  4.317381E+02  2.256996E+02
3.020161E-04  4.522025E-05  4.315994E+02  2.257005E+02
2.518571E-04  3.877675E-05  4.314602E+02  2.257015E+02
2.951462E-04  4.780485E-05  4.312221E+02  2.257030E+02
2.198173E-04  3.798061E-05  4.311084E+02  2.257037E+02
2.272940E-04  4.158064E-05  4.309924E+02  2.257044E+02
2.062184E-04  3.744408E-05  4.305933E+02  2.257069E+02
1.552229E-04  2.773747E-05  4.304062E+02  2.257080E+02
1.930160E-04  3.213354E-05  4.302137E+02  2.257091E+02
2.908872E-04  4.809322E-05  4.300170E+02  2.257102E+02
3.454480E-04  5.685211E-05  4.298731E+02  2.257110E+02
3.049043E-04  5.229932E-05  4.297257E+02  2.257118E+02
4.067828E-04  6.886237E-05  4.294980E+02  2.257130E+02
3.789582E-04  6.530139E-05  4.292739E+02  2.257141E+02
4.241838E-04  7.272936E-05  4.289716E+02  2.257156E+02
5.425207E-04  9.418619E-05  4.288241E+02  2.257163E+02
5.470527E-04  9.718054E-05  4.287859E+02  2.257165E+02
