# HSM/GeV  HNSM/GeV  HS/GeV  T/GeV
5.799810E-02  3.034852E-02  2.404327E+02  1.044420E+02
5.145208E-02  2.691023E-02  2.404224E+02  1.044500E+02
4.086967E-02  2.141196E-02  2.403351E+02  1.045141E+02
4.094186E-02  2.145553E-02  2.403313E+02  1.045162E+02
4.053022E-02  2.124007E-02  2.403291E+02  1.045183E+02
4.052300E-02  2.123516E-02  2.403228E+02  1.045225E+02
4.101554E-02  2.144470E-02  2.402310E+02  1.045901E+02
4.402810E-02  2.305960E-02  2.402043E+02  1.046096E+02
4.237423E-02  2.215362E-02  2.401775E+02  1.046291E+02
4.247892E-02  2.220664E-02  2.401238E+02  1.046681E+02
4.246488E-02  2.221235E-02  2.400283E+02  1.047381E+02
4.762001E-02  2.488242E-02  2.399323E+02  1.048082E+02
4.843568E-02  2.532608E-02  2.395485E+02  1.050867E+02
1.980870E-02  1.034863E-02  2.391543E+02  1.053721E+02
1.788062E-02  9.372751E-03  2.387361E+02  1.056741E+02
1.363113E-02  6.973094E-03  2.383215E+02  1.059708E+02
1.007586E-02  5.446594E-03  2.379156E+02  1.062602E+02
9.328456E-03  4.833344E-03  2.375055E+02  1.065509E+02
-1.463516E-03  -7.331838E-04  2.371045E+02  1.068345E+02
1.663629E-05  5.290686E-06  2.369107E+02  1.069708E+02
-7.526372E-02  -3.920446E-02  2.367106E+02  1.071108E+02
-7.289411E-02  -3.802120E-02  2.365110E+02  1.072508E+02
-6.620505E-02  -3.443764E-02  2.361126E+02  1.075285E+02
-5.800582E-02  -3.017233E-02  2.356914E+02  1.078214E+02
-4.841988E-02  -2.519615E-02  2.352785E+02  1.081073E+02
-4.654640E-02  -2.415162E-02  2.348764E+02  1.083844E+02
-4.077545E-02  -2.112407E-02  2.344592E+02  1.086698E+02
-3.667115E-02  -1.906264E-02  2.340453E+02  1.089515E+02
-3.173352E-02  -1.652355E-02  2.336295E+02  1.092336E+02
-2.449521E-02  -1.268739E-02  2.332098E+02  1.095167E+02
-2.287818E-02  -1.184361E-02  2.327965E+02  1.097943E+02
-2.024082E-02  -1.047660E-02  2.323920E+02  1.100650E+02
-1.708668E-02  -8.861198E-03  2.319697E+02  1.103458E+02
-1.024697E-02  -5.204570E-03  2.315608E+02  1.106172E+02
-9.872059E-03  -5.257718E-03  2.311346E+02  1.108979E+02
-9.160022E-03  -4.658967E-03  2.307039E+02  1.111805E+02
-8.900041E-03  -4.746101E-03  2.302552E+02  1.114739E+02
-9.093402E-03  -4.640231E-03  2.298323E+02  1.117485E+02
-9.327620E-03  -4.989554E-03  2.294151E+02  1.120183E+02
-7.143365E-03  -3.642641E-03  2.289939E+02  1.122897E+02
-8.804444E-03  -4.671436E-03  2.285751E+02  1.125585E+02
-7.270555E-03  -3.666512E-03  2.281376E+02  1.128377E+02
-5.230682E-03  -2.786703E-03  2.276990E+02  1.131162E+02
-3.430834E-03  -1.738314E-03  2.272727E+02  1.133857E+02
-4.859369E-03  -2.552101E-03  2.268528E+02  1.136499E+02
-3.527847E-03  -1.750945E-03  2.264169E+02  1.139230E+02
-3.754262E-03  -1.942664E-03  2.259846E+02  1.141922E+02
-2.579567E-03  -1.267625E-03  2.255495E+02  1.144622E+02
-1.484073E-03  -7.653378E-04  2.251100E+02  1.147341E+02
-1.793118E-03  -9.569272E-04  2.246708E+02  1.150039E+02
-2.857038E-03  -1.464246E-03  2.242396E+02  1.152678E+02
-3.532526E-03  -1.736607E-03  2.238206E+02  1.155231E+02
-2.092726E-03  -1.077783E-03  2.234082E+02  1.157734E+02
-3.774075E-03  -1.880810E-03  2.229714E+02  1.160373E+02
-3.133102E-03  -1.642317E-03  2.225523E+02  1.162894E+02
-3.728526E-03  -1.867793E-03  2.221420E+02  1.165353E+02
-4.219839E-03  -2.193584E-03  2.216945E+02  1.168020E+02
-3.273849E-03  -1.606527E-03  2.212489E+02  1.170665E+02
-2.663445E-03  -1.375979E-03  2.207986E+02  1.173330E+02
-1.774068E-03  -8.617402E-04  2.203672E+02  1.175868E+02
4.462730E-04  2.232135E-04  2.199358E+02  1.178391E+02
-1.129847E-03  -5.925483E-04  2.195041E+02  1.180913E+02
6.670113E-05  4.256712E-05  2.190808E+02  1.183371E+02
-1.816362E-03  -8.995908E-04  2.186295E+02  1.185977E+02
-9.190417E-04  -4.860674E-04  2.181877E+02  1.188521E+02
-6.524046E-04  -3.287826E-04  2.177499E+02  1.191030E+02
1.387572E-03  6.831230E-04  2.173164E+02  1.193507E+02
-2.280029E-04  -9.528587E-05  2.169081E+02  1.195829E+02
3.271614E-04  1.899182E-04  2.165011E+02  1.198128E+02
-1.945237E-03  -9.473167E-04  2.160594E+02  1.200619E+02
-1.859313E-03  -9.401316E-04  2.156138E+02  1.203121E+02
-2.453838E-03  -1.186897E-03  2.151726E+02  1.205587E+02
-5.364849E-03  -2.586419E-03  2.147176E+02  1.208121E+02
-5.368500E-03  -2.715037E-03  2.142701E+02  1.210602E+02
-5.012438E-03  -2.663529E-03  2.138176E+02  1.213099E+02
-3.875365E-03  -1.963752E-03  2.133723E+02  1.215547E+02
-3.899265E-03  -1.879339E-03  2.129168E+02  1.218038E+02
-3.615084E-03  -1.833415E-03  2.124690E+02  1.220478E+02
-4.096759E-03  -1.978917E-03  2.120185E+02  1.222922E+02
-1.115400E-03  -5.807033E-04  2.115750E+02  1.225317E+02
-9.881229E-04  -5.022031E-04  2.111151E+02  1.227792E+02
-1.014088E-03  -4.858603E-04  2.106563E+02  1.230246E+02
-1.188986E-03  -5.977643E-04  2.101870E+02  1.232753E+02
-1.184002E-03  -5.750275E-04  2.097542E+02  1.235051E+02
-1.038178E-03  -5.309632E-04  2.093214E+02  1.237337E+02
7.177206E-04  3.687901E-04  2.088838E+02  1.239646E+02
1.225764E-03  6.011470E-04  2.084385E+02  1.241980E+02
1.458830E-03  7.492885E-04  2.080037E+02  1.244256E+02
1.580643E-04  5.885005E-05  2.075453E+02  1.246642E+02
6.217205E-05  6.633998E-06  2.070995E+02  1.248953E+02
-3.040390E-04  -1.721610E-04  2.066625E+02  1.251210E+02
1.131967E-03  5.410197E-04  2.062077E+02  1.253547E+02
1.285366E-04  6.175590E-05  2.057471E+02  1.255906E+02
3.158812E-04  1.539649E-04  2.053068E+02  1.258152E+02
-1.908628E-04  -9.283601E-05  2.048880E+02  1.260280E+02
1.136721E-05  4.926878E-06  2.046910E+02  1.261280E+02
2.126417E-04  1.025004E-04  2.044929E+02  1.262280E+02
-4.538731E-04  -2.194379E-04  2.040803E+02  1.264363E+02
-1.243567E-03  -6.418278E-04  2.036298E+02  1.266630E+02
-1.110813E-03  -5.468840E-04  2.031803E+02  1.268880E+02
-1.171762E-03  -6.087636E-04  2.027389E+02  1.271079E+02
-3.893334E-04  -2.069006E-04  2.022841E+02  1.273341E+02
5.184362E-05  1.444045E-05  2.018256E+02  1.275607E+02
5.589915E-05  1.131843E-05  2.013605E+02  1.277902E+02
-5.849155E-04  -3.020665E-04  2.008700E+02  1.280306E+02
-4.143613E-04  -2.122170E-04  2.004100E+02  1.282557E+02
-6.906576E-05  -3.607969E-05  1.999515E+02  1.284790E+02
1.174272E-03  6.068771E-04  1.994625E+02  1.287160E+02
8.813293E-04  4.293671E-04  1.990110E+02  1.289338E+02
7.838502E-04  4.061313E-04  1.985684E+02  1.291467E+02
-2.202926E-04  -8.576467E-05  1.980934E+02  1.293743E+02
-3.810157E-04  -1.711355E-04  1.976263E+02  1.295976E+02
-4.306141E-04  -2.113041E-04  1.971764E+02  1.298113E+02
-8.803662E-04  -4.487150E-04  1.967371E+02  1.300192E+02
-4.891395E-04  -2.453672E-04  1.962753E+02  1.302373E+02
-5.069279E-04  -2.415871E-04  1.958171E+02  1.304525E+02
8.042032E-05  3.963041E-05  1.953839E+02  1.306555E+02
-4.336185E-04  -2.174819E-04  1.949555E+02  1.308556E+02
-1.418814E-03  -7.464601E-04  1.944772E+02  1.310780E+02
-1.552417E-03  -7.516943E-04  1.940074E+02  1.312953E+02
-2.274491E-03  -1.165850E-03  1.935339E+02  1.315140E+02
-3.042674E-03  -1.449030E-03  1.930585E+02  1.317320E+02
-1.942814E-03  -9.934816E-04  1.925972E+02  1.319434E+02
-1.938566E-03  -9.136442E-04  1.921353E+02  1.321540E+02
-1.852100E-03  -9.557783E-04  1.916752E+02  1.323631E+02
-2.728262E-03  -1.310704E-03  1.912147E+02  1.325714E+02
-3.399009E-03  -1.747810E-03  1.907185E+02  1.327949E+02
-3.765389E-03  -1.824210E-03  1.903018E+02  1.329823E+02
-3.495789E-03  -1.786489E-03  1.898859E+02  1.331685E+02
-3.317013E-03  -1.613230E-03  1.894373E+02  1.333683E+02
-3.637543E-03  -1.858588E-03  1.889975E+02  1.335641E+02
-3.986195E-03  -1.897975E-03  1.885234E+02  1.337740E+02
-4.356374E-03  -2.190521E-03  1.880581E+02  1.339790E+02
-4.966600E-03  -2.389547E-03  1.876243E+02  1.341699E+02
-4.885743E-03  -2.460498E-03  1.871912E+02  1.343596E+02
-4.457171E-03  -2.146052E-03  1.867281E+02  1.345618E+02
-5.218874E-03  -2.654718E-03  1.862246E+02  1.347807E+02
-5.418551E-03  -2.581090E-03  1.857370E+02  1.349920E+02
-5.229414E-03  -2.636016E-03  1.852608E+02  1.351972E+02
-5.975037E-03  -2.865098E-03  1.847971E+02  1.353968E+02
-5.412887E-03  -2.701300E-03  1.843282E+02  1.355977E+02
-5.616506E-03  -2.736657E-03  1.838672E+02  1.357944E+02
-6.149215E-03  -2.888181E-03  1.834156E+02  1.359864E+02
-6.559538E-03  -3.247052E-03  1.829696E+02  1.361753E+02
-7.704393E-03  -3.652985E-03  1.825012E+02  1.363727E+02
-7.500221E-03  -3.621603E-03  1.820480E+02  1.365637E+02
-2.472427E-04  -1.380719E-04  1.815927E+02  1.367548E+02
-1.089377E-03  -5.158705E-04  1.811158E+02  1.369541E+02
-1.204038E-03  -5.933900E-04  1.806435E+02  1.371505E+02
-1.382401E-03  -6.989241E-04  1.801701E+02  1.373468E+02
-8.850580E-04  -4.342777E-04  1.797022E+02  1.375404E+02
-1.422561E-03  -6.455952E-04  1.792370E+02  1.377318E+02
-1.439433E-03  -6.929273E-04  1.787608E+02  1.379274E+02
-2.167774E-03  -1.132290E-03  1.782662E+02  1.381294E+02
-2.655522E-03  -1.287126E-03  1.777701E+02  1.383314E+02
-2.321268E-03  -1.083532E-03  1.773263E+02  1.385115E+02
-2.120408E-03  -1.043958E-03  1.768870E+02  1.386891E+02
-1.488587E-03  -7.214406E-04  1.764071E+02  1.388826E+02
-1.582505E-03  -7.937381E-04  1.759442E+02  1.390685E+02
-2.249415E-03  -1.025468E-03  1.754869E+02  1.392516E+02
-2.269670E-03  -1.096733E-03  1.750007E+02  1.394457E+02
-1.571147E-03  -7.119308E-04  1.745180E+02  1.396373E+02
-1.418769E-03  -6.826416E-04  1.740233E+02  1.398331E+02
-1.904345E-03  -9.517404E-04  1.735343E+02  1.400263E+02
-2.267230E-03  -1.082316E-03  1.730671E+02  1.402097E+02
-2.212421E-03  -1.112441E-03  1.726116E+02  1.403881E+02
-2.773040E-03  -1.313914E-03  1.720926E+02  1.405910E+02
-3.349144E-03  -1.650434E-03  1.715610E+02  1.407974E+02
-3.306845E-03  -1.557947E-03  1.710363E+02  1.410008E+02
-2.910392E-03  -1.425608E-03  1.705366E+02  1.411934E+02
-2.814864E-03  -1.326210E-03  1.700708E+02  1.413727E+02
-2.909502E-03  -1.443442E-03  1.696044E+02  1.415512E+02
-2.610256E-03  -1.245561E-03  1.691446E+02  1.417270E+02
-2.179308E-03  -1.009441E-03  1.686835E+02  1.419023E+02
-2.757807E-03  -1.308947E-03  1.682424E+02  1.420698E+02
-2.375970E-03  -1.185855E-03  1.678005E+02  1.422368E+02
-2.645816E-03  -1.256549E-03  1.673357E+02  1.424119E+02
-2.693764E-03  -1.228500E-03  1.668760E+02  1.425845E+02
-2.574945E-03  -1.248121E-03  1.664035E+02  1.427616E+02
-2.460007E-03  -1.155099E-03  1.659220E+02  1.429410E+02
-2.055688E-03  -1.001812E-03  1.654810E+02  1.431052E+02
-1.647298E-03  -7.594590E-04  1.650381E+02  1.432691E+02
-1.943956E-03  -9.321560E-04  1.645394E+02  1.434536E+02
-1.711319E-03  -7.942304E-04  1.640378E+02  1.436382E+02
-1.115146E-03  -5.344115E-04  1.635391E+02  1.438208E+02
-1.032974E-03  -4.786879E-04  1.630367E+02  1.440046E+02
-2.099141E-04  -9.939317E-05  1.625656E+02  1.441762E+02
-5.520828E-04  -2.655891E-04  1.621023E+02  1.443442E+02
8.788541E-05  2.887349E-05  1.616257E+02  1.445166E+02
3.400373E-04  1.512399E-04  1.611527E+02  1.446873E+02
4.224844E-04  1.866116E-04  1.607049E+02  1.448480E+02
1.025649E-04  4.100684E-05  1.602678E+02  1.450048E+02
2.037672E-05  -2.476082E-06  1.597662E+02  1.451839E+02
-3.580661E-04  -1.615337E-04  1.592727E+02  1.453593E+02
4.919409E-04  2.352123E-04  1.587774E+02  1.455348E+02
4.470314E-04  2.050479E-04  1.582869E+02  1.457081E+02
6.733013E-04  3.180227E-04  1.578202E+02  1.458725E+02
1.206480E-03  5.808384E-04  1.573597E+02  1.460341E+02
1.041810E-03  4.879894E-04  1.568872E+02  1.461996E+02
1.175385E-03  5.347551E-04  1.564498E+02  1.463519E+02
1.623678E-03  7.701479E-04  1.560237E+02  1.465002E+02
1.220673E-03  5.432453E-04  1.555789E+02  1.466542E+02
1.536714E-03  7.084814E-04  1.550300E+02  1.468440E+02
1.684310E-03  8.046977E-04  1.545351E+02  1.470142E+02
1.423458E-03  6.656042E-04  1.540870E+02  1.471681E+02
1.197597E-03  5.389263E-04  1.536385E+02  1.473215E+02
8.583281E-04  3.951482E-04  1.531494E+02  1.474882E+02
1.123118E-03  5.336509E-04  1.526530E+02  1.476568E+02
9.302608E-04  4.324154E-04  1.521956E+02  1.478115E+02
5.343431E-04  2.437519E-04  1.517476E+02  1.479629E+02
6.083221E-04  2.876900E-04  1.512997E+02  1.481136E+02
5.907530E-04  2.781692E-04  1.508121E+02  1.482771E+02
7.337615E-04  3.292538E-04  1.505519E+02  1.483642E+02
4.822816E-04  2.215105E-04  1.502912E+02  1.484513E+02
1.164028E-03  5.441474E-04  1.498096E+02  1.486117E+02
6.804577E-04  3.157286E-04  1.493330E+02  1.487700E+02
1.152462E-03  5.469918E-04  1.488082E+02  1.489434E+02
9.603252E-04  4.545603E-04  1.483059E+02  1.491090E+02
6.817237E-04  3.140802E-04  1.478077E+02  1.492727E+02
7.779529E-04  3.579634E-04  1.472450E+02  1.494570E+02
1.126130E-03  5.160501E-04  1.467629E+02  1.496145E+02
3.783496E-04  1.767117E-04  1.462845E+02  1.497699E+02
5.037739E-04  2.291658E-04  1.458171E+02  1.499213E+02
7.892522E-04  3.643133E-04  1.453463E+02  1.500736E+02
6.632050E-04  2.964150E-04  1.448780E+02  1.502245E+02
1.300816E-03  5.867091E-04  1.443489E+02  1.503941E+02
1.239210E-03  5.715310E-04  1.438313E+02  1.505599E+02
9.793424E-04  4.464751E-04  1.433173E+02  1.507236E+02
1.072020E-03  4.965320E-04  1.428162E+02  1.508828E+02
1.534052E-03  6.817542E-04  1.422893E+02  1.510497E+02
1.596476E-03  7.148574E-04  1.420084E+02  1.511382E+02
1.510005E-03  6.888887E-04  1.417280E+02  1.512267E+02
1.253487E-03  5.622826E-04  1.412028E+02  1.513918E+02
1.786186E-03  8.173157E-04  1.407034E+02  1.515481E+02
1.678713E-03  7.539765E-04  1.402336E+02  1.516949E+02
1.355641E-03  6.215504E-04  1.397636E+02  1.518411E+02
1.664022E-03  7.341032E-04  1.392875E+02  1.519886E+02
1.850743E-03  8.280844E-04  1.388381E+02  1.521276E+02
1.443268E-03  6.723551E-04  1.383907E+02  1.522656E+02
1.585355E-03  7.235327E-04  1.378780E+02  1.524234E+02
2.128056E-03  9.086349E-04  1.373597E+02  1.525821E+02
2.512192E-03  1.103782E-03  1.368241E+02  1.527457E+02
2.582825E-03  1.155159E-03  1.362918E+02  1.529075E+02
2.136679E-03  9.734963E-04  1.357713E+02  1.530652E+02
2.142306E-03  9.664237E-04  1.352905E+02  1.532104E+02
2.106976E-03  9.529426E-04  1.348174E+02  1.533528E+02
1.398379E-03  6.268008E-04  1.343110E+02  1.535049E+02
1.387319E-03  6.322928E-04  1.338603E+02  1.536398E+02
1.683209E-03  7.543613E-04  1.334165E+02  1.537720E+02
1.973305E-03  8.891546E-04  1.329692E+02  1.539051E+02
1.924980E-03  8.879707E-04  1.325252E+02  1.540369E+02
1.877225E-03  8.494527E-04  1.320431E+02  1.541792E+02
2.248854E-03  1.017586E-03  1.315759E+02  1.543170E+02
2.584425E-03  1.173266E-03  1.310743E+02  1.544645E+02
2.455458E-03  1.106675E-03  1.305559E+02  1.546161E+02
2.085393E-03  9.341563E-04  1.300649E+02  1.547597E+02
2.182396E-03  9.871332E-04  1.295705E+02  1.549033E+02
1.901376E-03  8.650487E-04  1.290186E+02  1.550633E+02
1.835101E-03  8.003331E-04  1.284959E+02  1.552143E+02
1.674774E-03  7.665526E-04  1.279843E+02  1.553616E+02
1.892220E-03  8.483288E-04  1.274788E+02  1.555067E+02
2.265008E-03  1.056728E-03  1.272283E+02  1.555786E+02
2.296465E-03  1.023510E-03  1.269760E+02  1.556505E+02
2.839013E-03  1.285122E-03  1.264981E+02  1.557867E+02
2.460418E-03  1.074123E-03  1.260161E+02  1.559237E+02
2.874681E-03  1.287383E-03  1.255391E+02  1.560589E+02
2.726153E-03  1.171821E-03  1.249900E+02  1.562139E+02
2.902595E-03  1.302804E-03  1.245076E+02  1.563497E+02
3.344232E-03  1.432959E-03  1.240321E+02  1.564833E+02
3.485747E-03  1.559627E-03  1.235510E+02  1.566177E+02
3.486655E-03  1.490163E-03  1.230629E+02  1.567539E+02
3.466609E-03  1.548789E-03  1.225663E+02  1.568919E+02
3.180065E-03  1.362309E-03  1.220655E+02  1.570307E+02
3.001500E-03  1.332754E-03  1.215917E+02  1.571615E+02
3.049211E-03  1.407202E-03  1.211238E+02  1.572903E+02
3.055551E-03  1.344068E-03  1.206615E+02  1.574171E+02
2.697585E-03  1.248782E-03  1.202082E+02  1.575413E+02
2.770294E-03  1.230880E-03  1.197528E+02  1.576655E+02
2.829285E-03  1.197107E-03  1.192860E+02  1.577924E+02
2.446328E-03  1.077489E-03  1.188344E+02  1.579151E+02
2.609581E-03  1.110813E-03  1.183808E+02  1.580375E+02
2.728644E-03  1.210619E-03  1.179540E+02  1.581527E+02
2.457521E-03  1.047862E-03  1.175264E+02  1.582677E+02
2.674048E-03  1.161484E-03  1.170621E+02  1.583922E+02
2.025400E-04  9.802701E-05  1.165441E+02  1.585310E+02
4.524312E-04  2.005679E-04  1.159463E+02  1.586899E+02
2.738332E-04  1.195052E-04  1.156149E+02  1.587781E+02
2.787191E-04  1.230272E-04  1.152824E+02  1.588662E+02
1.009241E-04  4.156315E-05  1.148395E+02  1.589833E+02
6.784318E-05  2.614210E-05  1.142967E+02  1.591262E+02
1.553253E-04  6.711143E-05  1.138350E+02  1.592474E+02
2.613968E-04  1.141663E-04  1.133776E+02  1.593672E+02
-1.060533E-04  -4.445841E-05  1.129110E+02  1.594891E+02
-1.994732E-04  -8.877126E-05  1.124400E+02  1.596118E+02
-2.472937E-04  -1.089977E-04  1.119707E+02  1.597336E+02
-4.530269E-04  -1.991451E-04  1.114869E+02  1.598587E+02
-4.170982E-04  -1.918910E-04  1.109781E+02  1.599899E+02
-1.805907E-04  -8.888022E-05  1.104926E+02  1.601147E+02
3.079646E-05  1.221744E-06  1.100124E+02  1.602380E+02
5.493036E-04  2.381277E-04  1.094949E+02  1.603702E+02
8.230446E-05  3.997965E-05  1.090455E+02  1.604846E+02
-1.359121E-04  -5.913772E-05  1.086001E+02  1.605976E+02
-2.096089E-04  -9.336182E-05  1.080725E+02  1.607314E+02
2.153298E-05  2.703366E-06  1.076043E+02  1.608494E+02
8.770720E-05  3.154621E-05  1.071477E+02  1.609642E+02
-1.486824E-04  -7.043958E-05  1.066800E+02  1.610816E+02
-2.415259E-04  -1.081636E-04  1.062182E+02  1.611972E+02
-2.367992E-05  -1.436330E-05  1.057580E+02  1.613119E+02
1.601336E-04  7.003740E-05  1.052773E+02  1.614316E+02
1.046773E-04  5.039045E-05  1.047231E+02  1.615688E+02
1.843367E-04  8.590353E-05  1.042565E+02  1.616842E+02
-1.582198E-04  -5.364449E-05  1.037886E+02  1.617993E+02
-1.648503E-04  -5.616448E-05  1.033017E+02  1.619189E+02
6.187481E-04  2.688261E-04  1.027688E+02  1.620495E+02
6.977552E-04  2.876136E-04  1.022781E+02  1.621692E+02
1.077991E-03  4.660530E-04  1.018289E+02  1.622784E+02
9.826959E-04  4.373734E-04  1.013843E+02  1.623861E+02
5.005406E-04  2.204159E-04  1.009257E+02  1.624970E+02
7.964203E-04  3.292174E-04  1.004696E+02  1.626072E+02
9.271586E-04  4.049057E-04  9.995394E+01  1.627311E+02
9.840932E-04  4.094378E-04  9.944740E+01  1.628523E+02
1.342613E-03  5.937452E-04  9.891214E+01  1.629802E+02
1.385347E-03  5.655332E-04  9.866714E+01  1.630386E+02
1.449658E-03  6.208614E-04  9.842224E+01  1.630970E+02
1.533563E-03  6.916900E-04  9.797021E+01  1.632043E+02
1.643998E-03  6.892338E-04  9.748958E+01  1.633180E+02
1.429894E-03  6.514381E-04  9.700262E+01  1.634327E+02
1.060648E-03  4.609157E-04  9.654090E+01  1.635413E+02
1.367527E-03  6.043877E-04  9.608061E+01  1.636492E+02
1.265064E-03  5.279437E-04  9.561059E+01  1.637591E+02
1.213062E-03  5.308343E-04  9.516376E+01  1.638633E+02
1.172923E-03  5.132588E-04  9.472214E+01  1.639661E+02
5.206953E-04  2.359865E-04  9.409555E+01  1.641111E+02
4.915112E-04  2.038916E-04  9.351616E+01  1.642450E+02
4.923961E-04  2.133334E-04  9.295002E+01  1.643750E+02
9.196604E-05  5.288332E-05  9.241969E+01  1.644967E+02
8.405148E-05  4.289449E-05  9.192972E+01  1.646086E+02
-1.200752E-04  -4.023331E-05  9.144847E+01  1.647182E+02
-5.384911E-04  -2.177838E-04  9.100495E+01  1.648187E+02
-7.533254E-04  -3.269861E-04  9.056984E+01  1.649173E+02
-1.504336E-04  -8.391618E-05  9.007160E+01  1.650298E+02
4.226228E-04  1.551134E-04  8.964950E+01  1.651248E+02
5.850984E-04  2.361271E-04  8.923303E+01  1.652182E+02
9.795081E-04  4.148828E-04  8.873559E+01  1.653295E+02
8.684968E-04  3.534670E-04  8.824122E+01  1.654399E+02
1.079779E-03  4.647670E-04  8.778215E+01  1.655420E+02
1.054152E-03  4.305725E-04  8.733339E+01  1.656416E+02
7.564830E-04  3.343674E-04  8.682171E+01  1.657546E+02
1.116818E-04  6.053059E-05  8.630641E+01  1.658683E+02
-2.505225E-04  -8.301846E-05  8.579110E+01  1.659814E+02
-1.951352E-04  -6.664303E-05  8.524274E+01  1.661014E+02
-3.546803E-04  -1.338749E-04  8.478152E+01  1.662022E+02
-1.756616E-04  -5.548810E-05  8.432265E+01  1.663019E+02
1.781915E-05  2.369051E-05  8.386311E+01  1.664016E+02
-1.972282E-04  -6.967061E-05  8.340739E+01  1.665003E+02
-7.926248E-05  -2.050008E-05  8.295548E+01  1.665978E+02
1.641902E-05  1.488269E-05  8.251076E+01  1.666933E+02
2.075813E-04  8.102177E-05  8.202433E+01  1.667978E+02
2.737651E-04  1.146949E-04  8.155627E+01  1.668977E+02
4.777536E-04  2.033572E-04  8.111036E+01  1.669927E+02
2.553138E-04  1.100106E-04  8.069108E+01  1.670820E+02
1.555882E-04  7.354501E-05  8.027110E+01  1.671709E+02
-3.311441E-05  -1.166286E-06  7.982692E+01  1.672650E+02
-1.318805E-04  -4.177665E-05  7.940987E+01  1.673529E+02
2.654241E-04  1.108043E-04  7.899883E+01  1.674392E+02
8.705491E-05  4.448636E-05  7.858079E+01  1.675270E+02
6.505204E-05  3.320407E-05  7.811174E+01  1.676250E+02
3.471689E-05  1.560979E-05  7.764932E+01  1.677214E+02
-3.150320E-05  -1.458345E-05  7.720845E+01  1.678132E+02
3.571618E-05  8.208895E-06  7.676727E+01  1.679045E+02
1.843050E-04  6.897740E-05  7.635919E+01  1.679889E+02
2.985174E-04  1.286672E-04  7.595202E+01  1.680729E+02
4.231569E-04  1.770259E-04  7.559301E+01  1.681467E+02
3.453135E-04  1.390970E-04  7.523680E+01  1.682199E+02
5.863044E-04  2.436571E-04  7.476801E+01  1.683158E+02
5.817768E-04  2.389366E-04  7.430201E+01  1.684110E+02
3.952599E-04  1.564803E-04  7.383432E+01  1.685060E+02
5.132424E-04  1.983751E-04  7.320161E+01  1.686345E+02
7.845799E-04  3.071932E-04  7.266596E+01  1.687426E+02
7.758761E-04  3.139150E-04  7.241108E+01  1.687940E+02
9.886756E-04  4.131187E-04  7.215496E+01  1.688454E+02
1.003913E-03  4.170646E-04  7.173731E+01  1.689294E+02
5.385024E-04  2.282872E-04  7.131440E+01  1.690141E+02
5.871106E-04  2.286687E-04  7.089419E+01  1.690979E+02
5.581057E-04  2.267909E-04  7.046495E+01  1.691833E+02
4.955518E-04  1.936078E-04  7.004316E+01  1.692671E+02
4.835261E-04  1.890755E-04  6.952669E+01  1.693694E+02
2.857120E-04  1.203464E-04  6.897162E+01  1.694789E+02
5.600036E-04  2.217640E-04  6.863864E+01  1.695444E+02
7.223850E-04  2.960908E-04  6.830414E+01  1.696100E+02
9.905233E-04  4.104551E-04  6.789033E+01  1.696911E+02
8.976611E-04  3.744991E-04  6.745373E+01  1.697764E+02
1.004458E-03  4.163982E-04  6.719665E+01  1.698265E+02
9.266936E-04  3.691875E-04  6.693860E+01  1.698765E+02
8.536134E-04  3.391671E-04  6.666752E+01  1.699292E+02
6.935579E-04  2.862103E-04  6.639627E+01  1.699818E+02
5.640928E-04  2.325604E-04  6.596617E+01  1.700650E+02
5.934583E-04  2.365686E-04  6.553700E+01  1.701477E+02
6.545155E-04  2.654572E-04  6.509754E+01  1.702322E+02
9.115274E-04  3.813073E-04  6.465895E+01  1.703163E+02
1.122238E-03  4.430829E-04  6.435143E+01  1.703753E+02
1.230881E-03  5.054791E-04  6.404187E+01  1.704343E+02
1.258968E-03  5.030495E-04  6.377167E+01  1.704858E+02
1.196820E-03  5.082988E-04  6.350073E+01  1.705373E+02
1.388823E-03  5.617865E-04  6.310611E+01  1.706123E+02
1.267257E-03  4.922907E-04  6.264449E+01  1.706998E+02
1.256350E-03  5.139155E-04  6.223046E+01  1.707778E+02
1.254690E-03  5.040464E-04  6.182547E+01  1.708542E+02
1.642774E-03  6.840056E-04  6.146279E+01  1.709223E+02
1.446259E-03  5.965841E-04  6.110407E+01  1.709894E+02
1.423770E-03  5.659334E-04  6.069700E+01  1.710656E+02
1.545711E-03  6.408870E-04  6.018491E+01  1.711609E+02
1.263601E-03  5.045832E-04  5.971449E+01  1.712484E+02
1.193976E-03  4.880865E-04  5.924288E+01  1.713357E+02
1.175555E-03  4.514497E-04  5.896631E+01  1.713866E+02
1.113736E-03  4.491615E-04  5.869135E+01  1.714376E+02
8.461191E-04  3.308769E-04  5.829508E+01  1.715103E+02
5.857266E-04  2.428602E-04  5.791180E+01  1.715806E+02
3.345467E-04  1.478600E-04  5.752569E+01  1.716514E+02
4.446453E-04  1.844730E-04  5.713966E+01  1.717219E+02
1.252295E-04  6.027578E-05  5.671464E+01  1.717992E+02
4.754618E-05  2.505947E-05  5.624451E+01  1.718846E+02
1.942433E-05  2.110059E-05  5.577597E+01  1.719695E+02
1.047777E-05  1.897318E-05  5.552251E+01  1.720152E+02
-3.190335E-06  1.358812E-05  5.526823E+01  1.720610E+02
-2.881202E-05  8.877000E-06  5.497006E+01  1.721148E+02
2.883530E-06  2.457072E-05  5.466828E+01  1.721688E+02
5.338542E-04  2.145823E-04  5.416932E+01  1.722583E+02
2.365574E-04  9.835814E-05  5.372232E+01  1.723382E+02
6.789835E-04  2.776832E-04  5.327875E+01  1.724172E+02
9.937423E-04  4.167334E-04  5.279249E+01  1.725034E+02
1.172665E-03  4.664149E-04  5.235548E+01  1.725807E+02
1.254092E-03  4.813259E-04  5.192201E+01  1.726573E+02
1.368216E-03  5.571469E-04  5.151767E+01  1.727284E+02
1.196611E-03  4.688973E-04  5.112136E+01  1.727981E+02
1.259623E-03  5.149748E-04  5.080895E+01  1.728527E+02
1.275634E-03  5.119600E-04  5.049589E+01  1.729074E+02
1.258792E-03  4.793676E-04  5.013896E+01  1.729696E+02
1.139105E-03  4.609190E-04  4.982202E+01  1.730248E+02
1.148796E-03  4.408261E-04  4.950609E+01  1.730797E+02
1.284470E-03  5.117866E-04  4.913098E+01  1.731447E+02
1.335164E-03  5.190887E-04  4.868405E+01  1.732220E+02
1.315229E-03  5.358395E-04  4.837990E+01  1.732744E+02
1.318924E-03  5.081780E-04  4.807583E+01  1.733267E+02
1.358846E-03  5.643437E-04  4.773086E+01  1.733860E+02
7.371491E-04  3.187220E-04  4.715842E+01  1.734838E+02
7.863155E-04  3.169547E-04  4.688201E+01  1.735311E+02
7.560666E-04  2.902920E-04  4.660367E+01  1.735784E+02
8.064939E-04  3.120879E-04  4.626246E+01  1.736363E+02
1.005199E-03  4.024684E-04  4.592041E+01  1.736943E+02
1.065785E-03  4.458623E-04  4.561755E+01  1.737455E+02
1.147644E-03  4.551423E-04  4.531556E+01  1.737964E+02
1.271001E-03  5.235808E-04  4.497997E+01  1.738530E+02
1.372866E-03  5.353488E-04  4.464404E+01  1.739094E+02
1.560361E-03  6.369635E-04  4.418726E+01  1.739859E+02
4.343045E-05  1.914032E-05  4.373457E+01  1.740615E+02
-3.742209E-05  -1.469768E-05  4.326118E+01  1.741403E+02
3.043410E-05  1.169454E-05  4.302762E+01  1.741791E+02
7.732356E-05  2.986216E-05  4.279313E+01  1.742179E+02
2.918233E-04  1.113205E-04  4.246490E+01  1.742722E+02
1.534197E-04  6.244956E-05  4.212201E+01  1.743289E+02
1.422366E-04  5.496803E-05  4.177812E+01  1.743856E+02
8.578964E-05  3.224900E-05  4.142607E+01  1.744434E+02
1.304023E-04  4.910294E-05  4.107930E+01  1.745002E+02
1.894328E-04  7.404367E-05  4.073757E+01  1.745562E+02
1.023213E-04  3.567538E-05  4.030972E+01  1.746260E+02
-4.670145E-05  -1.880804E-05  3.988917E+01  1.746945E+02
1.391343E-04  4.126652E-05  3.950250E+01  1.747572E+02
3.490387E-04  1.276824E-04  3.912369E+01  1.748186E+02
2.298547E-04  9.465078E-05  3.872249E+01  1.748836E+02
3.363297E-04  1.303358E-04  3.833275E+01  1.749464E+02
3.187554E-04  1.197158E-04  3.794765E+01  1.750083E+02
1.836886E-04  7.112854E-05  3.751101E+01  1.750785E+02
2.891884E-04  1.148781E-04  3.732591E+01  1.751081E+02
2.782804E-04  1.049594E-04  3.714046E+01  1.751378E+02
3.380950E-04  1.249426E-04  3.685975E+01  1.751826E+02
2.908639E-04  1.132629E-04  3.667407E+01  1.752123E+02
3.766604E-04  1.541160E-04  3.648820E+01  1.752419E+02
4.898273E-04  1.919728E-04  3.624331E+01  1.752808E+02
6.630380E-04  2.468347E-04  3.599877E+01  1.753197E+02
5.662874E-04  2.106485E-04  3.547925E+01  1.754022E+02
4.647902E-04  1.759965E-04  3.521848E+01  1.754434E+02
6.187210E-04  2.433378E-04  3.495673E+01  1.754846E+02
7.720849E-04  3.404722E-04  3.462046E+01  1.755377E+02
8.849906E-04  3.697547E-04  3.418641E+01  1.756059E+02
1.000693E-03  3.994421E-04  3.397187E+01  1.756397E+02
1.019765E-03  3.868540E-04  3.375729E+01  1.756734E+02
1.019618E-03  4.118631E-04  3.340980E+01  1.757277E+02
1.401584E-03  5.271461E-04  3.306264E+01  1.757820E+02
1.287441E-03  5.239102E-04  3.260843E+01  1.758528E+02
1.521272E-03  5.836023E-04  3.227623E+01  1.759042E+02
1.276294E-03  4.654657E-04  3.194330E+01  1.759557E+02
1.333926E-03  5.109283E-04  3.162742E+01  1.760043E+02
1.224207E-03  4.435432E-04  3.147014E+01  1.760282E+02
1.174634E-03  4.428718E-04  3.131588E+01  1.760521E+02
1.026516E-03  4.048129E-04  3.101555E+01  1.760982E+02
1.108992E-03  4.164172E-04  3.074225E+01  1.761400E+02
9.934432E-04  3.929618E-04  3.046793E+01  1.761817E+02
1.193865E-03  4.475913E-04  3.020856E+01  1.762213E+02
1.140863E-03  4.407153E-04  2.994700E+01  1.762609E+02
1.715037E-05  5.560969E-06  2.961709E+01  1.763109E+02
1.655016E-05  5.635847E-06  2.933887E+01  1.763527E+02
8.630463E-05  3.106842E-05  2.906772E+01  1.763937E+02
1.122993E-04  4.339951E-05  2.882186E+01  1.764305E+02
1.417126E-04  5.140373E-05  2.858069E+01  1.764667E+02
1.554804E-04  6.156972E-05  2.839882E+01  1.764939E+02
1.201608E-04  4.657799E-05  2.821754E+01  1.765211E+02
1.242303E-04  4.940916E-05  2.806235E+01  1.765441E+02
4.757076E-05  2.144737E-05  2.790820E+01  1.765672E+02
-1.794646E-04  -5.979911E-05  2.763335E+01  1.766081E+02
-2.024634E-04  -7.337728E-05  2.735727E+01  1.766489E+02
-2.159615E-04  -8.166729E-05  2.708524E+01  1.766893E+02
-2.541922E-04  -1.006491E-04  2.676536E+01  1.767365E+02
-3.680630E-04  -1.441407E-04  2.645165E+01  1.767828E+02
-3.084991E-04  -1.160809E-04  2.629869E+01  1.768053E+02
-3.537251E-04  -1.387702E-04  2.614509E+01  1.768279E+02
-3.739257E-04  -1.478465E-04  2.583304E+01  1.768735E+02
-3.373235E-04  -1.282026E-04  2.564165E+01  1.769016E+02
-2.877223E-04  -1.015275E-04  2.545038E+01  1.769296E+02
-1.811006E-04  -6.730345E-05  2.524540E+01  1.769595E+02
-2.487174E-04  -9.539998E-05  2.503967E+01  1.769894E+02
-2.832639E-04  -1.043712E-04  2.481187E+01  1.770225E+02
-2.824878E-04  -1.065593E-04  2.451678E+01  1.770655E+02
-3.688760E-04  -1.440582E-04  2.425619E+01  1.771032E+02
-4.713900E-04  -1.685996E-04  2.402611E+01  1.771365E+02
-5.560778E-04  -2.090907E-04  2.379345E+01  1.771701E+02
-4.605403E-04  -1.722813E-04  2.353687E+01  1.772070E+02
-4.281848E-04  -1.716718E-04  2.330892E+01  1.772399E+02
-4.281014E-04  -1.611846E-04  2.309660E+01  1.772703E+02
-4.403939E-04  -1.745921E-04  2.288957E+01  1.773001E+02
-3.257022E-04  -1.237394E-04  2.262486E+01  1.773380E+02
-4.068040E-04  -1.546476E-04  2.234343E+01  1.773782E+02
-4.054352E-04  -1.601951E-04  2.206149E+01  1.774184E+02
-3.468479E-04  -1.333159E-04  2.178121E+01  1.774583E+02
-3.655838E-04  -1.347533E-04  2.150136E+01  1.774981E+02
-3.512263E-04  -1.337779E-04  2.121702E+01  1.775384E+02
-4.544211E-04  -1.734336E-04  2.100062E+01  1.775691E+02
-3.414602E-04  -1.316663E-04  2.078381E+01  1.775997E+02
-3.480260E-04  -1.368784E-04  2.054865E+01  1.776330E+02
-3.509215E-04  -1.316929E-04  2.031250E+01  1.776663E+02
-3.461493E-04  -1.358530E-04  2.010733E+01  1.776952E+02
-3.798180E-04  -1.370820E-04  1.990002E+01  1.777244E+02
-3.265718E-04  -1.290472E-04  1.965738E+01  1.777585E+02
-3.846723E-04  -1.463119E-04  1.944945E+01  1.777876E+02
-3.541445E-04  -1.273645E-04  1.924349E+01  1.778165E+02
-3.293139E-04  -1.229041E-04  1.903263E+01  1.778460E+02
-2.041961E-04  -7.752195E-05  1.882224E+01  1.778754E+02
-2.366668E-04  -8.929416E-05  1.862796E+01  1.779026E+02
-2.391400E-04  -9.438865E-05  1.843299E+01  1.779298E+02
-2.059863E-04  -7.795662E-05  1.826068E+01  1.779537E+02
-3.309065E-04  -1.300014E-04  1.808953E+01  1.779776E+02
-3.461354E-04  -1.326437E-04  1.789929E+01  1.780040E+02
-3.920964E-04  -1.430762E-04  1.771304E+01  1.780299E+02
-3.542240E-04  -1.343619E-04  1.757599E+01  1.780489E+02
-3.159751E-04  -1.239107E-04  1.743839E+01  1.780679E+02
-3.156581E-04  -1.211249E-04  1.728932E+01  1.780887E+02
-3.477209E-04  -1.356328E-04  1.713838E+01  1.781094E+02
-1.418590E-05  -1.524837E-05  1.690510E+01  1.781418E+02
-2.472940E-05  -1.895224E-05  1.667532E+01  1.781735E+02
7.175836E-05  1.202321E-05  1.640895E+01  1.782103E+02
2.669647E-04  7.893875E-05  1.614166E+01  1.782471E+02
3.232736E-04  1.044250E-04  1.589781E+01  1.782806E+02
4.900381E-04  1.660731E-04  1.565507E+01  1.783139E+02
4.864444E-04  1.779651E-04  1.540022E+01  1.783489E+02
3.915204E-04  1.400228E-04  1.511223E+01  1.783882E+02
3.920594E-04  1.481378E-04  1.497107E+01  1.784076E+02
4.185852E-04  1.593179E-04  1.482877E+01  1.784269E+02
4.493859E-04  1.636551E-04  1.469579E+01  1.784452E+02
4.456973E-04  1.686910E-04  1.456204E+01  1.784634E+02
4.103644E-04  1.507198E-04  1.433056E+01  1.784950E+02
4.460324E-04  1.687504E-04  1.421235E+01  1.785109E+02
4.486535E-04  1.593452E-04  1.409646E+01  1.785268E+02
3.538727E-04  1.378995E-04  1.390453E+01  1.785528E+02
4.231546E-04  1.551353E-04  1.377583E+01  1.785703E+02
4.283213E-04  1.630028E-04  1.364792E+01  1.785877E+02
4.399004E-04  1.591509E-04  1.347437E+01  1.786112E+02
4.076807E-04  1.535901E-04  1.330367E+01  1.786343E+02
4.350541E-04  1.573318E-04  1.310635E+01  1.786609E+02
5.304825E-04  2.029066E-04  1.280353E+01  1.787019E+02
5.814946E-04  2.133418E-04  1.249894E+01  1.787429E+02
6.151998E-04  2.386723E-04  1.222789E+01  1.787795E+02
5.793951E-04  2.107851E-04  1.206562E+01  1.788012E+02
-3.570295E-05  -1.502466E-05  1.190344E+01  1.788230E+02
3.757161E-05  8.996733E-06  1.168026E+01  1.788530E+02
-2.634639E-05  -1.440849E-05  1.156229E+01  1.788688E+02
-2.970326E-05  -1.466173E-05  1.144496E+01  1.788845E+02
-9.318330E-06  -6.675718E-06  1.126020E+01  1.789093E+02
-1.258523E-05  -8.767689E-06  1.116143E+01  1.789225E+02
8.509056E-06  -1.166326E-06  1.106272E+01  1.789357E+02
8.256507E-06  -2.828456E-07  1.088163E+01  1.789599E+02
-1.444936E-05  -8.304789E-06  1.066812E+01  1.789883E+02
3.020678E-05  8.275245E-06  1.044430E+01  1.790181E+02
3.282499E-05  1.169608E-05  1.031863E+01  1.790347E+02
8.341274E-06  3.712834E-06  1.019500E+01  1.790513E+02
7.768965E-06  6.219857E-06  1.001613E+01  1.790749E+02
-3.424427E-05  -9.395731E-06  9.843873E+00  1.790978E+02
-1.996678E-05  -5.388685E-06  9.666082E+00  1.791214E+02
7.251934E-05  2.502294E-05  9.487801E+00  1.791450E+02
6.218189E-05  2.333254E-05  9.324309E+00  1.791665E+02
1.634942E-04  5.912646E-05  9.162234E+00  1.791880E+02
1.806758E-04  6.673422E-05  8.985525E+00  1.792114E+02
1.718250E-04  6.160700E-05  8.809227E+00  1.792346E+02
1.608155E-04  5.701845E-05  8.658071E+00  1.792545E+02
2.017912E-04  7.515788E-05  8.506872E+00  1.792743E+02
2.173480E-04  7.955840E-05  8.355923E+00  1.792942E+02
2.430925E-04  8.681429E-05  8.203344E+00  1.793142E+02
2.903491E-04  1.038782E-04  8.003006E+00  1.793404E+02
3.052452E-04  1.175934E-04  7.804412E+00  1.793665E+02
2.982874E-04  1.099766E-04  7.699451E+00  1.793802E+02
3.131173E-04  1.112543E-04  7.648100E+00  1.793870E+02
3.355177E-04  1.238026E-04  7.595434E+00  1.793938E+02
2.764321E-04  9.870008E-05  7.411734E+00  1.794179E+02
2.607053E-04  9.779588E-05  7.238771E+00  1.794403E+02
2.853631E-04  1.024675E-04  7.084023E+00  1.794606E+02
2.488347E-04  8.649659E-05  6.925507E+00  1.794812E+02
2.608816E-04  9.491929E-05  6.827901E+00  1.794939E+02
2.748161E-04  1.020175E-04  6.731008E+00  1.795066E+02
2.909150E-04  1.138833E-04  6.557224E+00  1.795290E+02
3.037484E-04  1.132719E-04  6.395720E+00  1.795500E+02
3.339005E-04  1.180807E-04  6.233009E+00  1.795711E+02
3.587738E-04  1.344187E-04  6.025184E+00  1.795979E+02
3.782450E-04  1.338384E-04  5.919153E+00  1.796117E+02
3.802840E-04  1.414685E-04  5.810612E+00  1.796256E+02
4.371636E-04  1.669812E-04  5.668290E+00  1.796440E+02
4.346343E-04  1.596661E-04  5.522615E+00  1.796627E+02
4.332549E-04  1.519426E-04  5.383494E+00  1.796808E+02
4.564072E-04  1.700026E-04  5.241014E+00  1.796991E+02
5.453480E-04  1.901678E-04  5.071297E+00  1.797209E+02
6.148756E-04  2.165994E-04  4.864357E+00  1.797475E+02
6.433561E-04  2.312651E-04  4.689651E+00  1.797697E+02
3.648852E-05  1.117591E-05  4.605077E+00  1.797806E+02
3.577577E-05  1.082766E-05  4.519803E+00  1.797916E+02
4.226038E-05  1.368914E-05  4.449777E+00  1.798005E+02
6.617308E-05  2.156724E-05  4.378591E+00  1.798094E+02
3.903133E-05  1.284985E-05  4.212211E+00  1.798307E+02
4.613073E-05  1.504849E-05  4.137156E+00  1.798404E+02
4.383549E-05  1.424110E-05  4.099833E+00  1.798452E+02
3.942955E-05  1.253472E-05  4.061579E+00  1.798500E+02
7.775970E-05  2.319701E-05  3.904350E+00  1.798700E+02
7.314210E-05  2.373283E-05  3.763913E+00  1.798878E+02
7.726401E-05  2.407494E-05  3.637522E+00  1.799039E+02
1.033387E-04  3.444934E-05  3.508164E+00  1.799203E+02
1.126607E-04  3.940901E-05  3.443845E+00  1.799286E+02
1.026568E-04  3.491423E-05  3.378602E+00  1.799369E+02
1.046637E-04  3.433766E-05  3.316924E+00  1.799447E+02
1.069079E-04  3.646536E-05  3.284913E+00  1.799486E+02
1.048106E-04  3.726828E-05  3.254405E+00  1.799525E+02
1.146795E-04  3.861557E-05  3.132832E+00  1.799679E+02
1.093167E-04  3.514163E-05  3.071347E+00  1.799756E+02
1.062088E-04  3.602134E-05  3.010600E+00  1.799832E+02
7.724766E-05  2.505824E-05  2.868192E+00  1.800013E+02
1.076425E-04  3.507919E-05  2.787620E+00  1.800115E+02
9.968434E-05  3.276973E-05  2.705020E+00  1.800217E+02
1.012787E-04  3.487604E-05  2.588616E+00  1.800365E+02
1.355812E-04  4.840099E-05  2.468323E+00  1.800515E+02
1.231963E-04  4.628451E-05  2.343818E+00  1.800672E+02
1.311563E-04  4.689420E-05  2.229596E+00  1.800816E+02
1.435958E-04  4.942357E-05  2.115205E+00  1.800960E+02
1.473762E-04  5.223184E-05  2.001389E+00  1.801102E+02
1.549967E-04  5.355026E-05  1.889228E+00  1.801241E+02
1.629049E-04  5.577956E-05  1.780212E+00  1.801378E+02
1.670708E-04  5.781354E-05  1.668903E+00  1.801516E+02
1.696536E-04  6.146185E-05  1.556679E+00  1.801658E+02
1.868780E-04  6.694363E-05  1.440994E+00  1.801801E+02
2.020249E-04  7.161944E-05  1.327111E+00  1.801943E+02
1.981235E-04  7.345187E-05  1.217949E+00  1.802078E+02
2.030832E-04  7.278365E-05  1.109869E+00  1.802212E+02
2.201068E-04  7.727797E-05  1.000071E+00  1.802348E+02
2.208446E-04  7.999489E-05  9.480067E-01  1.802414E+02
2.243412E-04  7.915944E-05  8.953653E-01  1.802480E+02
2.146079E-04  7.709591E-05  8.382338E-01  1.802548E+02
2.216154E-04  7.775756E-05  8.113772E-01  1.802583E+02
2.235182E-04  7.937687E-05  7.833534E-01  1.802617E+02
2.243145E-04  8.058398E-05  7.313248E-01  1.802682E+02
2.236314E-04  8.076228E-05  6.761484E-01  1.802747E+02
2.351786E-04  8.588069E-05  5.762384E-01  1.802870E+02
-1.333170E-05  -4.168345E-06  4.738878E-01  1.802998E+02
-1.151925E-05  -3.973551E-06  3.669388E-01  1.803128E+02
-1.205553E-05  -4.111188E-06  3.148958E-01  1.803191E+02
-1.108034E-05  -3.893994E-06  2.669900E-01  1.803253E+02
-9.215830E-06  -3.643917E-06  1.603388E-01  1.803386E+02
-1.093533E-05  -4.110836E-06  5.168808E-02  1.803513E+02
-1.905871E-05  -5.506534E-06  -7.635963E-03  1.803631E+02
-2.052356E-05  -5.629565E-06  -7.786313E-03  1.803829E+02
1.022165E-04  4.096140E-05  -3.595893E-04  1.847121E+02
3.591328E-04  1.399469E-04  -3.104475E-04  1.919543E+02
-1.306132E-03  -4.055233E-04  4.362368E-03  2.091429E+02
2.209388E-03  9.807890E-04  4.344911E-05  2.614286E+02
8.904237E-04  4.647658E-04  3.550290E-04  3.267858E+02
7.619791E-03  2.218721E-03  8.980894E-03  4.051548E+02
-1.008563E-02  -5.250899E-03  -9.448904E-03  5.064434E+02
-5.255944E-06  1.048963E-04  7.824355E-04  5.697489E+02
-2.152010E-04  -8.041343E-05  -2.712752E-04  6.330543E+02
5.188832E-05  7.174190E-05  -6.752784E-04  6.930349E+02
9.458143E-03  1.909048E-02  -1.952962E-02  7.744030E+02
-1.110101E-04  -7.541063E-05  4.993744E-04  8.557711E+02
1.400729E-04  -7.344537E-05  4.020713E-04  9.026850E+02
2.962923E-05  -2.433010E-04  -2.785081E-04  9.495988E+02
-1.592571E-02  -1.128552E-02  -3.102883E-03  9.658484E+02
-1.711097E-02  -1.356325E-02  -1.747122E-02  9.820980E+02
-8.244768E-03  7.361076E-03  6.221707E-03  1.000000E+03
