# HSM/GeV  HNSM/GeV  HS/GeV  T/GeV
4.780954E+01  1.593651E+01  3.165435E-05  0.000000E+00
4.781023E+01  1.593674E+01  3.241872E-05  1.000000E+00
4.781375E+01  1.593792E+01  3.326557E-05  2.708091E+00
4.781626E+01  1.593876E+01  3.376727E-05  3.562136E+00
4.781774E+01  1.593925E+01  3.637449E-05  4.416181E+00
4.781681E+01  1.593894E+01  3.108408E-05  5.166005E+00
4.781237E+01  1.593746E+01  2.113038E-05  5.915830E+00
4.780679E+01  1.593560E+01  1.629503E-05  6.386206E+00
4.779858E+01  1.593286E+01  3.388437E-05  6.856582E+00
4.778706E+01  1.592903E+01  1.053148E-04  7.329629E+00
4.777186E+01  1.592395E+01  1.272324E-04  7.802675E+00
4.775530E+01  1.591844E+01  1.363055E-04  8.211571E+00
4.773518E+01  1.591173E+01  1.622552E-04  8.620466E+00
4.769261E+01  1.589754E+01  1.396589E-04  9.306161E+00
4.764545E+01  1.588182E+01  1.191744E-04  9.906604E+00
4.758755E+01  1.586253E+01  2.992961E-04  1.050776E+01
4.752752E+01  1.584252E+01  2.676508E-04  1.103686E+01
4.749171E+01  1.583058E+01  2.630999E-04  1.131839E+01
4.745317E+01  1.581773E+01  1.409885E-04  1.159992E+01
4.740355E+01  1.580119E+01  1.768705E-04  1.193522E+01
4.734986E+01  1.578328E+01  3.590568E-05  1.227051E+01
4.729120E+01  1.576372E+01  -2.139812E-04  1.260998E+01
4.722800E+01  1.574266E+01  -1.422912E-04  1.294946E+01
4.714754E+01  1.571585E+01  1.723911E-04  1.334979E+01
4.708437E+01  1.569482E+01  4.439229E-04  1.364306E+01
4.701762E+01  1.567256E+01  6.064129E-04  1.393633E+01
4.685980E+01  1.561994E+01  2.111516E-04  1.457175E+01
4.670831E+01  1.556945E+01  2.792931E-04  1.512231E+01
4.661625E+01  1.553877E+01  4.675162E-04  1.543430E+01
4.651947E+01  1.550651E+01  5.301379E-04  1.574628E+01
4.636024E+01  1.545341E+01  -2.787663E-05  1.622970E+01
4.622827E+01  1.540944E+01  4.736440E-04  1.660506E+01
4.608911E+01  1.536304E+01  2.113867E-04  1.698042E+01
4.593571E+01  1.531193E+01  9.832093E-04  1.737277E+01
4.579214E+01  1.526405E+01  3.590794E-05  1.772208E+01
4.557417E+01  1.519140E+01  4.452282E-04  1.822374E+01
4.528142E+01  1.509382E+01  3.163785E-04  1.885112E+01
4.501125E+01  1.500372E+01  -8.996580E-04  1.939035E+01
4.486428E+01  1.495474E+01  -6.808054E-04  1.967024E+01
4.471211E+01  1.490404E+01  1.228376E-05  1.995012E+01
4.434864E+01  1.478291E+01  7.410759E-04  2.058547E+01
4.413648E+01  1.471217E+01  1.761679E-04  2.093637E+01
4.391632E+01  1.463877E+01  4.986300E-05  2.128727E+01
4.367493E+01  1.455832E+01  2.228673E-04  2.165720E+01
4.355053E+01  1.451686E+01  5.787978E-04  2.184216E+01
4.342402E+01  1.447469E+01  3.668259E-04  2.202712E+01
4.325066E+01  1.441690E+01  3.019249E-04  2.227437E+01
4.307285E+01  1.435762E+01  1.653734E-04  2.252162E+01
4.297328E+01  1.432443E+01  1.334487E-04  2.265752E+01
4.287228E+01  1.429076E+01  -4.513764E-05  2.279343E+01
4.276208E+01  1.425403E+01  2.864138E-04  2.293954E+01
4.265022E+01  1.421676E+01  4.571421E-04  2.308565E+01
4.238007E+01  1.412671E+01  9.586859E-04  2.343014E+01
4.223602E+01  1.407873E+01  1.798316E-03  2.360874E+01
4.208992E+01  1.402997E+01  -3.446921E-05  2.378734E+01
4.184549E+01  1.394848E+01  -5.590032E-04  2.407873E+01
4.156997E+01  1.385661E+01  -1.542396E-03  2.439761E+01
4.129951E+01  1.376644E+01  -1.844765E-03  2.470092E+01
4.103105E+01  1.367702E+01  2.279126E-06  2.499362E+01
4.079339E+01  1.359779E+01  -4.335840E-04  2.524596E+01
4.054963E+01  1.351653E+01  -1.788081E-04  2.549830E+01
4.029187E+01  1.343063E+01  -2.481913E-06  2.575890E+01
4.010303E+01  1.336769E+01  3.487466E-04  2.594556E+01
3.991099E+01  1.330368E+01  5.186542E-04  2.613223E+01
3.972523E+01  1.324174E+01  1.566635E-06  2.630942E+01
3.953641E+01  1.317879E+01  -2.157654E-04  2.648662E+01
3.942732E+01  1.314243E+01  -2.563043E-04  2.658764E+01
3.931710E+01  1.310570E+01  -2.794167E-05  2.668866E+01
3.900526E+01  1.300175E+01  1.753641E-05  2.696948E+01
3.878919E+01  1.292974E+01  3.758219E-04  2.715936E+01
3.856944E+01  1.285651E+01  1.165212E-03  2.734924E+01
3.835619E+01  1.278540E+01  -1.810747E-05  2.753022E+01
3.810186E+01  1.270061E+01  -4.018153E-04  2.774192E+01
3.797259E+01  1.265751E+01  -7.619963E-04  2.784778E+01
3.784228E+01  1.261407E+01  -8.385916E-04  2.795363E+01
3.770307E+01  1.256768E+01  -5.598489E-04  2.806539E+01
3.750371E+01  1.250125E+01  3.633697E-04  2.822321E+01
3.738796E+01  1.246267E+01  3.634627E-04  2.831389E+01
3.727094E+01  1.242365E+01  6.733157E-06  2.840456E+01
3.698786E+01  1.232931E+01  9.876009E-04  2.862071E+01
3.685085E+01  1.228362E+01  7.307438E-05  2.872380E+01
3.671227E+01  1.223742E+01  -2.011625E-04  2.882688E+01
3.650516E+01  1.216837E+01  -6.797331E-04  2.897912E+01
3.619680E+01  1.206559E+01  5.877792E-06  2.920139E+01
3.604011E+01  1.201339E+01  4.597674E-04  2.931253E+01
3.588159E+01  1.196055E+01  4.628853E-04  2.942366E+01
3.576999E+01  1.192333E+01  2.142220E-04  2.950115E+01
3.565776E+01  1.188593E+01  5.311008E-04  2.957863E+01
3.540830E+01  1.180280E+01  1.102288E-03  2.974832E+01
3.517919E+01  1.172640E+01  -6.769222E-05  2.990163E+01
3.501070E+01  1.167025E+01  6.568088E-04  3.001285E+01
3.484027E+01  1.161345E+01  6.952477E-04  3.012407E+01
3.469372E+01  1.156461E+01  1.084987E-03  3.021856E+01
3.456920E+01  1.152306E+01  -6.897001E-05  3.029827E+01
3.449840E+01  1.149947E+01  -1.148250E-05  3.034324E+01
3.442739E+01  1.147580E+01  -1.152696E-04  3.038820E+01
3.414849E+01  1.138281E+01  -4.344715E-04  3.056249E+01
3.391761E+01  1.130587E+01  1.470599E-04  3.070444E+01
3.368307E+01  1.122770E+01  3.824996E-04  3.084639E+01
3.353155E+01  1.117721E+01  6.552317E-04  3.093687E+01
3.337875E+01  1.112627E+01  6.720330E-04  3.102735E+01
3.326144E+01  1.108716E+01  4.443244E-04  3.109617E+01
3.320254E+01  1.106752E+01  1.898067E-04  3.113058E+01
3.314334E+01  1.104778E+01  8.291838E-05  3.116500E+01
3.274964E+01  1.091655E+01  2.767114E-04  3.139045E+01
3.234625E+01  1.078205E+01  -1.001205E-03  3.161590E+01
3.215099E+01  1.071699E+01  -5.713373E-05  3.172281E+01
3.195343E+01  1.065112E+01  -8.426782E-04  3.182972E+01
3.176794E+01  1.058931E+01  -6.244499E-04  3.192892E+01
3.160984E+01  1.053659E+01  -6.765616E-04  3.201259E+01
3.147409E+01  1.049135E+01  -4.149184E-04  3.208375E+01
3.129966E+01  1.043322E+01  8.004317E-05  3.217430E+01
3.112352E+01  1.037450E+01  -1.231167E-04  3.226485E+01
3.096372E+01  1.032123E+01  -4.942199E-04  3.234611E+01
3.082731E+01  1.027576E+01  -5.612671E-04  3.241480E+01
3.069269E+01  1.023088E+01  -5.595344E-04  3.248215E+01
3.053563E+01  1.017855E+01  2.124351E-04  3.255993E+01
3.042318E+01  1.014105E+01  -2.730167E-04  3.261513E+01
3.036685E+01  1.012227E+01  -5.141920E-04  3.264273E+01
3.031005E+01  1.010334E+01  -4.979406E-04  3.267033E+01
3.002229E+01  1.000742E+01  -1.710478E-04  3.280903E+01
2.982743E+01  9.942460E+00  -8.684728E-04  3.290158E+01
2.963012E+01  9.876711E+00  2.645614E-05  3.299413E+01
2.953731E+01  9.845775E+00  1.523717E-04  3.303735E+01
2.944391E+01  9.814631E+00  5.239963E-05  3.308057E+01
2.935209E+01  9.784033E+00  1.401708E-04  3.312281E+01
2.925982E+01  9.753271E+00  9.098830E-06  3.316504E+01
2.915284E+01  9.717618E+00  1.537641E-04  3.321363E+01
2.905421E+01  9.684737E+00  5.513884E-05  3.325830E+01
2.892338E+01  9.641129E+00  -1.876568E-06  3.331697E+01
2.879165E+01  9.597207E+00  -5.378198E-04  3.337564E+01
2.866876E+01  9.556251E+00  -2.977824E-05  3.342993E+01
2.854496E+01  9.514988E+00  1.434761E-04  3.348421E+01
2.837366E+01  9.457895E+00  3.511710E-04  3.355870E+01
2.820049E+01  9.400184E+00  7.696689E-04  3.363319E+01
2.802910E+01  9.343046E+00  7.661063E-04  3.370625E+01
2.795481E+01  9.318268E+00  -4.345942E-05  3.373763E+01
2.788012E+01  9.293373E+00  3.643671E-05  3.376902E+01
2.774564E+01  9.248533E+00  -7.228849E-04  3.382531E+01
2.768136E+01  9.227109E+00  -8.036396E-04  3.385206E+01
2.761671E+01  9.205552E+00  -7.461884E-04  3.387882E+01
2.755593E+01  9.185297E+00  -4.354141E-04  3.390384E+01
2.748161E+01  9.160539E+00  -1.715532E-05  3.393434E+01
2.738480E+01  9.128264E+00  -1.092870E-04  3.397403E+01
2.728768E+01  9.095885E+00  -3.947641E-04  3.401339E+01
2.716593E+01  9.055313E+00  -1.472738E-06  3.406260E+01
2.704300E+01  9.014333E+00  -4.567393E-05  3.411182E+01
2.698957E+01  8.996522E+00  -3.068466E-05  3.413319E+01
2.693580E+01  8.978599E+00  -6.204553E-05  3.415456E+01
2.684983E+01  8.949937E+00  -2.918827E-04  3.418859E+01
2.675506E+01  8.918352E+00  -1.808685E-04  3.422588E+01
2.660136E+01  8.867117E+00  -6.872203E-05  3.428590E+01
2.652407E+01  8.841363E+00  1.909645E-04  3.431591E+01
2.644633E+01  8.815446E+00  2.200640E-04  3.434592E+01
2.637541E+01  8.791800E+00  -7.113638E-05  3.437313E+01
2.630886E+01  8.769622E+00  2.737917E-05  3.439870E+01
2.624183E+01  8.747277E+00  -1.327594E-04  3.442427E+01
2.616214E+01  8.720706E+00  -7.583111E-05  3.445456E+01
2.608426E+01  8.694753E+00  -2.406864E-05  3.448393E+01
2.604519E+01  8.681731E+00  7.156965E-05  3.449870E+01
2.600549E+01  8.668495E+00  -4.168107E-05  3.451348E+01
2.594398E+01  8.647991E+00  -2.829254E-04  3.453659E+01
2.589096E+01  8.630311E+00  -2.783967E-04  3.455631E+01
2.584096E+01  8.613651E+00  -1.765156E-04  3.457500E+01
2.577713E+01  8.592369E+00  -4.548946E-04  3.459858E+01
2.573070E+01  8.576893E+00  -3.491416E-04  3.461579E+01
2.568383E+01  8.561272E+00  -4.623020E-04  3.463300E+01
2.562161E+01  8.540530E+00  -4.322860E-04  3.465583E+01
2.552768E+01  8.509221E+00  -3.497171E-04  3.469021E+01
2.543516E+01  8.478380E+00  -6.364919E-04  3.472385E+01
2.538526E+01  8.461742E+00  -6.948549E-04  3.474190E+01
2.533512E+01  8.445040E+00  -6.868601E-06  3.475994E+01
2.516300E+01  8.387674E+00  5.041457E-04  3.482171E+01
2.501401E+01  8.338007E+00  3.034228E-05  3.487455E+01
2.495082E+01  8.316937E+00  1.890611E-05  3.489685E+01
2.491907E+01  8.306356E+00  -3.948259E-05  3.490800E+01
2.488729E+01  8.295762E+00  -9.961047E-05  3.491915E+01
2.483737E+01  8.279125E+00  -5.682884E-05  3.493663E+01
2.476719E+01  8.255724E+00  -1.668970E-04  3.496107E+01
2.469695E+01  8.232313E+00  -1.107148E-04  3.498552E+01
2.460580E+01  8.201934E+00  -3.984833E-05  3.501697E+01
2.451988E+01  8.173293E+00  1.369754E-04  3.504655E+01
2.445848E+01  8.152828E+00  1.259133E-04  3.506753E+01
2.439691E+01  8.132309E+00  7.294420E-06  3.508852E+01
2.433883E+01  8.112946E+00  -1.646678E-05  3.510818E+01
2.428777E+01  8.095925E+00  -6.477186E-05  3.512551E+01
2.423576E+01  8.078587E+00  -6.691886E-05  3.514309E+01
2.418069E+01  8.060229E+00  -5.785192E-05  3.516153E+01
2.412880E+01  8.042932E+00  3.961549E-05  3.517896E+01
2.408083E+01  8.026947E+00  7.312480E-05  3.519502E+01
2.403331E+01  8.011112E+00  2.128777E-04  3.521088E+01
2.395873E+01  7.986252E+00  3.278691E-04  3.523563E+01
2.388663E+01  7.962210E+00  -1.980553E-06  3.525937E+01
2.380964E+01  7.936543E+00  -5.356101E-05  3.528472E+01
2.371766E+01  7.905874E+00  -4.323518E-04  3.531476E+01
2.367164E+01  7.890540E+00  -4.174833E-04  3.532977E+01
2.362561E+01  7.875193E+00  -4.269581E-04  3.534479E+01
2.357554E+01  7.858502E+00  -5.887678E-04  3.536100E+01
2.351345E+01  7.837803E+00  -6.121870E-04  3.538101E+01
2.346056E+01  7.820184E+00  1.044683E-05  3.539802E+01
2.340760E+01  7.802536E+00  -1.103248E-04  3.541502E+01
2.335510E+01  7.785030E+00  -8.925144E-05  3.543182E+01
2.330219E+01  7.767395E+00  5.686023E-05  3.544861E+01
2.325678E+01  7.752258E+00  4.987239E-05  3.546302E+01
2.321243E+01  7.737475E+00  8.287187E-05  3.547711E+01
2.316739E+01  7.722467E+00  -4.419222E-05  3.549134E+01
2.310775E+01  7.702583E+00  -1.027690E-05  3.551007E+01
2.305046E+01  7.683486E+00  -1.222535E-05  3.552806E+01
2.297658E+01  7.658853E+00  -1.898874E-04  3.555107E+01
2.290042E+01  7.633465E+00  -3.654390E-04  3.557476E+01
2.283502E+01  7.611667E+00  -4.360182E-04  3.559497E+01
2.277218E+01  7.590720E+00  -4.476495E-04  3.561439E+01
2.270559E+01  7.568515E+00  -5.142050E-04  3.563478E+01
2.267207E+01  7.557346E+00  -4.408881E-04  3.564497E+01
2.263893E+01  7.546302E+00  -5.715456E-04  3.565517E+01
2.261500E+01  7.538327E+00  -5.174049E-04  3.566244E+01
2.259111E+01  7.530363E+00  -5.676411E-04  3.566972E+01
2.255321E+01  7.517725E+00  -6.043027E-04  3.568130E+01
2.248625E+01  7.495411E+00  -3.235186E-04  3.570148E+01
2.242791E+01  7.475964E+00  -2.523952E-04  3.571905E+01
2.236964E+01  7.456543E+00  -2.839335E-04  3.573655E+01
2.234207E+01  7.447359E+00  -2.345015E-04  3.574482E+01
2.231438E+01  7.438116E+00  -3.810609E-04  3.575308E+01
2.227108E+01  7.423694E+00  -1.989139E-04  3.576607E+01
2.221847E+01  7.406154E+00  -6.783647E-05  3.578167E+01
2.216595E+01  7.388648E+00  8.793672E-05  3.579726E+01
2.213005E+01  7.376688E+00  1.430473E-04  3.580789E+01
2.209405E+01  7.364686E+00  1.597906E-04  3.581853E+01
2.202867E+01  7.342914E+00  5.376162E-04  3.583768E+01
2.196321E+01  7.321083E+00  5.902609E-04  3.585683E+01
2.189360E+01  7.297877E+00  6.721693E-04  3.587712E+01
2.181241E+01  7.270812E+00  4.884590E-04  3.590067E+01
2.178088E+01  7.260299E+00  4.351490E-04  3.590968E+01
2.174996E+01  7.249989E+00  4.938932E-04  3.591870E+01
2.169940E+01  7.233142E+00  6.698664E-04  3.593319E+01
2.164034E+01  7.213457E+00  8.393932E-04  3.595020E+01
2.157408E+01  7.191371E+00  6.451465E-04  3.596910E+01
2.150653E+01  7.168847E+00  2.085807E-05  3.598829E+01
2.142709E+01  7.142364E+00  2.036198E-05  3.601072E+01
2.135094E+01  7.116980E+00  5.570529E-05  3.603218E+01
2.129486E+01  7.098288E+00  9.069232E-05  3.604788E+01
2.123873E+01  7.079583E+00  6.047648E-05  3.606359E+01
2.119079E+01  7.063594E+00  1.670955E-04  3.607694E+01
2.114363E+01  7.047879E+00  2.482131E-04  3.608997E+01
2.109376E+01  7.031260E+00  3.159373E-04  3.610375E+01
2.101953E+01  7.006512E+00  3.229005E-04  3.612419E+01
2.094760E+01  6.982540E+00  3.809717E-04  3.614394E+01
2.089550E+01  6.965178E+00  1.431609E-04  3.615814E+01
2.084345E+01  6.947822E+00  2.223125E-04  3.617234E+01
2.079608E+01  6.932033E+00  8.975110E-05  3.618514E+01
2.074824E+01  6.916082E+00  1.738544E-04  3.619812E+01
2.070292E+01  6.900981E+00  3.291766E-04  3.621032E+01
2.068157E+01  6.893862E+00  3.568268E-04  3.621604E+01
2.066029E+01  6.886772E+00  3.443915E-04  3.622176E+01
2.062676E+01  6.875592E+00  3.126032E-04  3.623068E+01
2.057565E+01  6.858559E+00  2.201658E-04  3.624437E+01
2.052303E+01  6.841013E+00  2.976840E-04  3.625835E+01
2.049769E+01  6.832566E+00  2.585700E-04  3.626504E+01
2.047263E+01  6.824212E+00  2.299195E-04  3.627172E+01
2.042869E+01  6.809563E+00  7.190408E-05  3.628338E+01
2.039138E+01  6.797125E+00  -6.833343E-05  3.629325E+01
2.035380E+01  6.784600E+00  -2.451944E-05  3.630312E+01
2.031153E+01  6.770507E+00  -1.156097E-04  3.631420E+01
2.026456E+01  6.754851E+00  -1.262441E-04  3.632648E+01
2.021839E+01  6.739458E+00  -2.435524E-04  3.633855E+01
2.016308E+01  6.721021E+00  -2.697906E-04  3.635286E+01
2.010802E+01  6.702667E+00  -3.531428E-04  3.636717E+01
2.005716E+01  6.685717E+00  -2.483224E-04  3.638029E+01
1.999804E+01  6.666005E+00  -4.637419E-04  3.639548E+01
1.993973E+01  6.646572E+00  -4.427754E-04  3.641038E+01
1.988824E+01  6.629410E+00  -3.124217E-04  3.642352E+01
1.986266E+01  6.620887E+00  -2.370209E-04  3.643004E+01
1.983696E+01  6.612319E+00  -2.523749E-04  3.643657E+01
1.979393E+01  6.597976E+00  -8.419466E-05  3.644750E+01
1.975435E+01  6.584778E+00  -2.698752E-04  3.645744E+01
1.971642E+01  6.572140E+00  -3.044880E-04  3.646695E+01
1.967014E+01  6.556712E+00  -2.030397E-04  3.647865E+01
1.962091E+01  6.540300E+00  -1.735159E-04  3.649093E+01
1.956599E+01  6.521995E+00  -2.067384E-04  3.650468E+01
1.953737E+01  6.512453E+00  -3.295260E-04  3.651176E+01
1.950906E+01  6.503016E+00  -3.931457E-04  3.651883E+01
1.946368E+01  6.487883E+00  -4.944167E-04  3.653016E+01
1.941751E+01  6.472501E+00  -3.559200E-06  3.654145E+01
1.936547E+01  6.455156E+00  1.786983E-05  3.655429E+01
1.931758E+01  6.439197E+00  -4.474936E-05  3.656605E+01
1.927068E+01  6.423559E+00  3.557851E-05  3.657751E+01
1.921112E+01  6.403710E+00  1.925736E-04  3.659199E+01
1.917349E+01  6.391166E+00  1.471628E-04  3.660111E+01
1.913565E+01  6.378547E+00  9.395220E-05  3.661024E+01
1.909937E+01  6.366467E+00  2.008318E-04  3.661909E+01
1.905618E+01  6.352061E+00  1.347515E-04  3.662949E+01
1.900141E+01  6.333806E+00  1.582897E-04  3.664262E+01
1.894740E+01  6.315806E+00  1.828904E-04  3.665551E+01
1.889233E+01  6.297441E+00  -5.715763E-05  3.666862E+01
1.886838E+01  6.289459E+00  -2.001729E-04  3.667431E+01
1.884436E+01  6.281452E+00  -2.141313E-04  3.668000E+01
1.877281E+01  6.257601E+00  -2.342022E-04  3.669691E+01
1.873730E+01  6.245765E+00  -1.997740E-04  3.670525E+01
1.870194E+01  6.233979E+00  -9.988227E-05  3.671358E+01
1.865878E+01  6.219593E+00  4.203074E-06  3.672366E+01
1.863810E+01  6.212703E+00  -1.653397E-05  3.672848E+01
1.861745E+01  6.205812E+00  -9.164726E-05  3.673330E+01
1.859849E+01  6.199493E+00  -1.217982E-04  3.673775E+01
1.857908E+01  6.193028E+00  -9.703853E-05  3.674220E+01
1.855407E+01  6.184690E+00  -1.400478E-04  3.674806E+01
1.852377E+01  6.174591E+00  -6.063006E-05  3.675509E+01
1.849915E+01  6.166382E+00  -3.436816E-05  3.676073E+01
1.847489E+01  6.158299E+00  6.752292E-06  3.676637E+01
1.843981E+01  6.146602E+00  -7.053765E-05  3.677445E+01
1.840974E+01  6.136574E+00  -1.215312E-05  3.678139E+01
1.837927E+01  6.126425E+00  -1.201933E-05  3.678835E+01
1.830908E+01  6.103032E+00  2.269144E-04  3.680441E+01
1.821807E+01  6.072693E+00  1.623262E-04  3.682506E+01
1.817104E+01  6.057011E+00  5.632536E-05  3.683568E+01
1.812408E+01  6.041362E+00  9.225623E-06  3.684630E+01
1.808076E+01  6.026924E+00  1.582140E-04  3.685595E+01
1.804067E+01  6.013559E+00  9.355159E-05  3.686495E+01
1.799270E+01  5.997567E+00  1.531786E-05  3.687567E+01
1.796871E+01  5.989572E+00  2.059180E-05  3.688103E+01
1.794452E+01  5.981514E+00  4.661826E-05  3.688639E+01
1.791783E+01  5.972613E+00  8.824303E-05  3.689223E+01
1.789174E+01  5.963914E+00  5.733785E-05  3.689807E+01
1.784906E+01  5.949688E+00  6.248877E-05  3.690747E+01
1.780937E+01  5.936456E+00  1.606736E-05  3.691625E+01
1.778783E+01  5.929280E+00  -1.980834E-05  3.692092E+01
1.776673E+01  5.922243E+00  4.496059E-09  3.692558E+01
1.775013E+01  5.916709E+00  4.497321E-05  3.692920E+01
1.773352E+01  5.911176E+00  1.019518E-04  3.693283E+01
1.768428E+01  5.894763E+00  8.377798E-05  3.694358E+01
1.765968E+01  5.886561E+00  1.037733E-04  3.694896E+01
1.763487E+01  5.878292E+00  1.607153E-04  3.695434E+01
1.760438E+01  5.868130E+00  1.133445E-04  3.696097E+01
1.757349E+01  5.857831E+00  1.923407E-04  3.696760E+01
1.753190E+01  5.843968E+00  1.486057E-04  3.697659E+01
1.749747E+01  5.832493E+00  6.749096E-05  3.698391E+01
1.746359E+01  5.821199E+00  9.448636E-05  3.699123E+01
1.743848E+01  5.812827E+00  9.773953E-05  3.699667E+01
1.741273E+01  5.804245E+00  9.063520E-05  3.700211E+01
1.735665E+01  5.785549E+00  1.023726E-04  3.701403E+01
1.729284E+01  5.764283E+00  1.787489E-04  3.702758E+01
1.725075E+01  5.750252E+00  1.096332E-04  3.703645E+01
1.720859E+01  5.736200E+00  2.422702E-04  3.704532E+01
1.716464E+01  5.721551E+00  2.674202E-04  3.705456E+01
1.712678E+01  5.708932E+00  3.372659E-04  3.706251E+01
1.710749E+01  5.702501E+00  3.587701E-04  3.706648E+01
1.708823E+01  5.696078E+00  8.908518E-06  3.707046E+01
1.706575E+01  5.688583E+00  6.426783E-05  3.707524E+01
1.704207E+01  5.680694E+00  6.113276E-05  3.708001E+01
1.700732E+01  5.669115E+00  8.511124E-05  3.708731E+01
1.696562E+01  5.655208E+00  5.701390E-05  3.709590E+01
1.692315E+01  5.641047E+00  -9.784157E-05  3.710468E+01
1.690378E+01  5.634593E+00  -1.273228E-04  3.710864E+01
1.688444E+01  5.628148E+00  -1.135120E-04  3.711261E+01
1.686014E+01  5.620046E+00  -1.403183E-04  3.711759E+01
1.684299E+01  5.614329E+00  -1.914488E-04  3.712109E+01
1.682584E+01  5.608607E+00  -2.196194E-04  3.712460E+01
1.679432E+01  5.598098E+00  -2.173392E-04  3.713104E+01
1.676261E+01  5.587531E+00  -2.867576E-04  3.713746E+01
1.672231E+01  5.574101E+00  -3.331107E-04  3.714563E+01
1.668593E+01  5.561975E+00  -3.234488E-04  3.715299E+01
1.664975E+01  5.549916E+00  -3.038550E-04  3.716028E+01
1.661263E+01  5.537543E+00  -2.806881E-04  3.716769E+01
1.657520E+01  5.525063E+00  -2.601402E-04  3.717521E+01
1.653349E+01  5.511160E+00  -2.558598E-04  3.718359E+01
1.651303E+01  5.504342E+00  -2.519742E-04  3.718763E+01
1.649273E+01  5.497577E+00  -2.857307E-04  3.719167E+01
1.645997E+01  5.486649E+00  -3.155453E-04  3.719817E+01
1.642753E+01  5.475836E+00  -3.804810E-04  3.720460E+01
1.639971E+01  5.466566E+00  -3.139650E-04  3.721009E+01
1.637217E+01  5.457387E+00  -3.264530E-04  3.721554E+01
1.634483E+01  5.448272E+00  -2.872143E-04  3.722088E+01
1.631860E+01  5.439528E+00  -2.184248E-04  3.722604E+01
1.623074E+01  5.410244E+00  -3.883001E-04  3.724323E+01
1.618643E+01  5.395479E+00  -1.449695E-05  3.725182E+01
1.616436E+01  5.388120E+00  1.232929E-05  3.725612E+01
1.614198E+01  5.380662E+00  -4.311974E-06  3.726041E+01
1.611919E+01  5.373059E+00  -1.090404E-04  3.726484E+01
1.609632E+01  5.365437E+00  -1.203180E-04  3.726926E+01
1.606029E+01  5.353424E+00  -1.283204E-04  3.727613E+01
1.602489E+01  5.341627E+00  -1.016584E-04  3.728301E+01
1.600675E+01  5.335587E+00  -9.315147E-05  3.728649E+01
1.598813E+01  5.329376E+00  -4.314323E-05  3.728997E+01
1.597416E+01  5.324720E+00  -4.355651E-05  3.729266E+01
1.595987E+01  5.319954E+00  -2.234276E-05  3.729536E+01
1.593932E+01  5.313103E+00  -1.587904E-05  3.729930E+01
1.591882E+01  5.306269E+00  2.176910E-05  3.730324E+01
1.588647E+01  5.295496E+00  1.160283E-05  3.730935E+01
1.586088E+01  5.286960E+00  4.461139E-05  3.731414E+01
1.583550E+01  5.278500E+00  -6.350376E-05  3.731893E+01
1.581250E+01  5.270826E+00  -7.377054E-05  3.732329E+01
1.578973E+01  5.263244E+00  -7.051198E-05  3.732759E+01
1.576685E+01  5.255611E+00  -1.057090E-04  3.733183E+01
1.573385E+01  5.244611E+00  -2.334454E-04  3.733803E+01
1.570609E+01  5.235363E+00  -3.067225E-04  3.734320E+01
1.568061E+01  5.226866E+00  -3.779603E-04  3.734798E+01
1.565431E+01  5.218098E+00  -3.234548E-04  3.735287E+01
1.561039E+01  5.203455E+00  -5.151538E-04  3.736104E+01
1.558881E+01  5.196266E+00  -5.128094E-04  3.736504E+01
1.556685E+01  5.188941E+00  -5.068534E-04  3.736905E+01
1.554044E+01  5.180141E+00  -5.253961E-04  3.737395E+01
1.551402E+01  5.171335E+00  -4.808915E-04  3.737882E+01
1.548782E+01  5.162603E+00  -5.125544E-04  3.738362E+01
1.545720E+01  5.152397E+00  -4.762227E-04  3.738922E+01
1.542657E+01  5.142181E+00  -5.104856E-04  3.739482E+01
1.540631E+01  5.135429E+00  -5.383595E-04  3.739859E+01
1.538488E+01  5.128285E+00  -5.289977E-04  3.740236E+01
1.536311E+01  5.121034E+00  -8.866820E-06  3.740637E+01
1.533676E+01  5.112252E+00  4.871884E-05  3.741107E+01
1.531310E+01  5.104368E+00  3.761919E-05  3.741539E+01
1.528809E+01  5.096033E+00  4.472809E-05  3.741991E+01
1.526364E+01  5.087881E+00  -2.086456E-05  3.742429E+01
1.522939E+01  5.076463E+00  -2.708565E-05  3.743050E+01
1.521134E+01  5.070446E+00  -9.575105E-06  3.743371E+01
1.519314E+01  5.064379E+00  3.095626E-06  3.743693E+01
1.516922E+01  5.056406E+00  3.628217E-05  3.744124E+01
1.514833E+01  5.049445E+00  1.516558E-05  3.744496E+01
1.512791E+01  5.042637E+00  6.770187E-05  3.744858E+01
1.510576E+01  5.035252E+00  7.127566E-05  3.745250E+01
1.508408E+01  5.028024E+00  6.665201E-05  3.745639E+01
1.505698E+01  5.018991E+00  6.926601E-05  3.746115E+01
1.503153E+01  5.010509E+00  7.492725E-05  3.746562E+01
1.500550E+01  5.001837E+00  5.269358E-05  3.747028E+01
1.497711E+01  4.992371E+00  7.961248E-06  3.747523E+01
1.495002E+01  4.983341E+00  1.766143E-05  3.747994E+01
1.492261E+01  4.974203E+00  4.823409E-05  3.748481E+01
1.489227E+01  4.964089E+00  1.293050E-04  3.749004E+01
1.487802E+01  4.959342E+00  1.375674E-04  3.749256E+01
1.486371E+01  4.954570E+00  1.577053E-04  3.749507E+01
1.482602E+01  4.942008E+00  1.657686E-04  3.750155E+01
1.480889E+01  4.936298E+00  1.721374E-04  3.750451E+01
1.479212E+01  4.930706E+00  1.480734E-04  3.750747E+01
1.476944E+01  4.923151E+00  1.781742E-04  3.751135E+01
1.474841E+01  4.916138E+00  2.018400E-04  3.751499E+01
1.473115E+01  4.910385E+00  1.672739E-04  3.751796E+01
1.471391E+01  4.904635E+00  1.737942E-04  3.752093E+01
1.469463E+01  4.898209E+00  1.636471E-04  3.752425E+01
1.467516E+01  4.891725E+00  1.602102E-04  3.752757E+01
1.465300E+01  4.884335E+00  1.421808E-04  3.753138E+01
1.462319E+01  4.874396E+00  2.229404E-04  3.753638E+01
1.459828E+01  4.866099E+00  1.733260E-04  3.754071E+01
1.457165E+01  4.857221E+00  9.574861E-05  3.754522E+01
1.454611E+01  4.848706E+00  2.100035E-05  3.754945E+01
1.451625E+01  4.838753E+00  5.576551E-05  3.755455E+01
1.448313E+01  4.827709E+00  7.845091E-05  3.756016E+01
1.447005E+01  4.823352E+00  9.093377E-05  3.756233E+01
1.445716E+01  4.819057E+00  1.300960E-04  3.756451E+01
1.443407E+01  4.811360E+00  1.503997E-04  3.756837E+01
1.441105E+01  4.803688E+00  1.529830E-04  3.757223E+01
1.438899E+01  4.796334E+00  1.760943E-04  3.757589E+01
1.436754E+01  4.789179E+00  1.858849E-04  3.757948E+01
1.434533E+01  4.781784E+00  2.202951E-04  3.758319E+01
1.432249E+01  4.774168E+00  2.262026E-04  3.758691E+01
1.430428E+01  4.768096E+00  1.516133E-04  3.758998E+01
1.428578E+01  4.761928E+00  1.501494E-04  3.759306E+01
1.426300E+01  4.754334E+00  1.592840E-04  3.759673E+01
1.424547E+01  4.748491E+00  1.627687E-04  3.759966E+01
1.422784E+01  4.742617E+00  2.158446E-04  3.760258E+01
1.419598E+01  4.731990E+00  1.766512E-04  3.760784E+01
1.417979E+01  4.726600E+00  1.672801E-04  3.761042E+01
1.416422E+01  4.721409E+00  1.757161E-04  3.761300E+01
1.413792E+01  4.712646E+00  1.656923E-04  3.761732E+01
1.410859E+01  4.702864E+00  2.421405E-04  3.762210E+01
1.407971E+01  4.693243E+00  1.902182E-04  3.762679E+01
1.405863E+01  4.686207E+00  2.230109E-04  3.763020E+01
1.403743E+01  4.679148E+00  2.681589E-04  3.763362E+01
1.401094E+01  4.670313E+00  1.850970E-04  3.763791E+01
1.398367E+01  4.661224E+00  2.598267E-04  3.764226E+01
1.395377E+01  4.651258E+00  2.324561E-04  3.764704E+01
1.392416E+01  4.641388E+00  2.172493E-04  3.765182E+01
1.389735E+01  4.632451E+00  2.066547E-04  3.765610E+01
1.388423E+01  4.628076E+00  2.277568E-04  3.765818E+01
1.387126E+01  4.623755E+00  2.371791E-04  3.766025E+01
1.384953E+01  4.616512E+00  2.842316E-04  3.766369E+01
1.382833E+01  4.609447E+00  2.425506E-04  3.766706E+01
1.380494E+01  4.601650E+00  2.192749E-04  3.767073E+01
1.378470E+01  4.594901E+00  2.673501E-04  3.767395E+01
1.376475E+01  4.588255E+00  2.265838E-04  3.767715E+01
1.374398E+01  4.581324E+00  1.948726E-04  3.768041E+01
1.372525E+01  4.575087E+00  1.700088E-04  3.768335E+01
1.370632E+01  4.568772E+00  1.626652E-04  3.768628E+01
1.368996E+01  4.563327E+00  1.381143E-04  3.768889E+01
1.365273E+01  4.550911E+00  1.005374E-04  3.769469E+01
1.362938E+01  4.543127E+00  1.126297E-04  3.769837E+01
1.360573E+01  4.535244E+00  1.440903E-04  3.770205E+01
1.357901E+01  4.526338E+00  1.077934E-04  3.770610E+01
1.356563E+01  4.521878E+00  1.101794E-04  3.770824E+01
1.355136E+01  4.517120E+00  1.036397E-04  3.771039E+01
1.353246E+01  4.510819E+00  1.393984E-04  3.771332E+01
1.351274E+01  4.504252E+00  1.042717E-04  3.771641E+01
1.348542E+01  4.495143E+00  1.063084E-04  3.772061E+01
1.345060E+01  4.483534E+00  1.456680E-04  3.772590E+01
1.341747E+01  4.472489E+00  9.627810E-05  3.773097E+01
1.338044E+01  4.460152E+00  2.381428E-04  3.773658E+01
1.332749E+01  4.442497E+00  2.781880E-04  3.774468E+01
1.330276E+01  4.434253E+00  3.003671E-04  3.774843E+01
1.327730E+01  4.425769E+00  2.179061E-04  3.775218E+01
1.325077E+01  4.416921E+00  1.800066E-04  3.775619E+01
1.322569E+01  4.408566E+00  2.657935E-04  3.775993E+01
1.320143E+01  4.400476E+00  2.701889E-04  3.776358E+01
1.317347E+01  4.391157E+00  3.578267E-04  3.776775E+01
1.314941E+01  4.383143E+00  3.749537E-04  3.777137E+01
1.312459E+01  4.374867E+00  3.550364E-04  3.777499E+01
1.310378E+01  4.367932E+00  3.262817E-04  3.777809E+01
1.308370E+01  4.361236E+00  3.319356E-04  3.778103E+01
1.306447E+01  4.354828E+00  3.239225E-04  3.778390E+01
1.303909E+01  4.346366E+00  3.200298E-04  3.778764E+01
1.301616E+01  4.338723E+00  3.306490E-04  3.779098E+01
1.299478E+01  4.331597E+00  3.477906E-04  3.779418E+01
1.297340E+01  4.324471E+00  3.420050E-04  3.779729E+01
1.295309E+01  4.317703E+00  3.051873E-04  3.780021E+01
1.293029E+01  4.310100E+00  3.137034E-04  3.780355E+01
1.290949E+01  4.303166E+00  2.740067E-04  3.780664E+01
1.288934E+01  4.296450E+00  2.781576E-04  3.780950E+01
1.287105E+01  4.290354E+00  2.984242E-04  3.781213E+01
1.284421E+01  4.281407E+00  2.623853E-04  3.781602E+01
1.283042E+01  4.276811E+00  2.459036E-04  3.781800E+01
1.281681E+01  4.272273E+00  2.616111E-04  3.781998E+01
1.279624E+01  4.265419E+00  2.545260E-04  3.782294E+01
1.277631E+01  4.258771E+00  1.840786E-04  3.782580E+01
1.274683E+01  4.248947E+00  1.115392E-04  3.783001E+01
1.273191E+01  4.243972E+00  1.449274E-04  3.783214E+01
1.271678E+01  4.238925E+00  1.362170E-04  3.783428E+01
1.269407E+01  4.231360E+00  9.910751E-05  3.783752E+01
1.268339E+01  4.227799E+00  1.030298E-04  3.783904E+01
1.267281E+01  4.224270E+00  6.892333E-05  3.784056E+01
1.265311E+01  4.217706E+00  4.008326E-05  3.784333E+01
1.263346E+01  4.211158E+00  5.220228E-05  3.784610E+01
1.262077E+01  4.206923E+00  5.216344E-05  3.784794E+01
1.260708E+01  4.202363E+00  5.095791E-05  3.784977E+01
1.258261E+01  4.194203E+00  4.279812E-05  3.785328E+01
1.255998E+01  4.186659E+00  6.754286E-05  3.785648E+01
1.253797E+01  4.179324E+00  7.857075E-05  3.785954E+01
1.252438E+01  4.174793E+00  5.761747E-05  3.786146E+01
1.251055E+01  4.170182E+00  5.269523E-05  3.786337E+01
1.249251E+01  4.164166E+00  9.344557E-05  3.786593E+01
1.246102E+01  4.153671E+00  1.426445E-04  3.787030E+01
1.244609E+01  4.148701E+00  1.502262E-04  3.787235E+01
1.243064E+01  4.143549E+00  1.495414E-04  3.787440E+01
1.241354E+01  4.137851E+00  1.734010E-04  3.787686E+01
1.239543E+01  4.131811E+00  1.998561E-04  3.787934E+01
1.237723E+01  4.125747E+00  2.232694E-04  3.788182E+01
1.235622E+01  4.118746E+00  2.312194E-04  3.788477E+01
1.233277E+01  4.110927E+00  1.801093E-04  3.788794E+01
1.232046E+01  4.106825E+00  1.863497E-04  3.788959E+01
1.230853E+01  4.102846E+00  1.738253E-04  3.789125E+01
1.229028E+01  4.096760E+00  1.851890E-04  3.789375E+01
1.227618E+01  4.092062E+00  1.738390E-04  3.789566E+01
1.226237E+01  4.087457E+00  2.103457E-04  3.789757E+01
1.224369E+01  4.081230E+00  2.466857E-04  3.790009E+01
1.222801E+01  4.076011E+00  2.525950E-04  3.790224E+01
1.221165E+01  4.070554E+00  2.640583E-04  3.790448E+01
1.219423E+01  4.064748E+00  2.574196E-04  3.790682E+01
1.217373E+01  4.057912E+00  2.560801E-04  3.790953E+01
1.216226E+01  4.054090E+00  2.588667E-04  3.791110E+01
1.215036E+01  4.050123E+00  2.685659E-04  3.791268E+01
1.213302E+01  4.044341E+00  2.894057E-04  3.791498E+01
1.211838E+01  4.039466E+00  2.633151E-04  3.791697E+01
1.210301E+01  4.034340E+00  2.687138E-04  3.791906E+01
1.208606E+01  4.028690E+00  2.531326E-04  3.792127E+01
1.207090E+01  4.023632E+00  2.619248E-04  3.792331E+01
1.205808E+01  4.019365E+00  2.664739E-04  3.792497E+01
1.204636E+01  4.015458E+00  2.673179E-04  3.792663E+01
1.203471E+01  4.011572E+00  2.402004E-04  3.792812E+01
1.202323E+01  4.007746E+00  2.491729E-04  3.792962E+01
1.200662E+01  4.002210E+00  2.244711E-04  3.793188E+01
1.198859E+01  3.996201E+00  2.661507E-04  3.793425E+01
1.197160E+01  3.990534E+00  2.220791E-04  3.793644E+01
1.195724E+01  3.985748E+00  1.833733E-04  3.793835E+01
1.194268E+01  3.980891E+00  1.784406E-04  3.794026E+01
1.191845E+01  3.972820E+00  1.369811E-04  3.794348E+01
1.190425E+01  3.968084E+00  1.647273E-04  3.794524E+01
1.189084E+01  3.963617E+00  1.790351E-04  3.794701E+01
1.187420E+01  3.958064E+00  1.866430E-04  3.794921E+01
1.185724E+01  3.952411E+00  2.086744E-04  3.795144E+01
1.183923E+01  3.946412E+00  2.020462E-04  3.795376E+01
1.182134E+01  3.940452E+00  2.155435E-04  3.795609E+01
1.180471E+01  3.934908E+00  2.258628E-04  3.795826E+01
1.178457E+01  3.928194E+00  2.478617E-04  3.796085E+01
1.175951E+01  3.919837E+00  3.329079E-04  3.796413E+01
1.173593E+01  3.911982E+00  3.651265E-04  3.796711E+01
1.171459E+01  3.904868E+00  4.021402E-04  3.796986E+01
1.169552E+01  3.898509E+00  3.563185E-04  3.797232E+01
1.167676E+01  3.892260E+00  3.297537E-04  3.797477E+01
1.165965E+01  3.886554E+00  3.315137E-04  3.797692E+01
1.164351E+01  3.881170E+00  3.610380E-04  3.797893E+01
1.162214E+01  3.874052E+00  3.637949E-04  3.798167E+01
1.160533E+01  3.868451E+00  3.590130E-04  3.798373E+01
1.158891E+01  3.862974E+00  3.846712E-04  3.798579E+01
1.156970E+01  3.856569E+00  3.868527E-04  3.798831E+01
1.155157E+01  3.850529E+00  4.002903E-04  3.799059E+01
1.153476E+01  3.844923E+00  3.689568E-04  3.799271E+01
1.151284E+01  3.837619E+00  3.716213E-04  3.799542E+01
1.149194E+01  3.830653E+00  3.886970E-04  3.799802E+01
1.147197E+01  3.823993E+00  3.755152E-04  3.800057E+01
1.145395E+01  3.817986E+00  3.743625E-04  3.800275E+01
1.143805E+01  3.812686E+00  -2.136388E-05  3.800475E+01
1.142575E+01  3.808583E+00  -4.376589E-05  3.800625E+01
1.141417E+01  3.804723E+00  -4.145937E-05  3.800775E+01
1.139002E+01  3.796672E+00  -4.203151E-05  3.801068E+01
1.136733E+01  3.789105E+00  -8.601443E-05  3.801354E+01
1.135452E+01  3.784840E+00  -8.075584E-05  3.801511E+01
1.134118E+01  3.780394E+00  -5.771392E-05  3.801668E+01
1.132614E+01  3.775380E+00  -3.697671E-05  3.801862E+01
1.130329E+01  3.767763E+00  6.007739E-07  3.802139E+01
1.128351E+01  3.761170E+00  2.936913E-06  3.802382E+01
1.126311E+01  3.754371E+00  2.582727E-06  3.802633E+01
1.123991E+01  3.746638E+00  1.134742E-05  3.802909E+01
1.121879E+01  3.739598E+00  2.403878E-05  3.803170E+01
1.120705E+01  3.735686E+00  1.009712E-05  3.803314E+01
1.119524E+01  3.731748E+00  6.759764E-06  3.803458E+01
1.117962E+01  3.726540E+00  1.502042E-06  3.803647E+01
1.116418E+01  3.721390E+00  2.887387E-07  3.803837E+01
1.114648E+01  3.715495E+00  -2.410865E-05  3.804043E+01
1.112843E+01  3.709474E+00  -6.167310E-06  3.804261E+01
1.110447E+01  3.701489E+00  -1.246341E-05  3.804545E+01
1.108172E+01  3.693907E+00  -5.785687E-05  3.804817E+01
1.106260E+01  3.687533E+00  -1.184375E-04  3.805047E+01
1.104304E+01  3.681011E+00  -1.123600E-04  3.805280E+01
1.103014E+01  3.676714E+00  -8.450387E-05  3.805436E+01
1.101655E+01  3.672185E+00  -7.218812E-05  3.805591E+01
1.100024E+01  3.666746E+00  -2.346722E-05  3.805791E+01
1.098078E+01  3.660258E+00  -7.933988E-05  3.806017E+01
1.095716E+01  3.652386E+00  -6.435161E-05  3.806293E+01
1.093730E+01  3.645770E+00  -7.826191E-05  3.806531E+01
1.091679E+01  3.638930E+00  -1.033618E-04  3.806770E+01
1.090649E+01  3.635497E+00  -1.087190E-04  3.806896E+01
1.089488E+01  3.631627E+00  -9.165267E-05  3.807023E+01
1.087506E+01  3.625020E+00  -1.015573E-04  3.807254E+01
1.085342E+01  3.617805E+00  -1.244424E-04  3.807507E+01
1.083291E+01  3.610969E+00  -1.641264E-04  3.807749E+01
1.081187E+01  3.603955E+00  -1.398620E-04  3.807986E+01
1.079387E+01  3.597955E+00  -1.179528E-04  3.808198E+01
1.077526E+01  3.591754E+00  -8.080669E-05  3.808416E+01
1.075683E+01  3.585605E+00  -5.770534E-05  3.808632E+01
1.073994E+01  3.579977E+00  -6.553277E-05  3.808816E+01
1.072580E+01  3.575263E+00  -1.699245E-05  3.808981E+01
1.070878E+01  3.569594E+00  -1.725707E-05  3.809173E+01
1.069320E+01  3.564402E+00  -2.210844E-05  3.809355E+01
1.067560E+01  3.558533E+00  -2.473307E-05  3.809558E+01
1.065972E+01  3.553240E+00  -2.054808E-05  3.809732E+01
1.064598E+01  3.548658E+00  7.213387E-06  3.809894E+01
1.062635E+01  3.542118E+00  1.359875E-05  3.810113E+01
1.060843E+01  3.536143E+00  2.948713E-05  3.810312E+01
1.058999E+01  3.529995E+00  9.522423E-06  3.810524E+01
1.057736E+01  3.525787E+00  2.354535E-05  3.810664E+01
1.056524E+01  3.521744E+00  1.457373E-05  3.810804E+01
1.055315E+01  3.517718E+00  1.320193E-05  3.810938E+01
1.054146E+01  3.513824E+00  1.315886E-05  3.811071E+01
1.051931E+01  3.506438E+00  3.398306E-06  3.811314E+01
1.050113E+01  3.500377E+00  -4.764244E-06  3.811521E+01
1.048117E+01  3.493720E+00  1.829105E-05  3.811747E+01
1.046024E+01  3.486748E+00  1.845459E-05  3.811977E+01
1.044098E+01  3.480328E+00  4.222237E-05  3.812192E+01
