# HSM/GeV  HNSM/GeV  HS/GeV  T/GeV
2.209012E+02  1.510592E+02  -3.037427E+02  0.000000E+00
2.208994E+02  1.510570E+02  -3.037399E+02  1.000000E+00
2.208732E+02  1.510227E+02  -3.036725E+02  1.100000E+01
2.208341E+02  1.509731E+02  -3.035800E+02  1.600000E+01
2.208035E+02  1.509353E+02  -3.035112E+02  1.850000E+01
2.207607E+02  1.508819E+02  -3.034130E+02  2.100000E+01
2.206826E+02  1.507859E+02  -3.032391E+02  2.424100E+01
2.205899E+02  1.506729E+02  -3.030371E+02  2.702578E+01
2.204823E+02  1.505432E+02  -3.028074E+02  2.948152E+01
2.203623E+02  1.503998E+02  -3.025548E+02  3.165261E+01
2.202240E+02  1.502354E+02  -3.022679E+02  3.370612E+01
2.200741E+02  1.500588E+02  -3.019616E+02  3.556370E+01
2.199106E+02  1.498665E+02  -3.016298E+02  3.730198E+01
2.197305E+02  1.496557E+02  -3.012668E+02  3.896724E+01
2.195369E+02  1.494299E+02  -3.008798E+02  4.053885E+01
2.193388E+02  1.492002E+02  -3.004875E+02  4.197259E+01
2.191168E+02  1.489433E+02  -3.000499E+02  4.341690E+01
2.188856E+02  1.486764E+02  -2.995952E+02  4.478044E+01
2.186265E+02  1.483784E+02  -2.990890E+02  4.617053E+01
2.183649E+02  1.480779E+02  -2.985794E+02  4.745372E+01
2.181110E+02  1.477874E+02  -2.980864E+02  4.860438E+01
2.178089E+02  1.474421E+02  -2.975020E+02  4.987536E+01
2.174952E+02  1.470847E+02  -2.968976E+02  5.109579E+01
2.171789E+02  1.467249E+02  -2.962885E+02  5.224102E+01
2.168496E+02  1.463512E+02  -2.956564E+02  5.335674E+01
2.165089E+02  1.459650E+02  -2.950028E+02  5.443998E+01
2.161578E+02  1.455680E+02  -2.943311E+02  5.548973E+01
2.157928E+02  1.451557E+02  -2.936331E+02  5.651946E+01
2.154145E+02  1.447293E+02  -2.929105E+02  5.752736E+01
2.150218E+02  1.442872E+02  -2.921608E+02  5.851874E+01
2.145848E+02  1.437962E+02  -2.913272E+02  5.956250E+01
2.141543E+02  1.433131E+02  -2.905060E+02  6.053622E+01
2.137430E+02  1.428523E+02  -2.897215E+02  6.142266E+01
2.133251E+02  1.423850E+02  -2.889256E+02  6.228120E+01
2.128973E+02  1.419066E+02  -2.881091E+02  6.312232E+01
2.124864E+02  1.414481E+02  -2.873250E+02  6.389603E+01
2.122479E+02  1.411823E+02  -2.868704E+02  6.433123E+01
2.120042E+02  1.409108E+02  -2.864050E+02  6.476643E+01
2.117279E+02  1.406030E+02  -2.858772E+02  6.524720E+01
2.114448E+02  1.402883E+02  -2.853371E+02  6.572797E+01
2.109452E+02  1.397332E+02  -2.843824E+02  6.654741E+01
2.104846E+02  1.392216E+02  -2.835002E+02  6.727419E+01
2.099392E+02  1.386172E+02  -2.824566E+02  6.809859E+01
2.094520E+02  1.380778E+02  -2.815225E+02  6.880616E+01
2.090277E+02  1.376086E+02  -2.807089E+02  6.940146E+01
2.084942E+02  1.370194E+02  -2.796843E+02  7.012369E+01
2.082227E+02  1.367199E+02  -2.791623E+02  7.048119E+01
2.079454E+02  1.364141E+02  -2.786292E+02  7.083869E+01
2.074833E+02  1.359047E+02  -2.777386E+02  7.142058E+01
2.069737E+02  1.353440E+02  -2.767569E+02  7.204080E+01
2.066839E+02  1.350251E+02  -2.761967E+02  7.238439E+01
2.063889E+02  1.347008E+02  -2.756267E+02  7.272799E+01
2.058954E+02  1.341592E+02  -2.746724E+02  7.328768E+01
2.053702E+02  1.335829E+02  -2.736547E+02  7.386478E+01
2.048407E+02  1.330026E+02  -2.726262E+02  7.442816E+01
2.041982E+02  1.322993E+02  -2.713765E+02  7.508837E+01
2.038731E+02  1.319440E+02  -2.707438E+02  7.541246E+01
2.035419E+02  1.315823E+02  -2.700982E+02  7.573655E+01
2.030445E+02  1.310391E+02  -2.691259E+02  7.621274E+01
2.023484E+02  1.302804E+02  -2.677647E+02  7.685584E+01
2.017431E+02  1.296213E+02  -2.665779E+02  7.739525E+01
2.012091E+02  1.290404E+02  -2.655277E+02  7.785709E+01
2.005428E+02  1.283168E+02  -2.642159E+02  7.841440E+01
1.999064E+02  1.276262E+02  -2.629590E+02  7.892890E+01
1.996262E+02  1.273226E+02  -2.624048E+02  7.914999E+01
1.993420E+02  1.270147E+02  -2.618424E+02  7.937108E+01
1.990721E+02  1.267224E+02  -2.613068E+02  7.957799E+01
1.987981E+02  1.264261E+02  -2.607639E+02  7.978490E+01
1.983655E+02  1.259582E+02  -2.599043E+02  8.010598E+01
1.980106E+02  1.255750E+02  -2.591986E+02  8.036415E+01
1.976493E+02  1.251848E+02  -2.584779E+02  8.062232E+01
1.969170E+02  1.243949E+02  -2.570154E+02  8.113133E+01
1.964538E+02  1.238961E+02  -2.560889E+02  8.144369E+01
1.959801E+02  1.233865E+02  -2.551392E+02  8.175604E+01
1.955026E+02  1.228729E+02  -2.541792E+02  8.206356E+01
1.951910E+02  1.225382E+02  -2.535524E+02  8.226026E+01
1.948752E+02  1.221993E+02  -2.529160E+02  8.245695E+01
1.943967E+02  1.216859E+02  -2.519504E+02  8.274878E+01
1.941296E+02  1.213996E+02  -2.514100E+02  8.290895E+01
1.938587E+02  1.211093E+02  -2.508618E+02  8.306913E+01
1.932139E+02  1.204193E+02  -2.495548E+02  8.344214E+01
1.929014E+02  1.200853E+02  -2.489202E+02  8.361882E+01
1.925844E+02  1.197466E+02  -2.482753E+02  8.379551E+01
1.922094E+02  1.193460E+02  -2.475110E+02  8.400095E+01
1.918273E+02  1.189385E+02  -2.467321E+02  8.420640E+01
1.912485E+02  1.183214E+02  -2.455483E+02  8.451092E+01
1.909698E+02  1.180247E+02  -2.449775E+02  8.465451E+01
1.906875E+02  1.177241E+02  -2.443986E+02  8.479811E+01
1.903524E+02  1.173677E+02  -2.437104E+02  8.496607E+01
1.900120E+02  1.170059E+02  -2.430103E+02  8.513402E+01
1.892638E+02  1.162117E+02  -2.414685E+02  8.549364E+01
1.886121E+02  1.155209E+02  -2.401214E+02  8.579672E+01
1.881391E+02  1.150199E+02  -2.391406E+02  8.601121E+01
1.876541E+02  1.145071E+02  -2.381341E+02  8.622569E+01
1.874037E+02  1.142425E+02  -2.376134E+02  8.633472E+01
1.871504E+02  1.139750E+02  -2.370860E+02  8.644375E+01
1.866012E+02  1.133952E+02  -2.359397E+02  8.667554E+01
1.860670E+02  1.128322E+02  -2.348233E+02  8.689533E+01
1.855488E+02  1.122865E+02  -2.337369E+02  8.710328E+01
1.850930E+02  1.118070E+02  -2.327790E+02  8.728212E+01
1.846671E+02  1.113597E+02  -2.318839E+02  8.744563E+01
1.841641E+02  1.108318E+02  -2.308228E+02  8.763458E+01
1.835734E+02  1.102124E+02  -2.295739E+02  8.785091E+01
1.829652E+02  1.095757E+02  -2.282849E+02  8.806725E+01
1.826351E+02  1.092305E+02  -2.275839E+02  8.818219E+01
1.822994E+02  1.088796E+02  -2.268695E+02  8.829712E+01
1.818898E+02  1.084520E+02  -2.259970E+02  8.843493E+01
1.815386E+02  1.080854E+02  -2.252461E+02  8.855104E+01
1.807553E+02  1.072696E+02  -2.235709E+02  8.880276E+01
1.799415E+02  1.064232E+02  -2.218225E+02  8.905448E+01
1.794074E+02  1.058688E+02  -2.206720E+02  8.921446E+01
1.791348E+02  1.055860E+02  -2.200833E+02  8.929445E+01
1.788586E+02  1.052997E+02  -2.194863E+02  8.937444E+01
1.785268E+02  1.049560E+02  -2.187682E+02  8.946910E+01
1.780977E+02  1.045119E+02  -2.178377E+02  8.958930E+01
1.776596E+02  1.040590E+02  -2.168859E+02  8.970950E+01
1.774394E+02  1.038316E+02  -2.164070E+02  8.976881E+01
1.772172E+02  1.036021E+02  -2.159229E+02  8.982812E+01
1.768261E+02  1.031986E+02  -2.150695E+02  8.993097E+01
1.764826E+02  1.028445E+02  -2.143187E+02  9.001959E+01
1.761144E+02  1.024654E+02  -2.135132E+02  9.011297E+01
1.757393E+02  1.020794E+02  -2.126909E+02  9.020635E+01
1.754681E+02  1.018006E+02  -2.120953E+02  9.027268E+01
1.751934E+02  1.015184E+02  -2.114912E+02  9.033902E+01
1.748249E+02  1.011401E+02  -2.106798E+02  9.042658E+01
1.745015E+02  1.008085E+02  -2.099667E+02  9.050196E+01
1.741181E+02  1.004156E+02  -2.091194E+02  9.059000E+01
1.739239E+02  1.002167E+02  -2.086895E+02  9.063402E+01
1.737279E+02  1.000160E+02  -2.082551E+02  9.067804E+01
1.731045E+02  9.937871E+01  -2.068722E+02  9.081455E+01
1.724434E+02  9.870551E+01  -2.054068E+02  9.095107E+01
1.717293E+02  9.798004E+01  -2.038206E+02  9.109148E+01
1.713631E+02  9.760811E+01  -2.030034E+02  9.116234E+01
1.709930E+02  9.723226E+01  -2.021747E+02  9.123319E+01
1.706763E+02  9.691104E+01  -2.014645E+02  9.129262E+01
1.703536E+02  9.658388E+01  -2.007397E+02  9.135206E+01
1.701136E+02  9.634088E+01  -2.002001E+02  9.139561E+01
1.698706E+02  9.609474E+01  -1.996523E+02  9.143916E+01
1.694754E+02  9.569515E+01  -1.987613E+02  9.150870E+01
1.690564E+02  9.527163E+01  -1.978136E+02  9.158093E+01
1.679861E+02  9.419211E+01  -1.953843E+02  9.175817E+01
1.674256E+02  9.362805E+01  -1.941069E+02  9.184679E+01
1.671391E+02  9.333992E+01  -1.934520E+02  9.189110E+01
1.668474E+02  9.304692E+01  -1.927847E+02  9.193542E+01
1.664609E+02  9.265887E+01  -1.918985E+02  9.199310E+01
1.660870E+02  9.228407E+01  -1.910403E+02  9.204764E+01
1.657684E+02  9.196488E+01  -1.903071E+02  9.209324E+01
1.654890E+02  9.168529E+01  -1.896633E+02  9.213250E+01
1.652055E+02  9.140169E+01  -1.890091E+02  9.217175E+01
1.650470E+02  9.124331E+01  -1.886430E+02  9.219340E+01
1.648871E+02  9.108354E+01  -1.882732E+02  9.221504E+01
1.646838E+02  9.088049E+01  -1.878024E+02  9.224229E+01
1.644896E+02  9.068665E+01  -1.873525E+02  9.226801E+01
1.640455E+02  9.024390E+01  -1.863220E+02  9.232570E+01
1.634871E+02  8.968770E+01  -1.850221E+02  9.239619E+01
1.632202E+02  8.942230E+01  -1.844001E+02  9.242907E+01
1.629485E+02  8.915229E+01  -1.837655E+02  9.246196E+01
1.623947E+02  8.860253E+01  -1.824694E+02  9.252745E+01
1.618224E+02  8.803531E+01  -1.811258E+02  9.259295E+01
1.614224E+02  8.763946E+01  -1.801845E+02  9.263735E+01
1.612186E+02  8.743794E+01  -1.797040E+02  9.265955E+01
1.610129E+02  8.723459E+01  -1.792183E+02  9.268176E+01
1.605942E+02  8.682126E+01  -1.782286E+02  9.272598E+01
1.603933E+02  8.662304E+01  -1.777528E+02  9.274685E+01
1.601898E+02  8.642233E+01  -1.772702E+02  9.276771E+01
1.599018E+02  8.613860E+01  -1.765866E+02  9.279677E+01
1.596088E+02  8.585014E+01  -1.758897E+02  9.282583E+01
1.592427E+02  8.549026E+01  -1.750182E+02  9.286142E+01
1.585234E+02  8.478408E+01  -1.733000E+02  9.292904E+01
1.582647E+02  8.453044E+01  -1.726804E+02  9.295267E+01
1.580014E+02  8.427250E+01  -1.720486E+02  9.297629E+01
1.578525E+02  8.412670E+01  -1.716908E+02  9.298949E+01
1.577023E+02  8.397972E+01  -1.713299E+02  9.300269E+01
1.575707E+02  8.385103E+01  -1.710135E+02  9.301416E+01
1.574158E+02  8.369955E+01  -1.706403E+02  9.302755E+01
1.568118E+02  8.310974E+01  -1.691834E+02  9.307849E+01
1.564924E+02  8.279820E+01  -1.684107E+02  9.310469E+01
1.561664E+02  8.248067E+01  -1.676210E+02  9.313089E+01
1.557078E+02  8.203445E+01  -1.665073E+02  9.316689E+01
1.554736E+02  8.180669E+01  -1.659370E+02  9.318489E+01
1.552360E+02  8.157603E+01  -1.653585E+02  9.320290E+01
1.550967E+02  8.144076E+01  -1.650186E+02  9.321332E+01
1.549565E+02  8.130466E+01  -1.646761E+02  9.322375E+01
1.547808E+02  8.113429E+01  -1.642470E+02  9.323666E+01
1.543862E+02  8.075194E+01  -1.632813E+02  9.326521E+01
1.541850E+02  8.055722E+01  -1.627884E+02  9.327948E+01
1.539818E+02  8.036060E+01  -1.622894E+02  9.329376E+01
1.538399E+02  8.022333E+01  -1.619407E+02  9.330361E+01
1.536970E+02  8.008522E+01  -1.615893E+02  9.331346E+01
1.535839E+02  7.997602E+01  -1.613112E+02  9.332118E+01
1.534700E+02  7.986595E+01  -1.610304E+02  9.332890E+01
1.530556E+02  7.946612E+01  -1.600087E+02  9.335660E+01
1.528751E+02  7.929206E+01  -1.595626E+02  9.336848E+01
1.526919E+02  7.911565E+01  -1.591099E+02  9.338036E+01
1.524863E+02  7.891759E+01  -1.586007E+02  9.339359E+01
1.522884E+02  7.872726E+01  -1.581103E+02  9.340614E+01
1.518755E+02  7.833024E+01  -1.570848E+02  9.343194E+01
1.516892E+02  7.815139E+01  -1.566217E+02  9.344336E+01
1.515015E+02  7.797113E+01  -1.561537E+02  9.345478E+01
1.513549E+02  7.783052E+01  -1.557883E+02  9.346360E+01
1.512074E+02  7.768906E+01  -1.554203E+02  9.347241E+01
1.510452E+02  7.753359E+01  -1.550148E+02  9.348198E+01
1.509639E+02  7.745583E+01  -1.548124E+02  9.348677E+01
1.508821E+02  7.737744E+01  -1.546077E+02  9.349156E+01
1.507736E+02  7.727348E+01  -1.543359E+02  9.349788E+01
1.506641E+02  7.716879E+01  -1.540622E+02  9.350421E+01
1.505343E+02  7.704454E+01  -1.537367E+02  9.351167E+01
1.503999E+02  7.691603E+01  -1.534000E+02  9.351936E+01
1.502667E+02  7.678875E+01  -1.530657E+02  9.352689E+01
1.500850E+02  7.661504E+01  -1.526090E+02  9.353713E+01
1.498834E+02  7.642263E+01  -1.521023E+02  9.354835E+01
1.497341E+02  7.628009E+01  -1.517263E+02  9.355658E+01
1.495841E+02  7.613706E+01  -1.513485E+02  9.356482E+01
1.494401E+02  7.599980E+01  -1.509854E+02  9.357263E+01
1.493134E+02  7.587906E+01  -1.506655E+02  9.357948E+01
1.491882E+02  7.575983E+01  -1.503493E+02  9.358618E+01
1.490314E+02  7.561054E+01  -1.499531E+02  9.359455E+01
1.489539E+02  7.553680E+01  -1.497570E+02  9.359864E+01
1.488764E+02  7.546307E+01  -1.495609E+02  9.360274E+01
1.486196E+02  7.521875E+01  -1.489097E+02  9.361619E+01
1.484899E+02  7.509548E+01  -1.485808E+02  9.362292E+01
1.483592E+02  7.497141E+01  -1.482493E+02  9.362964E+01
1.481537E+02  7.477629E+01  -1.477269E+02  9.364017E+01
1.480501E+02  7.467802E+01  -1.474634E+02  9.364543E+01
1.479982E+02  7.462871E+01  -1.473310E+02  9.364806E+01
1.479461E+02  7.457936E+01  -1.471986E+02  9.365069E+01
1.477962E+02  7.443720E+01  -1.468166E+02  9.365823E+01
1.476495E+02  7.429819E+01  -1.464428E+02  9.366558E+01
1.475762E+02  7.422871E+01  -1.462554E+02  9.366921E+01
1.475031E+02  7.415949E+01  -1.460688E+02  9.367284E+01
1.473781E+02  7.404118E+01  -1.457496E+02  9.367901E+01
1.471578E+02  7.383270E+01  -1.451863E+02  9.368980E+01
1.470472E+02  7.372807E+01  -1.449030E+02  9.369520E+01
1.469359E+02  7.362281E+01  -1.446178E+02  9.370059E+01
1.467843E+02  7.347954E+01  -1.442290E+02  9.370791E+01
1.466697E+02  7.337142E+01  -1.439354E+02  9.371340E+01
1.465547E+02  7.326280E+01  -1.436399E+02  9.371889E+01
1.464531E+02  7.316693E+01  -1.433789E+02  9.372374E+01
1.463540E+02  7.307336E+01  -1.431239E+02  9.372843E+01
1.462547E+02  7.297973E+01  -1.428685E+02  9.373312E+01
1.461454E+02  7.287667E+01  -1.425869E+02  9.373826E+01
1.460378E+02  7.277527E+01  -1.423098E+02  9.374329E+01
1.458752E+02  7.262203E+01  -1.418904E+02  9.375089E+01
1.457136E+02  7.246995E+01  -1.414734E+02  9.375838E+01
1.456567E+02  7.241634E+01  -1.413262E+02  9.376101E+01
1.455999E+02  7.236291E+01  -1.411795E+02  9.376364E+01
1.454993E+02  7.226826E+01  -1.409193E+02  9.376826E+01
1.453982E+02  7.217323E+01  -1.406580E+02  9.377289E+01
1.453002E+02  7.208108E+01  -1.404043E+02  9.377738E+01
1.452014E+02  7.198824E+01  -1.401484E+02  9.378189E+01
1.451072E+02  7.189975E+01  -1.399043E+02  9.378617E+01
1.450600E+02  7.185535E+01  -1.397816E+02  9.378830E+01
1.450129E+02  7.181113E+01  -1.396594E+02  9.379044E+01
1.449297E+02  7.173295E+01  -1.394432E+02  9.379422E+01
1.448140E+02  7.162430E+01  -1.391426E+02  9.379945E+01
1.446759E+02  7.149486E+01  -1.387842E+02  9.380564E+01
1.446159E+02  7.143854E+01  -1.386279E+02  9.380832E+01
1.445560E+02  7.138242E+01  -1.384722E+02  9.381101E+01
1.444285E+02  7.126286E+01  -1.381402E+02  9.381670E+01
1.443660E+02  7.120427E+01  -1.379772E+02  9.381949E+01
1.443033E+02  7.114556E+01  -1.378139E+02  9.382228E+01
1.440036E+02  7.086493E+01  -1.370319E+02  9.383555E+01
1.439128E+02  7.077995E+01  -1.367946E+02  9.383954E+01
1.438223E+02  7.069529E+01  -1.365580E+02  9.384353E+01
1.437277E+02  7.060685E+01  -1.363106E+02  9.384769E+01
1.436338E+02  7.051909E+01  -1.360649E+02  9.385180E+01
1.435433E+02  7.043445E+01  -1.358276E+02  9.385576E+01
1.434984E+02  7.039252E+01  -1.357100E+02  9.385772E+01
1.434533E+02  7.035044E+01  -1.355919E+02  9.385969E+01
1.434096E+02  7.030961E+01  -1.354773E+02  9.386159E+01
1.433260E+02  7.023148E+01  -1.352578E+02  9.386525E+01
1.432077E+02  7.012112E+01  -1.349475E+02  9.387039E+01
1.430824E+02  7.000426E+01  -1.346186E+02  9.387583E+01
1.429717E+02  6.990096E+01  -1.343273E+02  9.388062E+01
1.428609E+02  6.979763E+01  -1.340358E+02  9.388542E+01
1.425678E+02  6.952453E+01  -1.332634E+02  9.389807E+01
1.424720E+02  6.943538E+01  -1.330110E+02  9.390220E+01
1.423758E+02  6.934580E+01  -1.327568E+02  9.390633E+01
1.422664E+02  6.924412E+01  -1.324682E+02  9.391103E+01
1.421696E+02  6.915411E+01  -1.322123E+02  9.391518E+01
1.420735E+02  6.906466E+01  -1.319578E+02  9.391930E+01
1.419853E+02  6.898267E+01  -1.317243E+02  9.392308E+01
1.418969E+02  6.890058E+01  -1.314903E+02  9.392686E+01
1.417961E+02  6.880691E+01  -1.312229E+02  9.393118E+01
1.416943E+02  6.871237E+01  -1.309529E+02  9.393554E+01
1.416020E+02  6.862672E+01  -1.307081E+02  9.393948E+01
1.415107E+02  6.854197E+01  -1.304655E+02  9.394338E+01
1.414105E+02  6.844905E+01  -1.301992E+02  9.394765E+01
1.413177E+02  6.836297E+01  -1.299525E+02  9.395161E+01
1.412331E+02  6.828455E+01  -1.297274E+02  9.395522E+01
1.411483E+02  6.820598E+01  -1.295017E+02  9.395884E+01
1.410749E+02  6.813796E+01  -1.293060E+02  9.396198E+01
1.410015E+02  6.806993E+01  -1.291103E+02  9.396512E+01
1.409361E+02  6.800942E+01  -1.289361E+02  9.396789E+01
1.408649E+02  6.794352E+01  -1.287462E+02  9.397093E+01
1.407939E+02  6.787781E+01  -1.285567E+02  9.397397E+01
1.407323E+02  6.782081E+01  -1.283922E+02  9.397660E+01
1.406707E+02  6.776379E+01  -1.282276E+02  9.397923E+01
1.405673E+02  6.766811E+01  -1.279511E+02  9.398365E+01
1.405079E+02  6.761321E+01  -1.277921E+02  9.398618E+01
1.404483E+02  6.755808E+01  -1.276326E+02  9.398872E+01
1.404085E+02  6.752130E+01  -1.275261E+02  9.399042E+01
1.403685E+02  6.748434E+01  -1.274189E+02  9.399213E+01
1.402677E+02  6.739124E+01  -1.271490E+02  9.399644E+01
1.401664E+02  6.729765E+01  -1.268775E+02  9.400078E+01
1.401151E+02  6.725024E+01  -1.267396E+02  9.400298E+01
1.400636E+02  6.720269E+01  -1.266014E+02  9.400518E+01
1.400169E+02  6.715964E+01  -1.264763E+02  9.400717E+01
1.399707E+02  6.711704E+01  -1.263523E+02  9.400916E+01
1.399085E+02  6.705959E+01  -1.261851E+02  9.401182E+01
1.398464E+02  6.700229E+01  -1.260182E+02  9.401449E+01
1.398064E+02  6.696544E+01  -1.259108E+02  9.401620E+01
1.397665E+02  6.692870E+01  -1.258037E+02  9.401791E+01
1.396484E+02  6.681973E+01  -1.254857E+02  9.402298E+01
1.395229E+02  6.670408E+01  -1.251477E+02  9.402837E+01
1.393981E+02  6.658909E+01  -1.248113E+02  9.403376E+01
1.392847E+02  6.648464E+01  -1.245052E+02  9.403864E+01
1.392282E+02  6.643270E+01  -1.243529E+02  9.404109E+01
1.391717E+02  6.638067E+01  -1.242002E+02  9.404353E+01
1.391219E+02  6.633493E+01  -1.240661E+02  9.404568E+01
1.390726E+02  6.628949E+01  -1.239325E+02  9.404782E+01
1.389716E+02  6.619667E+01  -1.236596E+02  9.405218E+01
1.388715E+02  6.610465E+01  -1.233888E+02  9.405653E+01
1.387650E+02  6.600674E+01  -1.231003E+02  9.406116E+01
1.386712E+02  6.592059E+01  -1.228461E+02  9.406524E+01
1.385780E+02  6.583491E+01  -1.225931E+02  9.406931E+01
1.384701E+02  6.573588E+01  -1.223004E+02  9.407401E+01
1.384168E+02  6.568702E+01  -1.221560E+02  9.407634E+01
1.383638E+02  6.563832E+01  -1.220118E+02  9.407867E+01
1.382928E+02  6.557319E+01  -1.218188E+02  9.408179E+01
1.382049E+02  6.549248E+01  -1.215794E+02  9.408565E+01
1.381179E+02  6.541278E+01  -1.213430E+02  9.408948E+01
1.380021E+02  6.530657E+01  -1.210274E+02  9.409458E+01
1.378874E+02  6.520151E+01  -1.207148E+02  9.409965E+01
1.378123E+02  6.513275E+01  -1.205103E+02  9.410298E+01
1.377375E+02  6.506421E+01  -1.203059E+02  9.410630E+01
1.376527E+02  6.498657E+01  -1.200744E+02  9.411008E+01
1.374620E+02  6.481207E+01  -1.195531E+02  9.411859E+01
1.373667E+02  6.472502E+01  -1.192927E+02  9.412286E+01
1.372714E+02  6.463779E+01  -1.190312E+02  9.412714E+01
1.372277E+02  6.459786E+01  -1.189116E+02  9.412910E+01
1.371842E+02  6.455816E+01  -1.187926E+02  9.413106E+01
1.371334E+02  6.451172E+01  -1.186532E+02  9.413337E+01
1.370821E+02  6.446481E+01  -1.185124E+02  9.413568E+01
1.369846E+02  6.437583E+01  -1.182451E+02  9.414008E+01
1.368899E+02  6.428927E+01  -1.179846E+02  9.414441E+01
1.367370E+02  6.414981E+01  -1.175645E+02  9.415137E+01
1.366994E+02  6.411552E+01  -1.174611E+02  9.415309E+01
1.366616E+02  6.408104E+01  -1.173571E+02  9.415482E+01
1.366185E+02  6.404170E+01  -1.172384E+02  9.415679E+01
1.365758E+02  6.400275E+01  -1.171209E+02  9.415876E+01
1.364737E+02  6.390971E+01  -1.168396E+02  9.416344E+01
1.363721E+02  6.381712E+01  -1.165595E+02  9.416813E+01
1.362530E+02  6.370858E+01  -1.162307E+02  9.417365E+01
1.361332E+02  6.359950E+01  -1.158998E+02  9.417923E+01
1.360091E+02  6.348654E+01  -1.155568E+02  9.418503E+01
1.358840E+02  6.337277E+01  -1.152107E+02  9.419089E+01
1.355796E+02  6.309605E+01  -1.143671E+02  9.420530E+01
1.355038E+02  6.302720E+01  -1.141567E+02  9.420891E+01
1.354286E+02  6.295887E+01  -1.139477E+02  9.421251E+01
1.353152E+02  6.285587E+01  -1.136322E+02  9.421795E+01
1.352189E+02  6.276851E+01  -1.133645E+02  9.422258E+01
1.351709E+02  6.272491E+01  -1.132306E+02  9.422490E+01
1.351229E+02  6.268138E+01  -1.130971E+02  9.422722E+01
1.349632E+02  6.253652E+01  -1.126518E+02  9.423500E+01
1.348936E+02  6.247343E+01  -1.124577E+02  9.423839E+01
1.348244E+02  6.241071E+01  -1.122645E+02  9.424178E+01
1.347603E+02  6.235267E+01  -1.120856E+02  9.424493E+01
1.346960E+02  6.229445E+01  -1.119061E+02  9.424809E+01
1.345524E+02  6.216451E+01  -1.115050E+02  9.425518E+01
1.344019E+02  6.202815E+01  -1.110830E+02  9.426270E+01
1.343204E+02  6.195444E+01  -1.108547E+02  9.426679E+01
1.342389E+02  6.188070E+01  -1.106261E+02  9.427088E+01
1.340809E+02  6.173795E+01  -1.101830E+02  9.427886E+01
1.338214E+02  6.150351E+01  -1.094534E+02  9.429210E+01
1.337136E+02  6.140618E+01  -1.091497E+02  9.429765E+01
1.336061E+02  6.130910E+01  -1.088464E+02  9.430321E+01
1.335425E+02  6.125175E+01  -1.086671E+02  9.430653E+01
1.334788E+02  6.119431E+01  -1.084875E+02  9.430984E+01
1.333857E+02  6.111036E+01  -1.082246E+02  9.431470E+01
1.331898E+02  6.093377E+01  -1.076707E+02  9.432503E+01
1.330926E+02  6.084623E+01  -1.073957E+02  9.433019E+01
1.329958E+02  6.075912E+01  -1.071216E+02  9.433535E+01
1.329053E+02  6.067762E+01  -1.068649E+02  9.434021E+01
1.328205E+02  6.060128E+01  -1.066243E+02  9.434477E+01
1.327357E+02  6.052497E+01  -1.063834E+02  9.434937E+01
1.326453E+02  6.044367E+01  -1.061266E+02  9.435428E+01
1.325338E+02  6.034346E+01  -1.058096E+02  9.436036E+01
1.324776E+02  6.029298E+01  -1.056500E+02  9.436345E+01
1.324214E+02  6.024237E+01  -1.054893E+02  9.436654E+01
1.322961E+02  6.012995E+01  -1.051328E+02  9.437346E+01
1.321717E+02  6.001825E+01  -1.047782E+02  9.438039E+01
1.321024E+02  5.995597E+01  -1.045801E+02  9.438427E+01
1.320333E+02  5.989400E+01  -1.043827E+02  9.438815E+01
1.319477E+02  5.981725E+01  -1.041382E+02  9.439299E+01
1.315453E+02  5.945654E+01  -1.029859E+02  9.441600E+01
1.314462E+02  5.936775E+01  -1.027011E+02  9.442176E+01
1.313472E+02  5.927916E+01  -1.024168E+02  9.442751E+01
1.312526E+02  5.919446E+01  -1.021448E+02  9.443307E+01
1.312042E+02  5.915114E+01  -1.020055E+02  9.443592E+01
1.311556E+02  5.910769E+01  -1.018656E+02  9.443878E+01
1.310484E+02  5.901181E+01  -1.015568E+02  9.444516E+01
1.309489E+02  5.892287E+01  -1.012701E+02  9.445109E+01
1.308502E+02  5.883467E+01  -1.009853E+02  9.445702E+01
1.307230E+02  5.872104E+01  -1.006180E+02  9.446471E+01
1.305941E+02  5.860589E+01  -1.002449E+02  9.447254E+01
1.302167E+02  5.826922E+01  -9.915149E+01  9.449589E+01
1.301234E+02  5.818602E+01  -9.888038E+01  9.450172E+01
1.300309E+02  5.810364E+01  -9.861159E+01  9.450756E+01
1.299304E+02  5.801411E+01  -9.831926E+01  9.451393E+01
1.298318E+02  5.792628E+01  -9.803217E+01  9.452022E+01
1.297625E+02  5.786458E+01  -9.783032E+01  9.452467E+01
1.296935E+02  5.780323E+01  -9.762929E+01  9.452911E+01
1.296300E+02  5.774667E+01  -9.744365E+01  9.453323E+01
1.295666E+02  5.769029E+01  -9.725856E+01  9.453735E+01
1.294668E+02  5.760155E+01  -9.696736E+01  9.454386E+01
1.292716E+02  5.742795E+01  -9.639577E+01  9.455670E+01
1.291750E+02  5.734217E+01  -9.611304E+01  9.456313E+01
1.290791E+02  5.725702E+01  -9.583201E+01  9.456955E+01
1.289931E+02  5.718067E+01  -9.557971E+01  9.457533E+01
1.289210E+02  5.711662E+01  -9.536783E+01  9.458020E+01
1.288489E+02  5.705259E+01  -9.515568E+01  9.458512E+01
1.287630E+02  5.697643E+01  -9.490348E+01  9.459096E+01
1.286566E+02  5.688205E+01  -9.459009E+01  9.459826E+01
1.285489E+02  5.678666E+01  -9.427317E+01  9.460571E+01
1.283398E+02  5.660130E+01  -9.365579E+01  9.462031E+01
1.281260E+02  5.641199E+01  -9.302375E+01  9.463543E+01
1.278310E+02  5.615101E+01  -9.214944E+01  9.465668E+01
1.275440E+02  5.589737E+01  -9.129628E+01  9.467771E+01
1.273793E+02  5.575188E+01  -9.080564E+01  9.468997E+01
1.272164E+02  5.560813E+01  -9.031974E+01  9.470223E+01
1.270633E+02  5.547312E+01  -8.986237E+01  9.471384E+01
1.269066E+02  5.533492E+01  -8.939345E+01  9.472589E+01
1.266642E+02  5.512136E+01  -8.866653E+01  9.474473E+01
1.265447E+02  5.501614E+01  -8.830763E+01  9.475414E+01
1.264262E+02  5.491181E+01  -8.795106E+01  9.476356E+01
1.263238E+02  5.482167E+01  -8.764259E+01  9.477175E+01
1.262199E+02  5.473032E+01  -8.732967E+01  9.478010E+01
1.258489E+02  5.440417E+01  -8.620810E+01  9.481045E+01
1.254867E+02  5.408622E+01  -8.510973E+01  9.484080E+01
1.254305E+02  5.403700E+01  -8.493929E+01  9.484559E+01
1.253742E+02  5.398767E+01  -8.476836E+01  9.485037E+01
1.252473E+02  5.387633E+01  -8.438174E+01  9.486126E+01
1.251182E+02  5.376319E+01  -8.398810E+01  9.487244E+01
1.249353E+02  5.360294E+01  -8.342961E+01  9.488845E+01
1.248496E+02  5.352792E+01  -8.316761E+01  9.489602E+01
1.247643E+02  5.345329E+01  -8.290667E+01  9.490358E+01
1.246735E+02  5.337385E+01  -8.262867E+01  9.491171E+01
1.246229E+02  5.332956E+01  -8.247347E+01  9.491624E+01
1.245728E+02  5.328576E+01  -8.231998E+01  9.492077E+01
1.244503E+02  5.317862E+01  -8.194381E+01  9.493187E+01
1.243896E+02  5.312560E+01  -8.175767E+01  9.493741E+01
1.243290E+02  5.307249E+01  -8.157056E+01  9.494295E+01
1.242026E+02  5.296208E+01  -8.118175E+01  9.495459E+01
1.240771E+02  5.285252E+01  -8.079511E+01  9.496624E+01
1.239269E+02  5.272132E+01  -8.033116E+01  9.498033E+01
1.237783E+02  5.259163E+01  -7.987164E+01  9.499442E+01
1.236500E+02  5.247969E+01  -7.947424E+01  9.500667E+01
1.235865E+02  5.242439E+01  -7.927777E+01  9.501280E+01
1.235232E+02  5.236918E+01  -7.908127E+01  9.501892E+01
1.234642E+02  5.231776E+01  -7.889811E+01  9.502465E+01
1.234057E+02  5.226672E+01  -7.871605E+01  9.503034E+01
1.233128E+02  5.218582E+01  -7.842761E+01  9.503945E+01
1.232312E+02  5.211470E+01  -7.817335E+01  9.504750E+01
1.231499E+02  5.204388E+01  -7.792006E+01  9.505556E+01
1.230722E+02  5.197629E+01  -7.767825E+01  9.506328E+01
1.229951E+02  5.190913E+01  -7.743716E+01  9.507101E+01
1.228920E+02  5.181937E+01  -7.711495E+01  9.508139E+01
1.227918E+02  5.173229E+01  -7.680218E+01  9.509157E+01
1.226776E+02  5.163295E+01  -7.644434E+01  9.510322E+01
1.225646E+02  5.153477E+01  -7.609033E+01  9.511488E+01
1.224234E+02  5.141207E+01  -7.564699E+01  9.512955E+01
1.222805E+02  5.128790E+01  -7.519752E+01  9.514455E+01
1.219290E+02  5.098278E+01  -7.408865E+01  9.518205E+01
1.216209E+02  5.071566E+01  -7.311334E+01  9.521568E+01
1.215536E+02  5.065735E+01  -7.289968E+01  9.522310E+01
1.214868E+02  5.059943E+01  -7.268747E+01  9.523053E+01
1.213235E+02  5.045799E+01  -7.216812E+01  9.524879E+01
1.211242E+02  5.028547E+01  -7.153302E+01  9.527137E+01
1.210168E+02  5.019252E+01  -7.119007E+01  9.528366E+01
1.209104E+02  5.010047E+01  -7.084975E+01  9.529595E+01
1.206317E+02  4.985954E+01  -6.995676E+01  9.532849E+01
1.203323E+02  4.960089E+01  -6.899368E+01  9.536418E+01
1.199921E+02  4.930719E+01  -6.789467E+01  9.540560E+01
1.198864E+02  4.921607E+01  -6.755260E+01  9.541868E+01
1.197814E+02  4.912547E+01  -6.721185E+01  9.543176E+01
1.196613E+02  4.902197E+01  -6.682202E+01  9.544682E+01
1.195998E+02  4.896898E+01  -6.662193E+01  9.545458E+01
1.195386E+02  4.891619E+01  -6.642257E+01  9.546234E+01
1.193565E+02  4.875929E+01  -6.582898E+01  9.548562E+01
1.191586E+02  4.858893E+01  -6.518269E+01  9.551124E+01
1.188060E+02  4.828553E+01  -6.402629E+01  9.555774E+01
1.184617E+02  4.798956E+01  -6.289174E+01  9.560425E+01
1.183341E+02  4.787991E+01  -6.246995E+01  9.562178E+01
1.182074E+02  4.777108E+01  -6.205040E+01  9.563932E+01
1.180980E+02  4.767714E+01  -6.168745E+01  9.565459E+01
1.179916E+02  4.758588E+01  -6.133452E+01  9.566950E+01
1.178848E+02  4.749414E+01  -6.097879E+01  9.568464E+01
1.177405E+02  4.737040E+01  -6.049813E+01  9.570526E+01
1.176715E+02  4.731121E+01  -6.026784E+01  9.571517E+01
1.176028E+02  4.725227E+01  -6.003820E+01  9.572509E+01
1.175177E+02  4.717931E+01  -5.975360E+01  9.573745E+01
1.173215E+02  4.701113E+01  -5.909633E+01  9.576622E+01
1.170539E+02  4.678192E+01  -5.819687E+01  9.580605E+01
1.169791E+02  4.671778E+01  -5.794424E+01  9.581733E+01
1.169047E+02  4.665404E+01  -5.769288E+01  9.582861E+01
1.167673E+02  4.653641E+01  -5.722864E+01  9.584956E+01
1.167096E+02  4.648707E+01  -5.703375E+01  9.585842E+01
1.166520E+02  4.643779E+01  -5.683876E+01  9.586728E+01
1.165548E+02  4.635455E+01  -5.650870E+01  9.588233E+01
1.164583E+02  4.627208E+01  -5.618159E+01  9.589738E+01
1.163172E+02  4.615131E+01  -5.570087E+01  9.591957E+01
1.161749E+02  4.602964E+01  -5.521598E+01  9.594214E+01
1.160140E+02  4.589216E+01  -5.466635E+01  9.596792E+01
1.158475E+02  4.574987E+01  -5.409589E+01  9.599489E+01
1.157507E+02  4.566717E+01  -5.376349E+01  9.601072E+01
1.156547E+02  4.558506E+01  -5.343305E+01  9.602656E+01
1.155476E+02  4.549357E+01  -5.306402E+01  9.604428E+01
1.154413E+02  4.540295E+01  -5.269828E+01  9.606200E+01
1.153292E+02  4.530716E+01  -5.231044E+01  9.608087E+01
1.152107E+02  4.520607E+01  -5.190043E+01  9.610094E+01
1.151309E+02  4.513796E+01  -5.162381E+01  9.611453E+01
1.150515E+02  4.507025E+01  -5.134855E+01  9.612812E+01
1.149662E+02  4.499734E+01  -5.105111E+01  9.614289E+01
1.148643E+02  4.491053E+01  -5.069703E+01  9.616051E+01
1.147626E+02  4.482373E+01  -5.034199E+01  9.617829E+01
1.146549E+02  4.473194E+01  -4.996613E+01  9.619723E+01
1.145451E+02  4.463828E+01  -4.958175E+01  9.621671E+01
1.144638E+02  4.456897E+01  -4.929700E+01  9.623118E+01
1.143829E+02  4.450010E+01  -4.901370E+01  9.624566E+01
1.136969E+02  4.391556E+01  -4.658971E+01  9.637190E+01
1.136133E+02  4.384441E+01  -4.629275E+01  9.638768E+01
1.135301E+02  4.377356E+01  -4.599691E+01  9.640346E+01
1.134207E+02  4.368046E+01  -4.560663E+01  9.642434E+01
1.133107E+02  4.358681E+01  -4.521354E+01  9.644553E+01
1.131864E+02  4.348091E+01  -4.476791E+01  9.646968E+01
1.131227E+02  4.342668E+01  -4.453933E+01  9.648208E+01
1.130594E+02  4.337294E+01  -4.431268E+01  9.649448E+01
1.129703E+02  4.329699E+01  -4.399156E+01  9.651207E+01
1.128961E+02  4.323403E+01  -4.372545E+01  9.652673E+01
1.128228E+02  4.317148E+01  -4.346000E+01  9.654138E+01
1.127446E+02  4.310504E+01  -4.317826E+01  9.655698E+01
1.126671E+02  4.303913E+01  -4.289837E+01  9.657258E+01
1.125945E+02  4.297728E+01  -4.263470E+01  9.658726E+01
1.125225E+02  4.291596E+01  -4.237323E+01  9.660193E+01
1.124342E+02  4.284087E+01  -4.205285E+01  9.661994E+01
1.122944E+02  4.272208E+01  -4.154473E+01  9.664870E+01
1.122251E+02  4.266305E+01  -4.129125E+01  9.666308E+01
1.121561E+02  4.260432E+01  -4.103939E+01  9.667746E+01
1.120427E+02  4.250792E+01  -4.062479E+01  9.670122E+01
1.119280E+02  4.241045E+01  -4.020506E+01  9.672540E+01
1.118270E+02  4.232451E+01  -3.983366E+01  9.674692E+01
1.117264E+02  4.223890E+01  -3.946307E+01  9.676844E+01
1.116061E+02  4.213668E+01  -3.901977E+01  9.679437E+01
1.114911E+02  4.203894E+01  -3.859494E+01  9.681940E+01
1.113557E+02  4.192377E+01  -3.809297E+01  9.684907E+01
1.112187E+02  4.180738E+01  -3.758476E+01  9.687936E+01
1.110271E+02  4.164438E+01  -3.686968E+01  9.692226E+01
1.109270E+02  4.155924E+01  -3.649536E+01  9.694489E+01
1.108275E+02  4.147469E+01  -3.612305E+01  9.696752E+01
1.107752E+02  4.143025E+01  -3.592692E+01  9.697950E+01
1.107228E+02  4.138564E+01  -3.572990E+01  9.699147E+01
1.106284E+02  4.130536E+01  -3.537446E+01  9.701328E+01
1.105307E+02  4.122232E+01  -3.500652E+01  9.703594E+01
1.104312E+02  4.113782E+01  -3.463133E+01  9.705916E+01
1.103346E+02  4.105556E+01  -3.426498E+01  9.708192E+01
1.102187E+02  4.095701E+01  -3.382545E+01  9.710939E+01
1.101036E+02  4.085911E+01  -3.338782E+01  9.713686E+01
1.099566E+02  4.073409E+01  -3.282725E+01  9.717233E+01
1.098797E+02  4.066872E+01  -3.253323E+01  9.719093E+01
1.098035E+02  4.060386E+01  -3.224132E+01  9.720954E+01
1.096963E+02  4.051265E+01  -3.183000E+01  9.723585E+01
1.095918E+02  4.042377E+01  -3.142815E+01  9.726173E+01
1.094722E+02  4.032208E+01  -3.096751E+01  9.729150E+01
1.093437E+02  4.021269E+01  -3.047041E+01  9.732383E+01
1.092914E+02  4.016820E+01  -3.026794E+01  9.733700E+01
1.092396E+02  4.012413E+01  -3.006710E+01  9.735017E+01
1.091626E+02  4.005853E+01  -2.976773E+01  9.736983E+01
1.089706E+02  3.989504E+01  -2.901918E+01  9.741924E+01
1.087730E+02  3.972673E+01  -2.824575E+01  9.747075E+01
1.087104E+02  3.967339E+01  -2.799977E+01  9.748723E+01
1.086481E+02  3.962034E+01  -2.775464E+01  9.750371E+01
1.085739E+02  3.955724E+01  -2.746341E+01  9.752337E+01
1.085365E+02  3.952540E+01  -2.731605E+01  9.753333E+01
1.084992E+02  3.949362E+01  -2.716865E+01  9.754328E+01
1.084077E+02  3.941555E+01  -2.680634E+01  9.756784E+01
1.083616E+02  3.937626E+01  -2.662380E+01  9.758028E+01
1.083156E+02  3.933708E+01  -2.644165E+01  9.759272E+01
1.082598E+02  3.928957E+01  -2.622047E+01  9.760788E+01
1.082047E+02  3.924251E+01  -2.600114E+01  9.762291E+01
1.081226E+02  3.917257E+01  -2.567453E+01  9.764538E+01
1.080399E+02  3.910190E+01  -2.534355E+01  9.766816E+01
1.079317E+02  3.900978E+01  -2.491217E+01  9.769811E+01
1.078801E+02  3.896569E+01  -2.470501E+01  9.771251E+01
1.078286E+02  3.892172E+01  -2.449806E+01  9.772691E+01
1.077901E+02  3.888881E+01  -2.434285E+01  9.773773E+01
1.077516E+02  3.885605E+01  -2.418900E+01  9.774854E+01
1.077085E+02  3.881916E+01  -2.401468E+01  9.776070E+01
1.076656E+02  3.878263E+01  -2.384251E+01  9.777286E+01
1.075449E+02  3.867957E+01  -2.335510E+01  9.780719E+01
1.073798E+02  3.853851E+01  -2.268542E+01  9.785466E+01
1.073417E+02  3.850594E+01  -2.253048E+01  9.786572E+01
1.073035E+02  3.847339E+01  -2.237567E+01  9.787677E+01
1.072589E+02  3.843530E+01  -2.219433E+01  9.788977E+01
1.071361E+02  3.833024E+01  -2.169247E+01  9.792575E+01
1.070614E+02  3.826640E+01  -2.138709E+01  9.794780E+01
1.069870E+02  3.820280E+01  -2.108213E+01  9.796985E+01
1.068915E+02  3.812106E+01  -2.068943E+01  9.799837E+01
1.067967E+02  3.803991E+01  -2.029875E+01  9.802688E+01
1.066723E+02  3.793354E+01  -1.978539E+01  9.806445E+01
1.065474E+02  3.782672E+01  -1.926872E+01  9.810258E+01
1.064020E+02  3.770216E+01  -1.866378E+01  9.814747E+01
1.063644E+02  3.766996E+01  -1.850704E+01  9.815912E+01
1.063270E+02  3.763786E+01  -1.835049E+01  9.817076E+01
1.061883E+02  3.751899E+01  -1.777035E+01  9.821419E+01
1.061310E+02  3.746969E+01  -1.752866E+01  9.823231E+01
1.060736E+02  3.742058E+01  -1.728812E+01  9.825043E+01
1.060214E+02  3.737580E+01  -1.706848E+01  9.826702E+01
1.059695E+02  3.733117E+01  -1.684888E+01  9.828361E+01
1.058981E+02  3.726978E+01  -1.654635E+01  9.830649E+01
1.058272E+02  3.720883E+01  -1.624587E+01  9.832936E+01
1.057576E+02  3.714900E+01  -1.595003E+01  9.835187E+01
1.056571E+02  3.706261E+01  -1.552224E+01  9.838456E+01
1.056102E+02  3.702228E+01  -1.532225E+01  9.839992E+01
1.055635E+02  3.698200E+01  -1.512192E+01  9.841528E+01
1.054066E+02  3.684682E+01  -1.444848E+01  9.846724E+01
1.053308E+02  3.678148E+01  -1.412199E+01  9.849256E+01
1.052552E+02  3.671627E+01  -1.379531E+01  9.851789E+01
1.052111E+02  3.667823E+01  -1.360461E+01  9.853278E+01
1.051671E+02  3.664035E+01  -1.341464E+01  9.854767E+01
1.051144E+02  3.659473E+01  -1.318502E+01  9.856561E+01
1.050620E+02  3.654949E+01  -1.295752E+01  9.858344E+01
1.050116E+02  3.650593E+01  -1.273770E+01  9.860072E+01
1.049613E+02  3.646250E+01  -1.251851E+01  9.861799E+01
1.049292E+02  3.643468E+01  -1.237779E+01  9.862906E+01
1.048970E+02  3.640701E+01  -1.223826E+01  9.864013E+01
1.048644E+02  3.637866E+01  -1.209429E+01  9.865142E+01
1.048320E+02  3.635063E+01  -1.195225E+01  9.866271E+01
1.047909E+02  3.631513E+01  -1.177243E+01  9.867696E+01
1.047472E+02  3.627735E+01  -1.158066E+01  9.869220E+01
1.046981E+02  3.623481E+01  -1.136437E+01  9.870946E+01
1.046485E+02  3.619192E+01  -1.114640E+01  9.872691E+01
1.042119E+02  3.581351E+01  -9.208322E+00  9.888327E+01
1.041660E+02  3.577365E+01  -9.003092E+00  9.889999E+01
1.041203E+02  3.573405E+01  -8.798732E+00  9.891672E+01
1.041013E+02  3.571749E+01  -8.713226E+00  9.892370E+01
1.040823E+02  3.570099E+01  -8.627829E+00  9.893069E+01
1.040460E+02  3.566947E+01  -8.464955E+00  9.894407E+01
1.040276E+02  3.565350E+01  -8.382219E+00  9.895082E+01
1.040185E+02  3.564568E+01  -8.342068E+00  9.895419E+01
1.040095E+02  3.563765E+01  -8.300008E+00  9.895756E+01
1.039093E+02  3.555069E+01  -7.849454E+00  9.899475E+01
1.038745E+02  3.552043E+01  -7.692434E+00  9.900773E+01
1.038399E+02  3.549026E+01  -7.535343E+00  9.902071E+01
1.037962E+02  3.545233E+01  -7.337968E+00  9.903709E+01
1.037522E+02  3.541407E+01  -7.138682E+00  9.905363E+01
1.037113E+02  3.537847E+01  -6.953119E+00  9.906908E+01
1.036703E+02  3.534279E+01  -6.766884E+00  9.908466E+01
1.036228E+02  3.530135E+01  -6.549781E+00  9.910267E+01
1.036005E+02  3.528206E+01  -6.449263E+00  9.911116E+01
1.035784E+02  3.526272E+01  -6.347825E+00  9.911965E+01
1.035402E+02  3.522935E+01  -6.172800E+00  9.913432E+01
1.035019E+02  3.519599E+01  -5.997729E+00  9.914899E+01
1.034699E+02  3.516814E+01  -5.851667E+00  9.916132E+01
1.034618E+02  3.516102E+01  -5.814096E+00  9.916444E+01
1.034537E+02  3.515397E+01  -5.777253E+00  9.916755E+01
1.034208E+02  3.512528E+01  -5.626050E+00  9.918027E+01
1.033650E+02  3.507660E+01  -5.369939E+00  9.920192E+01
1.033435E+02  3.505780E+01  -5.270849E+00  9.921031E+01
1.033326E+02  3.504837E+01  -5.221425E+00  9.921451E+01
1.033218E+02  3.503901E+01  -5.172016E+00  9.921871E+01
1.032932E+02  3.501391E+01  -5.039364E+00  9.922991E+01
1.032648E+02  3.498918E+01  -4.908897E+00  9.924101E+01
1.032291E+02  3.495797E+01  -4.743950E+00  9.925501E+01
1.032114E+02  3.494254E+01  -4.662274E+00  9.926198E+01
1.032026E+02  3.493467E+01  -4.620200E+00  9.926547E+01
