# HSM/GeV  HNSM/GeV  HS/GeV  T/GeV
7.406832E-06  -3.731319E-06  9.295024E+02  0.000000E+00
7.538102E-06  -3.655221E-06  9.294980E+02  1.000000E+00
7.765137E-06  -3.603288E-06  9.294520E+02  3.500000E+00
8.027348E-06  -3.549796E-06  9.293539E+02  6.000000E+00
8.244261E-06  -3.484929E-06  9.292840E+02  7.273720E+00
8.208412E-06  -3.627479E-06  9.292005E+02  8.547440E+00
8.018376E-06  -3.762719E-06  9.290830E+02  1.007416E+01
8.295658E-06  -3.687639E-06  9.289677E+02  1.137309E+01
8.578527E-06  -3.811433E-06  9.288556E+02  1.249999E+01
8.424709E-06  -3.941659E-06  9.287470E+02  1.350706E+01
8.252696E-06  -4.067004E-06  9.286398E+02  1.443593E+01
8.457273E-06  -3.968500E-06  9.285317E+02  1.530449E+01
8.726511E-06  -4.117758E-06  9.284260E+02  1.611176E+01
8.615287E-06  -4.278352E-06  9.283191E+02  1.687912E+01
8.735802E-06  -4.034325E-06  9.282103E+02  1.760161E+01
9.116280E-06  -4.084421E-06  9.281016E+02  1.829596E+01
9.134494E-06  -4.325663E-06  9.279930E+02  1.896703E+01
8.803506E-06  -4.242529E-06  9.278830E+02  1.961760E+01
8.690791E-06  -4.574128E-06  9.277737E+02  2.024203E+01
9.053135E-06  -4.966783E-06  9.276643E+02  2.084673E+01
1.001777E-05  -4.853538E-06  9.275544E+02  2.143240E+01
1.080067E-05  -5.191809E-06  9.274457E+02  2.199849E+01
1.141276E-05  -5.258477E-06  9.273364E+02  2.255209E+01
1.073029E-05  -5.337002E-06  9.272274E+02  2.309265E+01
1.209627E-05  -5.828465E-06  9.271173E+02  2.362265E+01
1.243859E-05  -5.966264E-06  9.270073E+02  2.413864E+01
1.137803E-05  -5.364006E-06  9.268970E+02  2.464150E+01
1.263052E-05  -5.546467E-06  9.267879E+02  2.513123E+01
1.460917E-05  -5.770339E-06  9.266779E+02  2.561454E+01
1.453775E-05  -5.786704E-06  9.265673E+02  2.608964E+01
1.637749E-05  -6.208735E-06  9.264568E+02  2.655524E+01
1.625693E-05  -6.258660E-06  9.263472E+02  2.701106E+01
1.562553E-05  -6.010434E-06  9.262359E+02  2.746266E+01
1.594668E-05  -5.925835E-06  9.261250E+02  2.790444E+01
1.640491E-05  -6.237097E-06  9.260136E+02  2.833728E+01
1.598570E-05  -6.438179E-06  9.259038E+02  2.876210E+01
1.776392E-05  -6.822133E-06  9.257918E+02  2.918526E+01
1.980364E-05  -7.408225E-06  9.256797E+02  2.960000E+01
1.785217E-05  -7.161066E-06  9.255687E+02  3.000555E+01
2.010918E-05  -7.387627E-06  9.254577E+02  3.040776E+01
2.052042E-05  -7.647725E-06  9.253440E+02  3.080860E+01
2.184227E-05  -7.879069E-06  9.252328E+02  3.119886E+01
2.122942E-05  -7.137196E-06  9.251192E+02  3.158787E+01
2.442248E-05  -8.317338E-06  9.250070E+02  3.196787E+01
2.435939E-05  -8.392876E-06  9.248946E+02  3.234361E+01
2.547301E-05  -8.069965E-06  9.247818E+02  3.271721E+01
2.462909E-05  -7.761084E-06  9.246672E+02  3.308724E+01
2.582737E-05  -8.347579E-06  9.245550E+02  3.344881E+01
2.602755E-05  -8.697287E-06  9.244397E+02  3.381153E+01
2.667644E-05  -8.790509E-06  9.243263E+02  3.416572E+01
2.687723E-05  -8.691019E-06  9.242114E+02  3.451917E+01
2.683477E-05  -9.380247E-06  9.240976E+02  3.486674E+01
2.762304E-05  -9.906437E-06  9.239818E+02  3.521277E+01
2.828231E-05  -9.886218E-06  9.238676E+02  3.555284E+01
2.913804E-05  -1.023935E-05  9.237514E+02  3.589243E+01
2.822836E-05  -1.034957E-05  9.236359E+02  3.622664E+01
2.802862E-05  -1.054156E-05  9.235198E+02  3.655806E+01
2.613221E-05  -1.056550E-05  9.234036E+02  3.688598E+01
2.739778E-05  -1.171591E-05  9.232867E+02  3.721191E+01
2.772451E-05  -1.148065E-05  9.231697E+02  3.753383E+01
2.951965E-05  -1.156969E-05  9.230519E+02  3.785277E+01
2.927726E-05  -1.179080E-05  9.229354E+02  3.816758E+01
2.643068E-05  -1.104231E-05  9.228169E+02  3.848293E+01
2.900888E-05  -1.146604E-05  9.226981E+02  3.879487E+01
3.018738E-05  -1.157103E-05  9.225799E+02  3.910221E+01
3.081657E-05  -1.278811E-05  9.224601E+02  3.940870E+01
2.855023E-05  -1.166730E-05  9.223414E+02  3.971009E+01
2.796483E-05  -1.119950E-05  9.222224E+02  4.000897E+01
2.974287E-05  -1.275715E-05  9.221030E+02  4.030773E+01
2.999327E-05  -1.289594E-05  9.219802E+02  4.060777E+01
3.257481E-05  -1.400225E-05  9.218604E+02  4.090035E+01
3.098463E-05  -1.366711E-05  9.217378E+02  4.119378E+01
3.150018E-05  -1.349948E-05  9.216168E+02  4.148311E+01
3.010930E-05  -1.339315E-05  9.214929E+02  4.177303E+01
2.856536E-05  -1.422893E-05  9.213716E+02  4.205645E+01
3.224406E-05  -1.477436E-05  9.212474E+02  4.234144E+01
3.157317E-05  -1.509781E-05  9.211242E+02  4.262234E+01
3.147828E-05  -1.481883E-05  9.209995E+02  4.290328E+01
3.380900E-05  -1.562446E-05  9.208756E+02  4.318089E+01
3.450202E-05  -1.560409E-05  9.207499E+02  4.345828E+01
3.514954E-05  -1.686765E-05  9.206246E+02  4.373217E+01
3.529857E-05  -1.760173E-05  9.204985E+02  4.400465E+01
3.873695E-05  -1.813897E-05  9.203727E+02  4.427376E+01
3.720547E-05  -1.620482E-05  9.202459E+02  4.454212E+01
3.167334E-05  -1.524855E-05  9.201177E+02  4.480975E+01
3.401062E-05  -1.521272E-05  9.199912E+02  4.507342E+01
3.460395E-05  -1.632593E-05  9.198631E+02  4.533646E+01
3.408880E-05  -1.572976E-05  9.197340E+02  4.559776E+01
3.394609E-05  -1.597741E-05  9.196061E+02  4.585633E+01
3.923112E-05  -1.752318E-05  9.194751E+02  4.611613E+01
3.367880E-05  -1.739178E-05  9.193466E+02  4.636980E+01
3.688531E-05  -1.727958E-05  9.192166E+02  4.662471E+01
4.005643E-05  -1.767391E-05  9.190846E+02  4.687987E+01
4.001087E-05  -1.673880E-05  9.189513E+02  4.713412E+01
4.183654E-05  -1.767970E-05  9.188194E+02  4.738397E+01
3.890901E-05  -1.707304E-05  9.186872E+02  4.763319E+01
3.853924E-05  -1.594052E-05  9.185534E+02  4.788059E+01
4.107200E-05  -1.614768E-05  9.184199E+02  4.812597E+01
4.354999E-05  -1.717702E-05  9.182853E+02  4.837255E+01
4.034242E-05  -1.648683E-05  9.181487E+02  4.861793E+01
4.140175E-05  -1.719161E-05  9.180144E+02  4.885788E+01
4.194059E-05  -1.825961E-05  9.178792E+02  4.909716E+01
4.963241E-05  -2.048647E-05  9.177426E+02  4.933766E+01
4.742473E-05  -2.028103E-05  9.176051E+02  4.957646E+01
4.787761E-05  -1.971289E-05  9.174657E+02  4.981592E+01
5.158911E-05  -2.190988E-05  9.173271E+02  5.005085E+01
5.306445E-05  -2.435400E-05  9.171905E+02  5.028138E+01
5.883967E-05  -2.700277E-05  9.170503E+02  5.051547E+01
5.659126E-05  -2.621720E-05  9.169114E+02  5.074637E+01
5.953176E-05  -2.705969E-05  9.167673E+02  5.098252E+01
6.343228E-05  -2.780678E-05  9.166246E+02  5.121305E+01
6.973454E-05  -2.913155E-05  9.164840E+02  5.143914E+01
7.162017E-05  -3.128346E-05  9.163426E+02  5.166559E+01
7.099041E-05  -3.296929E-05  9.161973E+02  5.189381E+01
6.771627E-05  -3.483341E-05  9.160549E+02  5.211651E+01
7.347313E-05  -3.482139E-05  9.159103E+02  5.234149E+01
7.479073E-05  -3.431582E-05  9.157614E+02  5.256895E+01
8.229439E-05  -3.393055E-05  9.156168E+02  5.278950E+01
7.571895E-05  -3.336994E-05  9.154705E+02  5.300981E+01
8.317053E-05  -3.595119E-05  9.153228E+02  5.323022E+01
8.392907E-05  -3.816509E-05  9.151736E+02  5.345078E+01
8.699834E-05  -4.225704E-05  9.150252E+02  5.366810E+01
8.514528E-05  -4.283215E-05  9.148774E+02  5.388246E+01
8.395981E-05  -4.294984E-05  9.147276E+02  5.409803E+01
8.071769E-05  -3.981417E-05  9.145773E+02  5.431227E+01
7.780657E-05  -3.824443E-05  9.144244E+02  5.452728E+01
6.768264E-05  -3.417146E-05  9.142746E+02  5.473791E+01
7.177845E-05  -3.723463E-05  9.141192E+02  5.495224E+01
6.999444E-05  -3.896378E-05  9.139658E+02  5.516387E+01
7.618049E-05  -3.856641E-05  9.138098E+02  5.537545E+01
8.103741E-05  -3.993267E-05  9.136571E+02  5.558245E+01
7.254384E-05  -3.847353E-05  9.134988E+02  5.579324E+01
7.712776E-05  -4.351460E-05  9.133428E+02  5.599995E+01
7.133677E-05  -3.817892E-05  9.131864E+02  5.620611E+01
6.534281E-05  -3.606114E-05  9.130244E+02  5.641614E+01
7.710909E-05  -4.048038E-05  9.128663E+02  5.661990E+01
8.157523E-05  -4.246913E-05  9.127082E+02  5.682200E+01
7.961210E-05  -4.319084E-05  9.125471E+02  5.702613E+01
8.473672E-05  -4.377565E-05  9.123859E+02  5.722859E+01
8.443673E-05  -4.621757E-05  9.122257E+02  5.742810E+01
9.758704E-05  -4.849106E-05  9.120594E+02  5.763313E+01
9.704522E-05  -4.791201E-05  9.118949E+02  5.783429E+01
9.990854E-05  -5.137777E-05  9.117310E+02  5.803285E+01
1.021837E-04  -4.957604E-05  9.115636E+02  5.823399E+01
1.039577E-04  -5.150900E-05  9.113968E+02  5.843261E+01
1.034270E-04  -5.420866E-05  9.112296E+02  5.863067E+01
9.250945E-05  -4.928818E-05  9.110616E+02  5.882723E+01
9.963820E-05  -5.158394E-05  9.108949E+02  5.901979E+01
9.186644E-05  -4.556443E-05  9.107287E+02  5.921174E+01
9.130950E-05  -4.595070E-05  9.105596E+02  5.940361E+01
8.147161E-05  -4.611746E-05  9.103918E+02  5.959342E+01
7.492222E-05  -4.421911E-05  9.102227E+02  5.978291E+01
7.549592E-05  -4.695842E-05  9.100525E+02  5.997212E+01
8.907545E-05  -4.864878E-05  9.098785E+02  6.016365E+01
8.743396E-05  -4.471992E-05  9.097068E+02  6.035199E+01
1.025032E-04  -5.252407E-05  9.095332E+02  6.053929E+01
9.723447E-05  -4.971342E-05  9.093613E+02  6.072391E+01
1.059184E-04  -4.932204E-05  9.091864E+02  6.091085E+01
1.033798E-04  -4.773192E-05  9.090090E+02  6.109744E+01
1.018666E-04  -4.925281E-05  9.088333E+02  6.128172E+01
1.116660E-04  -5.217249E-05  9.086573E+02  6.146496E+01
1.038339E-04  -5.473067E-05  9.084782E+02  6.164873E+01
1.018755E-04  -5.412178E-05  9.082988E+02  6.183189E+01
1.039194E-04  -5.016600E-05  9.081198E+02  6.201373E+01
1.054525E-04  -4.759247E-05  9.079393E+02  6.219509E+01
1.109740E-04  -5.114987E-05  9.077574E+02  6.237618E+01
1.186414E-04  -5.502746E-05  9.075764E+02  6.255443E+01
1.105119E-04  -5.208254E-05  9.073934E+02  6.273424E+01
1.038519E-04  -5.254907E-05  9.072051E+02  6.291724E+01
9.811373E-05  -4.941908E-05  9.070167E+02  6.309864E+01
9.863393E-05  -4.808395E-05  9.068296E+02  6.327684E+01
9.695670E-05  -5.179711E-05  9.066428E+02  6.345443E+01
9.320972E-05  -5.051418E-05  9.064545E+02  6.363138E+01
8.372842E-05  -4.804635E-05  9.062607E+02  6.381143E+01
8.488130E-05  -5.019051E-05  9.060699E+02  6.398775E+01
9.110059E-05  -5.367314E-05  9.058794E+02  6.416246E+01
8.313336E-05  -5.046444E-05  9.056897E+02  6.433545E+01
8.184321E-05  -4.761585E-05  9.054950E+02  6.451060E+01
8.502973E-05  -4.764907E-05  9.053042E+02  6.468116E+01
7.677091E-05  -4.216266E-05  9.051107E+02  6.485348E+01
5.929877E-05  -3.467180E-05  9.049139E+02  6.502628E+01
7.804078E-05  -3.849955E-05  9.047219E+02  6.519392E+01
6.493505E-05  -3.320528E-05  9.045309E+02  6.535992E+01
6.320306E-05  -3.347923E-05  9.043295E+02  6.553302E+01
6.749948E-05  -3.283595E-05  9.041282E+02  6.570467E+01
7.859429E-05  -3.434910E-05  9.039279E+02  6.587358E+01
1.011267E-04  -3.871621E-05  9.037273E+02  6.604192E+01
1.225656E-04  -4.694621E-05  9.035299E+02  6.620629E+01
1.264534E-04  -4.978666E-05  9.033338E+02  6.636829E+01
1.244605E-04  -5.136017E-05  9.031329E+02  6.653293E+01
1.238893E-04  -5.473236E-05  9.029248E+02  6.670212E+01
1.318499E-04  -5.965475E-05  9.027174E+02  6.686942E+01
1.129056E-04  -5.859355E-05  9.025089E+02  6.703672E+01
1.060932E-04  -5.455762E-05  9.022982E+02  6.720411E+01
1.012146E-04  -5.826629E-05  9.020902E+02  6.736785E+01
9.565086E-05  -5.589998E-05  9.018803E+02  6.753132E+01
8.282081E-05  -5.735786E-05  9.016747E+02  6.769128E+01
8.301456E-05  -5.649399E-05  9.014611E+02  6.785570E+01
7.134212E-05  -4.889923E-05  9.012499E+02  6.801647E+01
6.862935E-05  -4.827281E-05  9.010370E+02  6.817765E+01
4.431698E-05  -3.937955E-05  9.008249E+02  6.833705E+01
4.678096E-05  -3.688657E-05  9.006097E+02  6.849764E+01
5.022500E-05  -3.526712E-05  9.003956E+02  6.865599E+01
5.026270E-05  -3.298909E-05  9.001847E+02  6.881145E+01
4.573759E-05  -3.339361E-05  8.999730E+02  6.896575E+01
5.858495E-05  -3.608377E-05  8.997547E+02  6.912327E+01
6.994259E-05  -3.696053E-05  8.995402E+02  6.927733E+01
6.164871E-05  -3.414688E-05  8.993261E+02  6.943025E+01
5.016069E-05  -2.654516E-05  8.991050E+02  6.958630E+01
4.125972E-05  -2.453709E-05  8.988803E+02  6.974404E+01
4.811286E-05  -2.684133E-05  8.986564E+02  6.989992E+01
5.737822E-05  -2.515195E-05  8.984351E+02  7.005299E+01
6.451893E-05  -2.040736E-05  8.982057E+02  7.021076E+01
7.220231E-05  -2.074010E-05  8.979716E+02  7.037018E+01
4.591916E-05  -1.517107E-05  8.977451E+02  7.052264E+01
4.972683E-05  -1.755314E-05  8.975240E+02  7.067128E+01
4.628349E-05  -1.505163E-05  8.972952E+02  7.082365E+01
3.991946E-05  -1.576838E-05  8.970687E+02  7.097329E+01
6.149638E-05  -2.186123E-05  8.968395E+02  7.112316E+01
6.982956E-05  -2.647688E-05  8.966131E+02  7.127091E+01
9.361899E-05  -4.207124E-05  8.963802E+02  7.142100E+01
7.021277E-05  -3.299796E-05  8.961504E+02  7.156881E+01
7.748932E-05  -3.441929E-05  8.959191E+02  7.171604E+01
6.528294E-05  -3.016779E-05  8.956842E+02  7.186416E+01
4.808905E-05  -2.289633E-05  8.954518E+02  7.201023E+01
4.041665E-05  -2.277064E-05  8.952182E+02  7.215536E+01
3.053557E-05  -2.977296E-05  8.949815E+02  7.230170E+01
2.130392E-05  -2.658291E-05  8.947454E+02  7.244704E+01
4.283148E-05  -3.015398E-05  8.945085E+02  7.259098E+01
5.483020E-05  -3.430975E-05  8.942631E+02  7.273943E+01
5.794721E-05  -3.294993E-05  8.940187E+02  7.288619E+01
6.216621E-05  -3.118222E-05  8.937746E+02  7.303198E+01
6.838751E-05  -3.683640E-05  8.935266E+02  7.317835E+01
8.212687E-05  -4.350029E-05  8.932846E+02  7.332045E+01
6.785695E-05  -3.782535E-05  8.930363E+02  7.346523E+01
7.492770E-05  -4.482204E-05  8.927917E+02  7.360717E+01
5.857293E-05  -3.991456E-05  8.925468E+02  7.374751E+01
8.270578E-05  -4.427931E-05  8.923032E+02  7.388689E+01
1.050774E-04  -4.858899E-05  8.920575E+02  7.402570E+01
1.284008E-04  -6.392839E-05  8.918119E+02  7.416383E+01
1.339468E-04  -6.332243E-05  8.915674E+02  7.430050E+01
1.405437E-04  -6.749026E-05  8.913246E+02  7.443514E+01
1.439339E-04  -6.821591E-05  8.910737E+02  7.457361E+01
1.175306E-04  -5.920062E-05  8.908228E+02  7.471055E+01
1.307973E-04  -6.188764E-05  8.905658E+02  7.485045E+01
1.299189E-04  -6.121262E-05  8.903081E+02  7.498937E+01
1.432902E-04  -6.395106E-05  8.900536E+02  7.512536E+01
1.446935E-04  -6.184132E-05  8.897915E+02  7.526456E+01
1.513066E-04  -7.010962E-05  8.895354E+02  7.540011E+01
1.452707E-04  -7.250064E-05  8.892792E+02  7.553440E+01
1.498190E-04  -7.511600E-05  8.890207E+02  7.566896E+01
1.463854E-04  -6.900520E-05  8.887610E+02  7.580280E+01
1.296002E-04  -7.164934E-05  8.885069E+02  7.593325E+01
1.418682E-04  -7.017073E-05  8.882387E+02  7.606989E+01
1.238081E-04  -6.181848E-05  8.879755E+02  7.620308E+01
1.196582E-04  -5.720096E-05  8.877156E+02  7.633371E+01
1.204192E-04  -5.345575E-05  8.874585E+02  7.646205E+01
9.804573E-05  -4.559111E-05  8.871975E+02  7.659148E+01
7.560614E-05  -3.503823E-05  8.869388E+02  7.671889E+01
6.061019E-05  -3.361958E-05  8.866681E+02  7.685131E+01
9.316116E-05  -3.896610E-05  8.864004E+02  7.698131E+01
1.287538E-04  -5.059714E-05  8.861304E+02  7.711154E+01
1.122952E-04  -4.967024E-05  8.858579E+02  7.724205E+01
1.057957E-04  -4.767159E-05  8.855772E+02  7.737582E+01
1.039084E-04  -4.925064E-05  8.853149E+02  7.749948E+01
1.256855E-04  -5.974916E-05  8.850589E+02  7.761970E+01
1.318563E-04  -6.585684E-05  8.847919E+02  7.774441E+01
1.514952E-04  -7.469556E-05  8.845181E+02  7.787121E+01
1.606625E-04  -8.112884E-05  8.842489E+02  7.799508E+01
1.768263E-04  -8.660861E-05  8.839730E+02  7.812110E+01
1.781834E-04  -8.847756E-05  8.837041E+02  7.824315E+01
1.706632E-04  -8.564738E-05  8.834382E+02  7.836309E+01
1.677267E-04  -8.852711E-05  8.831626E+02  7.848652E+01
1.588956E-04  -8.173870E-05  8.828899E+02  7.860760E+01
1.955165E-04  -9.340450E-05  8.826009E+02  7.873534E+01
2.036097E-04  -1.043425E-04  8.823101E+02  7.886330E+01
2.100232E-04  -1.073224E-04  8.820156E+02  7.899131E+01
2.269477E-04  -1.160615E-04  8.817260E+02  7.911692E+01
2.156117E-04  -1.146703E-04  8.814357E+02  7.924177E+01
1.798872E-04  -1.032383E-04  8.811483E+02  7.936448E+01
1.654721E-04  -9.002887E-05  8.808650E+02  7.948466E+01
1.517591E-04  -8.909415E-05  8.805768E+02  7.960584E+01
1.386036E-04  -8.475601E-05  8.802744E+02  7.973262E+01
1.412475E-04  -7.733616E-05  8.799760E+02  7.985653E+01
9.165411E-05  -5.698202E-05  8.796956E+02  7.997206E+01
1.020582E-04  -5.441173E-05  8.794200E+02  8.008509E+01
1.158740E-04  -6.436649E-05  8.791266E+02  8.020470E+01
1.230669E-04  -6.154665E-05  8.788292E+02  8.032499E+01
1.254002E-04  -6.854309E-05  8.785303E+02  8.044544E+01
1.249442E-04  -6.257292E-05  8.782305E+02  8.056494E+01
1.263865E-04  -6.268864E-05  8.779359E+02  8.068205E+01
1.503038E-04  -7.109967E-05  8.776289E+02  8.080277E+01
1.210317E-04  -6.750316E-05  8.773303E+02  8.091966E+01
1.345870E-04  -7.608075E-05  8.770258E+02  8.103829E+01
1.504342E-04  -8.128879E-05  8.767225E+02  8.115515E+01
1.361598E-04  -7.695122E-05  8.764125E+02  8.127433E+01
1.635243E-04  -8.777123E-05  8.760950E+02  8.139530E+01
1.626208E-04  -8.472305E-05  8.758008E+02  8.150640E+01
1.634579E-04  -8.553610E-05  8.755133E+02  8.161479E+01
1.600632E-04  -8.597465E-05  8.752009E+02  8.173130E+01
1.549429E-04  -8.476800E-05  8.748968E+02  8.184416E+01
1.580957E-04  -8.673986E-05  8.745851E+02  8.195911E+01
1.624108E-04  -8.580598E-05  8.742771E+02  8.207199E+01
1.193725E-04  -7.490661E-05  8.739682E+02  8.218437E+01
1.052287E-04  -6.669388E-05  8.736460E+02  8.230087E+01
1.137742E-04  -7.071223E-05  8.733305E+02  8.241414E+01
1.156953E-04  -6.778191E-05  8.730199E+02  8.252496E+01
1.338517E-04  -7.530904E-05  8.726973E+02  8.263932E+01
1.344778E-04  -7.060468E-05  8.723793E+02  8.275128E+01
1.285717E-04  -6.903230E-05  8.720476E+02  8.286748E+01
1.162034E-04  -5.339481E-05  8.717166E+02  8.298221E+01
1.121507E-04  -5.638374E-05  8.713878E+02  8.309567E+01
8.219066E-05  -4.494447E-05  8.710620E+02  8.320749E+01
2.125100E-05  -2.693950E-05  8.707353E+02  8.331871E+01
-4.108889E-06  -1.776033E-05  8.704138E+02  8.342742E+01
5.276571E-06  -2.216714E-05  8.700835E+02  8.353821E+01
5.589952E-06  -1.666425E-05  8.697512E+02  8.364927E+01
-1.884099E-05  -4.533246E-06  8.693994E+02  8.376568E+01
1.162518E-05  -9.950590E-06  8.690582E+02  8.387798E+01
5.204471E-05  -1.816223E-05  8.687063E+02  8.399301E+01
1.099648E-04  -3.671474E-05  8.683602E+02  8.410532E+01
1.007240E-04  -2.991255E-05  8.680239E+02  8.421398E+01
8.619807E-05  -2.921828E-05  8.676947E+02  8.431938E+01
5.742933E-05  -2.487256E-05  8.673729E+02  8.442184E+01
3.838228E-05  -2.111046E-05  8.670464E+02  8.452490E+01
-4.280712E-06  -6.826082E-06  8.667277E+02  8.462511E+01
-6.378629E-06  -4.772499E-06  8.663907E+02  8.473035E+01
-4.263571E-05  -3.639995E-06  8.660587E+02  8.483332E+01
-1.516093E-05  -1.324060E-05  8.657212E+02  8.493755E+01
-7.266757E-05  7.624901E-06  8.653616E+02  8.504750E+01
-3.189996E-05  -4.976119E-06  8.650383E+02  8.514585E+01
-6.529327E-05  6.376435E-06  8.647182E+02  8.524268E+01
-6.577114E-05  1.583008E-05  8.643544E+02  8.535214E+01
-4.512499E-05  8.257401E-06  8.640109E+02  8.545460E+01
-9.566514E-06  -9.567639E-06  8.636752E+02  8.555417E+01
-4.180577E-05  1.202103E-06  8.633100E+02  8.566156E+01
-2.090427E-05  1.623715E-06  8.629397E+02  8.576988E+01
3.736909E-06  -2.550339E-06  8.625714E+02  8.587688E+01
-1.661724E-05  -2.986574E-06  8.622095E+02  8.598129E+01
-2.196175E-05  1.053235E-05  8.618476E+02  8.608501E+01
-3.851253E-05  1.227620E-05  8.614917E+02  8.618632E+01
-1.337251E-05  8.368071E-06  8.611231E+02  8.629073E+01
-1.824202E-05  1.329212E-05  8.607530E+02  8.639465E+01
-2.907681E-05  2.320039E-05  8.604049E+02  8.649167E+01
-2.391324E-05  1.754774E-05  8.600646E+02  8.658615E+01
-5.657734E-06  2.622606E-05  8.597038E+02  8.668553E+01
2.411455E-06  2.974687E-05  8.593754E+02  8.677529E+01
-3.869190E-06  2.348081E-05  8.590546E+02  8.686275E+01
1.673245E-05  2.985681E-05  8.587171E+02  8.695389E+01
5.176264E-05  2.573629E-06  8.583448E+02  8.705398E+01
4.438417E-05  1.157816E-05  8.579763E+02  8.715251E+01
1.214273E-04  -1.709610E-05  8.575910E+02  8.725468E+01
1.101615E-04  -1.540975E-05  8.572165E+02  8.735331E+01
7.669132E-05  4.057098E-06  8.568585E+02  8.744701E+01
4.426190E-05  1.021886E-05  8.565060E+02  8.753868E+01
4.368749E-05  1.054831E-05  8.561546E+02  8.762936E+01
2.755864E-05  1.435537E-05  8.558111E+02  8.771771E+01
1.959633E-05  7.383370E-06  8.554481E+02  8.781023E+01
2.261161E-05  4.949987E-06  8.550713E+02  8.790591E+01
6.360933E-05  -1.573266E-06  8.546974E+02  8.800013E+01
4.248076E-05  7.117671E-06  8.543319E+02  8.809162E+01
5.344765E-05  9.876790E-06  8.539686E+02  8.818204E+01
3.226883E-05  1.678360E-05  8.535899E+02  8.827561E+01
-1.894642E-05  2.826931E-05  8.531951E+02  8.837254E+01
-3.523179E-05  2.760906E-05  8.528079E+02  8.846697E+01
-2.249487E-06  1.842628E-05  8.524233E+02  8.856012E+01
5.123649E-05  -2.937602E-06  8.520044E+02  8.866096E+01
6.575339E-05  -2.850935E-06  8.516036E+02  8.875652E+01
6.417845E-05  -9.978838E-06  8.512411E+02  8.884269E+01
8.811265E-05  -2.195657E-05  8.508800E+02  8.892790E+01
1.003485E-04  -3.785002E-05  8.504929E+02  8.901849E+01
8.471440E-05  -2.406669E-05  8.501131E+02  8.910690E+01
9.378345E-05  -2.747536E-05  8.497182E+02  8.919843E+01
9.671907E-05  -2.605935E-05  8.493572E+02  8.928143E+01
1.216814E-04  -2.420239E-05  8.490039E+02  8.936214E+01
1.403133E-04  -4.766664E-05  8.486191E+02  8.944952E+01
1.635506E-04  -5.148966E-05  8.482397E+02  8.953497E+01
2.338097E-04  -7.219061E-05  8.478298E+02  8.962683E+01
2.756898E-04  -9.860063E-05  8.474271E+02  8.971661E+01
2.887979E-04  -1.126646E-04  8.470287E+02  8.980457E+01
3.065693E-04  -1.440612E-04  8.466512E+02  8.988750E+01
2.639581E-04  -1.277469E-04  8.462785E+02  8.996888E+01
1.949587E-04  -1.064329E-04  8.458993E+02  9.005125E+01
1.328168E-04  -7.101243E-05  8.454923E+02  9.013894E+01
8.277751E-05  -5.738326E-05  8.450952E+02  9.022381E+01
7.742723E-05  -4.944005E-05  8.447039E+02  9.030704E+01
9.889866E-05  -5.093704E-05  8.443169E+02  9.038879E+01
4.735642E-05  -3.159775E-05  8.439195E+02  9.047230E+01
7.680546E-05  -3.815527E-05  8.435043E+02  9.055890E+01
1.469572E-05  -2.852089E-05  8.430990E+02  9.064284E+01
5.803929E-06  -2.801203E-05  8.426669E+02  9.073169E+01
-1.470368E-04  1.145558E-05  8.422420E+02  9.081836E+01
-1.039613E-04  -2.751554E-06  8.418148E+02  9.090498E+01
-4.438735E-05  -2.800989E-05  8.414005E+02  9.098854E+01
-7.377072E-05  -2.355351E-05  8.409912E+02  9.107032E+01
-6.789260E-05  -3.114342E-05  8.405867E+02  9.115068E+01
-9.884052E-05  -1.570603E-05  8.401792E+02  9.123115E+01
-1.563114E-04  -5.580447E-06  8.397793E+02  9.130959E+01
-2.083928E-04  7.883947E-06  8.393798E+02  9.138756E+01
-2.194478E-04  1.409994E-05  8.389555E+02  9.146956E+01
-2.636202E-04  3.369456E-05  8.385104E+02  9.155513E+01
-2.150138E-04  2.878493E-05  8.380685E+02  9.163959E+01
-2.555294E-04  5.880595E-05  8.376447E+02  9.171978E+01
-2.865122E-04  6.796956E-05  8.372805E+02  9.178850E+01
-3.386555E-04  9.067822E-05  8.369175E+02  9.185648E+01
-3.130317E-04  8.308013E-05  8.365199E+02  9.193035E+01
-3.432928E-04  1.047141E-04  8.361329E+02  9.200205E+01
-3.817723E-04  1.232810E-04  8.357184E+02  9.207820E+01
-3.522434E-04  1.299504E-04  8.353143E+02  9.215188E+01
-2.812515E-04  1.236613E-04  8.348225E+02  9.224102E+01
-2.849243E-04  1.279269E-04  8.343815E+02  9.232039E+01
-2.706706E-04  1.321495E-04  8.339510E+02  9.239730E+01
-2.911836E-04  1.289255E-04  8.335176E+02  9.247432E+01
-3.105958E-04  1.392841E-04  8.330899E+02  9.254961E+01
-2.619508E-04  1.230353E-04  8.326826E+02  9.262093E+01
-2.660667E-04  1.190020E-04  8.322820E+02  9.269075E+01
-2.494995E-04  1.198930E-04  8.318813E+02  9.276004E+01
-2.813573E-04  1.278712E-04  8.314564E+02  9.283301E+01
-2.296161E-04  1.145641E-04  8.310400E+02  9.290397E+01
-2.501831E-04  1.113654E-04  8.306023E+02  9.297826E+01
-3.565570E-04  1.591443E-04  8.301688E+02  9.305124E+01
-3.370253E-04  1.603243E-04  8.296945E+02  9.313041E+01
-2.674111E-04  1.414235E-04  8.292658E+02  9.320167E+01
-2.341029E-04  1.273996E-04  8.288411E+02  9.327168E+01
-2.256224E-04  1.314467E-04  8.284510E+02  9.333560E+01
-2.801517E-04  1.648674E-04  8.280673E+02  9.339798E+01
-2.696304E-04  1.396486E-04  8.276231E+02  9.346982E+01
-3.130310E-04  1.446123E-04  8.272323E+02  9.353268E+01
-3.593434E-04  1.658410E-04  8.268472E+02  9.359416E+01
-4.516721E-04  2.048872E-04  8.264656E+02  9.365476E+01
-4.098851E-04  1.925391E-04  8.260908E+02  9.371404E+01
-4.098243E-04  1.955761E-04  8.256599E+02  9.378153E+01
-4.159759E-04  1.944081E-04  8.254185E+02  9.381921E+01
-4.448888E-04  2.146623E-04  8.251763E+02  9.385688E+01
-4.936875E-04  2.239497E-04  8.247666E+02  9.392024E+01
-5.445528E-04  2.517294E-04  8.243647E+02  9.398210E+01
-5.298585E-04  2.576964E-04  8.239456E+02  9.404604E+01
-5.203468E-04  2.645059E-04  8.235395E+02  9.410766E+01
-5.553112E-04  2.726893E-04  8.231037E+02  9.417334E+01
-6.201241E-04  2.834859E-04  8.226784E+02  9.423713E+01
-5.954050E-04  2.772434E-04  8.222083E+02  9.430697E+01
-5.643520E-04  2.657122E-04  8.217388E+02  9.437630E+01
-6.178291E-04  3.040050E-04  8.212540E+02  9.444732E+01
-7.359323E-04  3.534360E-04  8.207472E+02  9.452104E+01
-7.598382E-04  3.554579E-04  8.202770E+02  9.458896E+01
-7.305932E-04  3.378997E-04  8.198171E+02  9.465487E+01
-6.768667E-04  3.309573E-04  8.193848E+02  9.471629E+01
-7.278581E-04  3.437959E-04  8.189655E+02  9.477555E+01
-6.911709E-04  3.457042E-04  8.185058E+02  9.484017E+01
-7.071968E-04  3.413464E-04  8.180536E+02  9.490312E+01
-6.349943E-04  3.090662E-04  8.176009E+02  9.496578E+01
-5.905588E-04  2.995550E-04  8.171420E+02  9.502886E+01
-6.381115E-04  3.112131E-04  8.166952E+02  9.508991E+01
-7.182311E-04  3.260332E-04  8.162429E+02  9.515120E+01
-7.651796E-04  3.437697E-04  8.158040E+02  9.521026E+01
-7.291142E-04  3.544658E-04  8.153303E+02  9.527348E+01
-7.770454E-04  3.882335E-04  8.148664E+02  9.533504E+01
-7.380432E-04  3.696046E-04  8.144132E+02  9.539473E+01
-8.210054E-04  3.766240E-04  8.139725E+02  9.545245E+01
-8.564491E-04  3.937891E-04  8.134892E+02  9.551512E+01
-8.797151E-04  4.201358E-04  8.130236E+02  9.557521E+01
-8.661783E-04  4.359771E-04  8.125752E+02  9.563254E+01
-8.513019E-04  4.229894E-04  8.121431E+02  9.568753E+01
-8.784774E-04  4.079311E-04  8.117022E+02  9.574311E+01
-8.963916E-04  4.136605E-04  8.112766E+02  9.579649E+01
-8.589315E-04  4.237320E-04  8.110117E+02  9.582957E+01
-9.218638E-04  4.047822E-04  8.107443E+02  9.586266E+01
-8.178673E-04  3.744366E-04  8.102422E+02  9.592476E+01
-7.760118E-04  3.723557E-04  8.097623E+02  9.598354E+01
-6.644400E-04  3.354140E-04  8.092998E+02  9.603972E+01
-6.959089E-04  3.137402E-04  8.087565E+02  9.610531E+01
-6.454972E-04  2.959104E-04  8.082247E+02  9.616886E+01
-5.787953E-04  2.856615E-04  8.077232E+02  9.622842E+01
-5.677860E-04  2.788039E-04  8.072317E+02  9.628621E+01
-5.768571E-04  2.654380E-04  8.067187E+02  9.634611E+01
-5.773108E-04  2.826459E-04  8.064692E+02  9.637507E+01
-5.281898E-04  2.618457E-04  8.062194E+02  9.640403E+01
-5.133817E-04  2.464179E-04  8.058805E+02  9.644303E+01
-5.378789E-04  2.486067E-04  8.055398E+02  9.648202E+01
-5.521242E-04  2.565330E-04  8.050353E+02  9.653933E+01
-5.506553E-04  2.720725E-04  8.045697E+02  9.659192E+01
-5.946206E-04  2.834523E-04  8.041123E+02  9.664313E+01
-4.735521E-04  2.203858E-04  8.036347E+02  9.669617E+01
-5.018260E-04  2.293097E-04  8.031783E+02  9.674651E+01
-4.826354E-04  2.265223E-04  8.027324E+02  9.679537E+01
-4.647158E-04  2.158749E-04  8.022423E+02  9.684865E+01
-4.292968E-04  2.043716E-04  8.018199E+02  9.689431E+01
-3.171990E-04  1.686955E-04  8.014042E+02  9.693880E+01
-3.207401E-04  1.677179E-04  8.009724E+02  9.698480E+01
-3.303882E-04  1.653619E-04  8.005474E+02  9.702981E+01
-3.022012E-04  1.546216E-04  7.999967E+02  9.708760E+01
-2.157891E-04  1.401133E-04  7.993914E+02  9.715054E+01
-3.207490E-04  1.779981E-04  7.987785E+02  9.721364E+01
-3.310180E-04  1.778264E-04  7.984633E+02  9.724581E+01
-2.850805E-04  1.566215E-04  7.981469E+02  9.727797E+01
-2.938797E-04  1.476305E-04  7.976752E+02  9.732561E+01
-2.652099E-04  1.365287E-04  7.972136E+02  9.737189E+01
-3.170815E-04  1.495585E-04  7.969169E+02  9.740152E+01
-3.243672E-04  1.504072E-04  7.966177E+02  9.743114E+01
-3.591755E-04  1.659302E-04  7.961660E+02  9.747567E+01
-3.530826E-04  1.714283E-04  7.957205E+02  9.751934E+01
-3.962262E-04  1.836847E-04  7.954719E+02  9.754353E+01
-4.069179E-04  1.884839E-04  7.952217E+02  9.756772E+01
-5.460838E-04  2.281687E-04  7.946922E+02  9.761876E+01
-5.494540E-04  2.627676E-04  7.941280E+02  9.767260E+01
-5.575214E-04  2.536430E-04  7.938484E+02  9.769907E+01
-5.831926E-04  2.716049E-04  7.935678E+02  9.772554E+01
-6.583811E-04  2.923838E-04  7.929847E+02  9.778019E+01
-5.952785E-04  2.820777E-04  7.924166E+02  9.783289E+01
-6.792947E-04  3.180533E-04  7.918877E+02  9.788155E+01
-7.664529E-04  3.673607E-04  7.913773E+02  9.792814E+01
-7.644769E-04  3.447860E-04  7.909380E+02  9.796784E+01
-6.845064E-04  3.063235E-04  7.905150E+02  9.800589E+01
-7.369539E-04  3.527763E-04  7.898725E+02  9.806310E+01
-7.828479E-04  3.555422E-04  7.893247E+02  9.811141E+01
-7.567888E-04  3.473846E-04  7.887993E+02  9.815725E+01
-7.596607E-04  3.637696E-04  7.882742E+02  9.820275E+01
-7.903972E-04  3.809922E-04  7.877293E+02  9.824953E+01
-8.115418E-04  3.537217E-04  7.874563E+02  9.827285E+01
-8.069218E-04  3.829095E-04  7.871813E+02  9.829616E+01
-7.778634E-04  3.770335E-04  7.866617E+02  9.833994E+01
-8.121360E-04  3.475752E-04  7.861209E+02  9.838509E+01
-7.949627E-04  3.780931E-04  7.855779E+02  9.842998E+01
-8.483641E-04  3.748829E-04  7.853029E+02  9.845259E+01
-7.793926E-04  3.716485E-04  7.850264E+02  9.847521E+01
-8.482143E-04  3.640320E-04  7.845122E+02  9.851704E+01
-7.106393E-04  3.394381E-04  7.840057E+02  9.855776E+01
-8.024594E-04  3.483691E-04  7.834379E+02  9.860312E+01
-8.202331E-04  3.845036E-04  7.829184E+02  9.864413E+01
-7.692205E-04  3.604387E-04  7.824254E+02  9.868274E+01
-7.614881E-04  3.437927E-04  7.818661E+02  9.872621E+01
-6.734573E-04  3.042773E-04  7.812403E+02  9.877426E+01
-6.300096E-04  3.065979E-04  7.806541E+02  9.881883E+01
-6.509788E-04  2.954432E-04  7.801001E+02  9.886046E+01
-6.760104E-04  2.908752E-04  7.798388E+02  9.888003E+01
-7.123157E-04  3.127687E-04  7.795757E+02  9.889959E+01
-7.214495E-04  3.185839E-04  7.790957E+02  9.893504E+01
-7.041518E-04  3.317772E-04  7.785739E+02  9.897323E+01
-5.903975E-04  2.865171E-04  7.780701E+02  9.900973E+01
-6.223139E-04  2.696121E-04  7.775637E+02  9.904617E+01
-6.391230E-04  2.822977E-04  7.770686E+02  9.908143E+01
-6.053325E-04  2.909073E-04  7.767903E+02  9.910112E+01
-5.442002E-04  2.636806E-04  7.765105E+02  9.912080E+01
-6.170528E-04  2.851403E-04  7.759934E+02  9.915693E+01
-6.446674E-04  2.870302E-04  7.754884E+02  9.919183E+01
-5.430987E-04  2.633298E-04  7.748678E+02  9.923434E+01
-4.926929E-04  2.299029E-04  7.742275E+02  9.927773E+01
-4.000426E-04  1.907436E-04  7.736199E+02  9.931835E+01
-4.221581E-04  1.843614E-04  7.733390E+02  9.933699E+01
-3.927331E-04  1.735815E-04  7.730567E+02  9.935563E+01
-4.719943E-04  2.172557E-04  7.724828E+02  9.939320E+01
-4.195169E-04  1.930987E-04  7.719401E+02  9.942842E+01
-3.979800E-04  1.746805E-04  7.714165E+02  9.946201E+01
-3.814962E-04  1.658512E-04  7.709457E+02  9.949193E+01
-4.012178E-04  1.831870E-04  7.704904E+02  9.952060E+01
-3.405544E-04  1.527625E-04  7.699834E+02  9.955222E+01
-3.394012E-04  1.548950E-04  7.693572E+02  9.959090E+01
-3.482508E-04  1.517498E-04  7.690062E+02  9.961233E+01
-3.251549E-04  1.443865E-04  7.686542E+02  9.963376E+01
-3.899539E-04  1.769366E-04  7.681717E+02  9.966278E+01
-4.272754E-04  1.826480E-04  7.678362E+02  9.968287E+01
-4.208804E-04  1.883257E-04  7.674973E+02  9.970295E+01
-4.690051E-04  1.997669E-04  7.670699E+02  9.972817E+01
-5.028636E-04  2.117603E-04  7.666383E+02  9.975339E+01
-4.786423E-04  2.081540E-04  7.661449E+02  9.978191E+01
-5.622674E-04  2.335753E-04  7.656725E+02  9.980899E+01
-5.216632E-04  2.261651E-04  7.653386E+02  9.982797E+01
-4.443829E-04  2.097927E-04  7.650031E+02  9.984695E+01
-4.163282E-04  1.802450E-04  7.646094E+02  9.986900E+01
-3.899615E-04  1.792143E-04  7.642131E+02  9.989104E+01
-4.843422E-04  2.147404E-04  7.637618E+02  9.991592E+01
-4.448783E-04  2.127177E-04  7.631726E+02  9.994807E+01
-3.672962E-04  1.824455E-04  7.629140E+02  9.996208E+01
-3.399680E-04  1.795215E-04  7.626527E+02  9.997610E+01
-3.834925E-04  1.844493E-04  7.622637E+02  9.999692E+01
-2.946429E-04  1.547469E-04  7.618388E+02  1.000194E+02
-3.297794E-04  1.609980E-04  7.614319E+02  1.000408E+02
-3.129161E-04  1.452980E-04  7.610062E+02  1.000629E+02
-3.412107E-04  1.563783E-04  7.606793E+02  1.000798E+02
-3.244705E-04  1.508953E-04  7.603515E+02  1.000966E+02
-3.310096E-04  1.549613E-04  7.599553E+02  1.001168E+02
-2.936418E-04  1.421564E-04  7.596016E+02  1.001346E+02
-2.250548E-04  1.205845E-04  7.592584E+02  1.001518E+02
-1.385508E-04  9.384393E-05  7.587385E+02  1.001776E+02
-1.720984E-04  9.900924E-05  7.582343E+02  1.002024E+02
-1.816235E-04  1.026269E-04  7.577175E+02  1.002274E+02
-1.566500E-04  1.099855E-04  7.570478E+02  1.002595E+02
-2.570535E-04  1.317094E-04  7.564189E+02  1.002892E+02
-2.758839E-04  1.323322E-04  7.561081E+02  1.003037E+02
-3.684987E-04  1.674300E-04  7.557945E+02  1.003183E+02
-4.036366E-04  1.723732E-04  7.554013E+02  1.003364E+02
-4.817346E-04  1.945202E-04  7.548557E+02  1.003612E+02
-5.906118E-04  2.494964E-04  7.543409E+02  1.003843E+02
-5.657398E-04  2.436837E-04  7.537880E+02  1.004089E+02
-4.981941E-04  2.227030E-04  7.533939E+02  1.004262E+02
-5.338872E-04  2.279458E-04  7.529965E+02  1.004435E+02
-5.638244E-04  2.469227E-04  7.526302E+02  1.004593E+02
-7.682078E-04  2.965447E-04  7.519447E+02  1.004885E+02
-8.602549E-04  3.380054E-04  7.514835E+02  1.005079E+02
-7.342236E-05  2.856383E-05  7.510169E+02  1.005273E+02
-5.148071E-05  2.251151E-05  7.504661E+02  1.005499E+02
-3.496607E-05  4.208735E-05  7.499530E+02  1.005706E+02
-1.593564E-04  9.295414E-05  7.494870E+02  1.005893E+02
-1.926178E-04  8.988207E-05  7.490375E+02  1.006071E+02
-1.842025E-04  8.776425E-05  7.485124E+02  1.006276E+02
-2.830582E-04  1.096393E-04  7.480650E+02  1.006449E+02
-2.469224E-04  1.036538E-04  7.478490E+02  1.006531E+02
-2.530065E-04  1.075665E-04  7.476333E+02  1.006613E+02
-2.879127E-04  1.266460E-04  7.472797E+02  1.006747E+02
-2.629248E-04  1.134068E-04  7.466675E+02  1.006975E+02
-3.290925E-04  1.423787E-04  7.460807E+02  1.007191E+02
-2.950586E-04  1.311471E-04  7.458030E+02  1.007292E+02
-2.240229E-04  1.120523E-04  7.455220E+02  1.007393E+02
-7.741544E-05  6.872937E-05  7.451112E+02  1.007539E+02
-9.895944E-05  6.915055E-05  7.447759E+02  1.007658E+02
-1.406049E-05  3.278032E-05  7.444376E+02  1.007776E+02
2.201869E-05  3.385239E-05  7.441492E+02  1.007876E+02
-5.524336E-06  3.761021E-05  7.438686E+02  1.007973E+02
1.950324E-04  -5.242566E-05  7.429747E+02  1.008276E+02
1.393718E-04  -4.270018E-05  7.425857E+02  1.008405E+02
3.913677E-05  -3.272801E-05  7.421923E+02  1.008535E+02
-4.771194E-05  -2.529963E-05  7.417696E+02  1.008673E+02
-7.136885E-05  -8.168808E-06  7.413585E+02  1.008805E+02
-1.139232E-04  2.820021E-08  7.409711E+02  1.008928E+02
-1.229110E-04  7.540717E-07  7.405993E+02  1.009045E+02
-2.109412E-04  2.553524E-05  7.401873E+02  1.009173E+02
-2.240580E-04  4.146407E-05  7.398110E+02  1.009288E+02
-2.456553E-04  4.141626E-05  7.394393E+02  1.009401E+02
-3.469232E-04  6.994391E-05  7.391547E+02  1.009486E+02
-3.980134E-04  9.380381E-05  7.388676E+02  1.009572E+02
-3.662735E-04  9.051264E-05  7.386077E+02  1.009649E+02
-3.486871E-04  9.891180E-05  7.383446E+02  1.009726E+02
-3.447988E-04  1.149915E-04  7.379173E+02  1.009850E+02
-2.724821E-04  9.815242E-05  7.375572E+02  1.009953E+02
-2.451167E-04  9.385122E-05  7.372068E+02  1.010052E+02
-2.863188E-04  9.264845E-05  7.368515E+02  1.010151E+02
-2.973182E-04  1.036954E-04  7.364927E+02  1.010251E+02
-2.587249E-04  9.673007E-05  7.359496E+02  1.010399E+02
-3.417586E-04  1.271366E-04  7.354030E+02  1.010545E+02
-2.734820E-04  1.209989E-04  7.351520E+02  1.010612E+02
-2.737330E-04  1.204512E-04  7.348991E+02  1.010678E+02
-3.187087E-04  1.349018E-04  7.344270E+02  1.010800E+02
-3.056793E-04  1.217262E-04  7.340108E+02  1.010906E+02
-3.624716E-04  1.402986E-04  7.336088E+02  1.011007E+02
-3.118939E-04  1.334355E-04  7.332570E+02  1.011094E+02
-2.824366E-04  1.251275E-04  7.329130E+02  1.011179E+02
-2.905508E-04  1.205975E-04  7.325336E+02  1.011270E+02
-2.852591E-04  1.118397E-04  7.323485E+02  1.011315E+02
-2.567747E-04  9.977690E-05  7.321632E+02  1.011359E+02
-2.922738E-04  1.101866E-04  7.317696E+02  1.011451E+02
-2.654732E-04  1.024684E-04  7.315611E+02  1.011500E+02
-2.576012E-04  8.722320E-05  7.313522E+02  1.011548E+02
-2.194433E-04  9.677580E-05  7.307428E+02  1.011686E+02
-2.259517E-04  8.743642E-05  7.300370E+02  1.011843E+02
-2.379800E-04  1.025132E-04  7.296848E+02  1.011919E+02
-2.837756E-04  1.160540E-04  7.293282E+02  1.011996E+02
-4.142707E-04  1.645156E-04  7.286100E+02  1.012146E+02
-2.977034E-04  1.372997E-04  7.279791E+02  1.012275E+02
-4.538613E-04  1.975997E-04  7.276012E+02  1.012350E+02
-4.217726E-04  1.858041E-04  7.272171E+02  1.012425E+02
-4.117112E-04  1.799099E-04  7.269140E+02  1.012484E+02
-4.284034E-04  1.650221E-04  7.266055E+02  1.012543E+02
-3.933123E-04  1.646410E-04  7.260886E+02  1.012640E+02
-3.538962E-04  1.546595E-04  7.256010E+02  1.012729E+02
-3.649884E-04  1.549442E-04  7.253196E+02  1.012780E+02
-3.772952E-04  1.521623E-04  7.250340E+02  1.012831E+02
-3.580571E-04  1.540828E-04  7.246994E+02  1.012889E+02
-3.711501E-04  1.549344E-04  7.242807E+02  1.012961E+02
-3.670990E-04  1.466920E-04  7.240847E+02  1.012994E+02
-3.125616E-04  1.412346E-04  7.238870E+02  1.013028E+02
-2.981883E-04  1.267109E-04  7.235438E+02  1.013084E+02
-2.220561E-04  1.006983E-04  7.232136E+02  1.013138E+02
-3.065210E-04  1.340092E-04  7.230027E+02  1.013172E+02
-2.524148E-04  1.057262E-04  7.227883E+02  1.013206E+02
-2.569334E-04  1.076869E-04  7.225081E+02  1.013250E+02
-2.248979E-04  9.081230E-05  7.222241E+02  1.013294E+02
-1.971666E-04  8.104181E-05  7.220737E+02  1.013317E+02
-2.409520E-04  9.777620E-05  7.219231E+02  1.013340E+02
-3.009108E-04  1.213343E-04  7.217593E+02  1.013365E+02
-3.349610E-04  1.393613E-04  7.215932E+02  1.013389E+02
-3.602115E-04  1.413040E-04  7.212449E+02  1.013441E+02
-4.546750E-04  1.724026E-04  7.208999E+02  1.013490E+02
-4.630045E-04  1.826590E-04  7.207250E+02  1.013515E+02
-4.776962E-04  1.931944E-04  7.205483E+02  1.013540E+02
-5.218205E-04  2.166126E-04  7.202723E+02  1.013578E+02
-1.703199E-05  1.098972E-05  7.201381E+02  1.013597E+02
-4.717010E-05  2.125395E-05  7.200030E+02  1.013615E+02
-2.893183E-05  2.481449E-05  7.197234E+02  1.013653E+02
-1.557471E-05  3.099050E-05  7.194236E+02  1.013693E+02
-4.082389E-05  3.470307E-05  7.192386E+02  1.013717E+02
-1.869914E-05  2.550603E-05  7.190513E+02  1.013741E+02
1.673793E-05  6.294610E-06  7.187635E+02  1.013778E+02
9.382971E-05  -1.226871E-05  7.185227E+02  1.013808E+02
-8.402420E-06  1.696392E-05  7.182780E+02  1.013838E+02
2.891873E-06  8.193485E-06  7.179998E+02  1.013871E+02
-2.037457E-05  1.441821E-05  7.177370E+02  1.013902E+02
3.460609E-05  1.061426E-07  7.174836E+02  1.013932E+02
-2.639374E-06  1.138178E-05  7.173315E+02  1.013950E+02
-2.465172E-05  2.006730E-05  7.171773E+02  1.013967E+02
-6.006266E-06  1.074546E-05  7.169229E+02  1.013996E+02
-7.343084E-05  2.944113E-05  7.166753E+02  1.014023E+02
-9.284667E-05  3.891034E-05  7.165365E+02  1.014038E+02
-9.957803E-05  4.003059E-05  7.163975E+02  1.014053E+02
-8.339335E-05  3.806775E-05  7.161121E+02  1.014084E+02
-7.055109E-05  3.330977E-05  7.159734E+02  1.014098E+02
-8.936283E-05  3.871159E-05  7.158352E+02  1.014112E+02
-1.093877E-04  3.639485E-05  7.155950E+02  1.014137E+02
-6.126831E-05  1.957586E-05  7.153290E+02  1.014163E+02
-5.115491E-06  -9.198081E-06  7.148456E+02  1.014210E+02
1.255648E-04  -5.153980E-05  7.145545E+02  1.014238E+02
8.374192E-05  -4.794873E-05  7.142550E+02  1.014265E+02
3.025132E-05  -3.526208E-05  7.140811E+02  1.014281E+02
4.985590E-05  -4.542619E-05  7.139033E+02  1.014297E+02
7.721113E-05  -5.150649E-05  7.137096E+02  1.014313E+02
