# HSM/GeV  HNSM/GeV  HS/GeV  T/GeV
-1.816516E-02  -6.056235E-03  -7.548958E-04  7.590767E+01
-1.813957E-02  -6.047705E-03  -7.549670E-04  7.590853E+01
-1.800375E-02  -6.002429E-03  -7.556455E-04  7.591194E+01
-1.759274E-02  -5.865412E-03  -7.533893E-04  7.591878E+01
-1.436696E-02  -4.790177E-03  -7.712751E-04  7.611132E+01
-1.185592E-02  -3.953147E-03  -7.719040E-04  7.630385E+01
-6.603922E-03  -2.202522E-03  -7.953788E-04  7.706689E+01
-4.326717E-03  -1.443416E-03  -8.107131E-04  7.782993E+01
-2.952526E-03  -9.852674E-04  -8.176016E-04  7.935600E+01
-1.709956E-03  -5.712907E-04  -9.987761E-04  8.546031E+01
-7.695937E-04  -2.566260E-04  -7.348465E-04  9.766893E+01
9.627133E-05  3.475896E-05  1.428534E-04  1.302252E+02
9.332463E-05  3.214577E-05  1.340879E-04  1.303252E+02
9.037793E-05  3.118777E-05  1.253224E-04  1.304252E+02
-6.998812E-05  -5.546281E-06  -7.151592E-05  1.630315E+02
-2.993376E-05  -1.559008E-06  1.561733E-04  2.037894E+02
-2.568292E-05  -4.977188E-06  -1.706607E-05  2.260323E+02
6.008533E-04  2.456139E-04  -6.637071E-04  2.482751E+02
1.949286E-05  5.616427E-06  1.807829E-05  2.634824E+02
3.573374E-05  2.377377E-05  -1.913485E-05  2.786896E+02
-1.033242E-05  5.571933E-06  2.165397E-05  3.088892E+02
-2.590624E-04  -6.162273E-05  5.031591E-05  3.390888E+02
-3.302331E-04  -3.300996E-04  6.005782E-04  3.474917E+02
-1.229825E-03  -4.762501E-04  -1.311765E-03  3.558946E+02
2.834991E-05  5.722707E-06  2.562316E-05  3.672915E+02
-3.606044E-06  6.125051E-06  5.754468E-05  3.797520E+02
-3.427952E-06  -5.216423E-06  -1.316898E-05  3.942607E+02
1.356757E-03  3.844012E-04  8.865499E-04  4.015953E+02
3.832201E-05  1.615890E-05  -9.721921E-06  4.089299E+02
-1.206405E-05  -4.630975E-06  -5.521628E-05  4.179097E+02
-8.530296E-04  -8.021818E-04  -3.244957E-04  4.279887E+02
4.909081E-04  3.056572E-04  1.539727E-04  4.388351E+02
-4.947402E-06  6.059202E-06  -1.706375E-05  4.513689E+02
3.677017E-05  2.840691E-05  -3.443794E-05  4.726728E+02
-2.960965E-07  3.010969E-05  -5.051589E-04  4.930331E+02
-9.699142E-06  -7.386808E-07  -2.619292E-05  5.073752E+02
-7.267381E-04  -1.044337E-03  7.765300E-04  5.217172E+02
6.543361E-05  2.171537E-05  8.585105E-04  5.392564E+02
9.560313E-06  1.703247E-05  1.969107E-05  5.567956E+02
-6.979612E-05  4.887210E-05  -1.311227E-03  5.671115E+02
-6.601902E-06  -2.467165E-05  -3.571760E-07  5.774275E+02
2.262352E-06  -1.975522E-05  8.697356E-06  5.839369E+02
-9.444487E-04  -5.430031E-04  -2.003970E-04  5.871917E+02
9.201378E-05  -2.670175E-04  1.497292E-03  5.904464E+02
-1.209873E-06  4.931303E-04  6.414530E-04  5.973261E+02
-1.222860E-05  7.038500E-06  2.346832E-05  6.042058E+02
2.268131E-05  -8.154858E-06  6.100790E-07  6.127671E+02
2.100604E-05  9.223114E-06  -1.260825E-05  6.220521E+02
-4.653472E-05  -1.313330E-04  -1.091736E-05  6.298371E+02
-1.277718E-05  1.702257E-05  -4.464144E-05  6.337296E+02
1.004022E-05  1.488542E-05  -3.562571E-05  6.376221E+02
-3.561084E-06  -9.063244E-06  4.194685E-05  6.448036E+02
-1.157821E-04  -2.287352E-04  -7.018714E-06  6.491730E+02
1.315774E-05  -2.534744E-05  -1.065502E-04  6.535425E+02
-2.599001E-05  -2.135209E-05  -7.937224E-06  6.579270E+02
-1.990930E-05  1.616146E-05  3.770578E-06  6.622173E+02
4.619143E-07  -1.405490E-05  -7.296356E-05  6.668706E+02
-2.562635E-05  -9.576320E-06  -2.066619E-05  6.714865E+02
-1.748606E-05  1.309456E-05  1.228145E-05  6.779399E+02
-8.708405E-06  -2.635259E-06  -7.094729E-06  6.811677E+02
1.184936E-06  8.696851E-05  -1.124038E-05  6.843954E+02
1.746602E-05  7.702708E-06  2.103545E-05  6.874090E+02
6.817255E-06  -2.075077E-05  -1.813154E-05  6.904225E+02
-1.772964E-05  -2.231104E-05  2.047756E-05  6.962251E+02
1.206670E-05  1.652700E-05  -5.662435E-05  7.020278E+02
3.939012E-05  1.622379E-05  -6.090282E-05  7.091642E+02
2.622803E-05  -3.321735E-06  -4.780102E-05  7.127051E+02
4.813605E-05  3.377613E-04  3.886715E-05  7.162460E+02
-1.513184E-04  -4.683950E-05  4.426514E-05  7.196769E+02
5.831025E-06  1.298358E-05  1.587628E-03  7.242237E+02
1.327160E-05  2.124264E-05  -1.522915E-05  7.264971E+02
-1.287556E-03  -3.035365E-04  -2.813741E-04  7.287705E+02
9.307754E-06  8.480713E-06  -1.393041E-05  7.307701E+02
-7.635158E-05  -3.566796E-05  -7.902192E-05  7.328395E+02
7.551996E-06  -8.771387E-06  1.171635E-05  7.398722E+02
2.783536E-05  -6.701945E-05  -6.127035E-05  7.430104E+02
2.264765E-05  -1.504256E-05  2.616881E-05  7.461485E+02
-1.369997E-03  -4.946471E-05  -1.963976E-03  7.492968E+02
1.506079E-05  2.065842E-05  -4.241357E-05  7.524450E+02
-1.585591E-05  1.498717E-06  -5.587796E-05  7.565469E+02
4.237878E-05  1.417974E-04  -8.641381E-05  7.597962E+02
4.611014E-06  1.476692E-05  2.680038E-05  7.630455E+02
2.468041E-05  1.661766E-05  -9.820031E-06  7.662402E+02
3.744006E-04  7.630331E-05  5.507095E-05  7.694348E+02
-3.217067E-05  1.959622E-05  1.457123E-05  7.723833E+02
-1.890321E-04  -6.549723E-05  -8.878296E-06  7.754560E+02
-5.104221E-07  -8.968391E-06  5.392290E-06  7.795309E+02
-8.048635E-04  -4.605075E-04  1.024753E-03  7.816038E+02
-8.074338E-06  -4.726360E-06  -3.820730E-05  7.836766E+02
3.333584E-07  -2.010210E-06  -1.082339E-04  7.877167E+02
-3.553766E-04  -1.006618E-04  -1.036156E-05  7.925991E+02
-6.094702E-05  -1.908546E-04  1.815714E-05  7.948050E+02
2.707197E-05  1.457893E-05  -4.892655E-06  7.970109E+02
-3.128933E-05  -1.656518E-04  -4.347264E-05  8.021414E+02
4.614026E-05  2.006729E-05  1.750169E-05  8.081014E+02
-2.648550E-05  -2.469287E-05  1.403441E-05  8.132645E+02
2.506707E-04  5.596588E-05  2.754120E-06  8.158250E+02
-5.804837E-05  -1.537288E-04  -6.732741E-05  8.183856E+02
-2.929497E-05  1.408244E-05  -1.142057E-04  8.225085E+02
-1.420554E-03  8.377692E-04  -1.841418E-03  8.265587E+02
7.093596E-06  -2.443157E-05  2.143255E-05  8.306089E+02
3.310259E-06  1.828144E-05  -3.926525E-05  8.333217E+02
1.237314E-05  -1.421860E-05  -2.483752E-05  8.360344E+02
-4.888809E-06  -3.709244E-05  -6.423053E-04  8.384951E+02
1.572895E-05  4.983840E-05  -4.915306E-05  8.409557E+02
1.612607E-06  -1.455135E-05  -5.475097E-05  8.434220E+02
-8.076214E-05  -3.999200E-05  3.176107E-05  8.461043E+02
-4.383212E-04  -6.197162E-05  2.522200E-04  8.488103E+02
-1.410351E-06  1.218174E-06  9.101948E-05  8.525274E+02
-1.296337E-04  -2.480205E-04  -3.090810E-05  8.556280E+02
2.072036E-05  -1.562845E-05  3.436183E-05  8.587432E+02
-4.409324E-05  1.940014E-06  3.457240E-05  8.625902E+02
-1.133543E-05  -2.081490E-05  5.330688E-05  8.660642E+02
-1.162804E-03  8.284585E-07  -1.636355E-03  8.695382E+02
2.925638E-05  -3.555759E-05  4.384613E-05  8.712123E+02
-7.732910E-04  -2.819885E-04  -1.847659E-04  8.728863E+02
9.168068E-06  1.664365E-05  4.762393E-06  8.749479E+02
3.254278E-05  5.467721E-06  -5.028842E-05  8.801796E+02
-2.960218E-05  7.073265E-08  9.391134E-04  8.840868E+02
-9.115933E-06  -1.197197E-05  2.957380E-05  8.879940E+02
-8.428067E-06  3.825315E-06  -3.477081E-05  8.945406E+02
2.218378E-05  -1.764617E-05  8.063496E-05  8.977710E+02
3.114133E-04  1.408161E-03  -1.749104E-03  9.010014E+02
1.604197E-04  2.748977E-05  -4.290999E-05  9.031625E+02
2.352732E-05  1.947112E-06  -2.456531E-05  9.053237E+02
2.563648E-06  -1.043689E-04  -1.397102E-05  9.078306E+02
-6.202595E-05  -4.115659E-04  -7.497644E-05  9.103316E+02
-6.402377E-04  -1.264793E-03  1.843243E-03  9.120614E+02
-1.662374E-05  4.753232E-05  -9.175201E-06  9.137912E+02
-5.937120E-05  -4.365629E-04  2.510652E-05  9.171208E+02
1.407633E-04  -5.316491E-05  -4.559093E-05  9.216732E+02
-6.124543E-06  1.874823E-05  1.137437E-05  9.261572E+02
-2.785909E-05  -6.657234E-06  -3.407472E-05  9.302794E+02
-4.452090E-05  -2.916712E-07  -8.771971E-05  9.344646E+02
-3.580514E-05  -4.077313E-05  -4.419529E-06  9.382627E+02
3.314667E-05  4.291202E-05  -5.276784E-05  9.420609E+02
-1.548093E-03  -5.609157E-05  1.225614E-03  9.451382E+02
-1.598224E-05  4.411833E-05  -9.747551E-05  9.466768E+02
1.234533E-05  2.202534E-05  -1.643031E-05  9.482154E+02
-1.563914E-05  -3.901008E-05  2.669229E-05  9.510152E+02
-3.976600E-04  -1.588276E-05  -1.078014E-05  9.536391E+02
-1.515810E-04  4.694009E-04  -1.030149E-05  9.562522E+02
5.438899E-09  3.188847E-05  6.197009E-05  9.587785E+02
3.626661E-04  2.949452E-04  -4.496257E-05  9.600416E+02
-4.987173E-05  1.133568E-05  -2.012343E-05  9.613048E+02
5.162632E-05  2.250707E-05  7.662040E-05  9.640115E+02
-4.247961E-05  -2.648310E-05  -2.531208E-05  9.667182E+02
-5.241771E-06  -9.161770E-06  2.291986E-06  9.694417E+02
-4.939380E-05  7.801832E-06  7.234780E-04  9.730043E+02
1.716351E-05  3.263056E-05  -3.015398E-06  9.765669E+02
-3.311097E-05  1.575643E-05  -1.763930E-05  9.798783E+02
-2.529227E-04  -5.539342E-05  1.088971E-04  9.821690E+02
1.137620E-05  6.408926E-06  -1.034638E-03  9.844597E+02
-3.112321E-04  -6.792103E-05  2.247067E-05  9.870180E+02
-1.148996E-05  -5.679193E-06  -3.427627E-05  9.895763E+02
8.956959E-06  1.416748E-04  1.156708E-05  9.908207E+02
-4.132456E-06  -4.339603E-05  9.466796E-06  9.920651E+02
-2.494882E-05  1.445365E-04  -3.172246E-05  9.950589E+02
-1.465904E-03  2.234134E-04  8.639467E-04  9.984409E+02
3.997493E-05  2.220031E-04  -3.404078E-04  1.000000E+03
