# HSM/GeV  HNSM/GeV  HS/GeV  T/GeV
2.460732E+02  -7.230901E-07  -5.703675E+02  0.000000E+00
2.460730E+02  -7.411680E-07  -5.703668E+02  1.000000E+00
2.460588E+02  3.768935E-06  -5.703226E+02  1.100000E+01
2.460383E+02  1.650965E-02  -5.702014E+02  1.600000E+01
2.459966E+02  2.876168E-02  -5.700780E+02  2.100000E+01
2.459679E+02  3.498994E-02  -5.700155E+02  2.310290E+01
2.459292E+02  4.188328E-02  -5.699463E+02  2.520580E+01
2.458442E+02  5.368054E-02  -5.698268E+02  2.845592E+01
2.457352E+02  6.569853E-02  -5.697050E+02  3.136544E+01
2.456049E+02  7.756466E-02  -5.695849E+02  3.396001E+01
2.454534E+02  8.949517E-02  -5.694628E+02  3.635836E+01
2.452800E+02  1.014198E-01  -5.693401E+02  3.857182E+01
2.450869E+02  1.135529E-01  -5.692143E+02  4.065400E+01
2.448735E+02  1.258558E-01  -5.690858E+02  4.261684E+01
2.446423E+02  1.383690E-01  -5.689539E+02  4.448066E+01
2.443938E+02  1.511393E-01  -5.688195E+02  4.625297E+01
2.441274E+02  1.641389E-01  -5.686812E+02  4.795361E+01
2.438441E+02  1.774107E-01  -5.685391E+02  4.958543E+01
2.435443E+02  1.910217E-01  -5.683922E+02  5.116035E+01
2.432310E+02  2.049828E-01  -5.682415E+02  5.267424E+01
2.429024E+02  2.193340E-01  -5.680857E+02  5.414405E+01
2.425599E+02  2.339454E-01  -5.679261E+02  5.556491E+01
2.422021E+02  2.490676E-01  -5.677611E+02  5.695165E+01
2.418307E+02  2.644494E-01  -5.675921E+02  5.829734E+01
2.414477E+02  2.801905E-01  -5.674171E+02  5.960855E+01
2.410513E+02  2.962869E-01  -5.672383E+02  6.088572E+01
2.406393E+02  3.130285E-01  -5.670525E+02  6.214415E+01
2.402187E+02  3.298885E-01  -5.668633E+02  6.336404E+01
2.397882E+02  3.471920E-01  -5.666696E+02  6.455207E+01
2.393457E+02  3.647769E-01  -5.664704E+02  6.571826E+01
2.388904E+02  3.829336E-01  -5.662660E+02  6.686384E+01
2.384229E+02  4.014631E-01  -5.660549E+02  6.799103E+01
2.379544E+02  4.199668E-01  -5.658441E+02  6.907423E+01
2.374702E+02  4.390593E-01  -5.656247E+02  7.015163E+01
2.369792E+02  4.583199E-01  -5.654026E+02  7.120134E+01
2.364713E+02  4.783228E-01  -5.651724E+02  7.224874E+01
2.359579E+02  4.985007E-01  -5.649379E+02  7.326934E+01
2.354412E+02  5.188122E-01  -5.647024E+02  7.426232E+01
2.348993E+02  5.401447E-01  -5.644536E+02  7.526938E+01
2.343654E+02  5.610056E-01  -5.642083E+02  7.622853E+01
2.338194E+02  5.824179E-01  -5.639565E+02  7.717916E+01
2.332572E+02  6.044435E-01  -5.636956E+02  7.812968E+01
2.326925E+02  6.264474E-01  -5.634334E+02  7.905490E+01
2.321172E+02  6.490496E-01  -5.631646E+02  7.997067E+01
2.315413E+02  6.714724E-01  -5.628952E+02  8.086247E+01
2.309463E+02  6.947841E-01  -5.626155E+02  8.175840E+01
2.303448E+02  7.182268E-01  -5.623311E+02  8.264008E+01
2.297481E+02  7.416301E-01  -5.620475E+02  8.349133E+01
2.291439E+02  7.652332E-01  -5.617603E+02  8.433159E+01
2.285259E+02  7.893214E-01  -5.614648E+02  8.517066E+01
2.279024E+02  8.135663E-01  -5.611653E+02  8.599548E+01
2.272774E+02  8.378461E-01  -5.608645E+02  8.680321E+01
2.266312E+02  8.630546E-01  -5.605517E+02  8.761910E+01
2.259819E+02  8.882974E-01  -5.602361E+02  8.841935E+01
2.253327E+02  9.134894E-01  -5.599198E+02  8.920091E+01
2.246595E+02  9.395962E-01  -5.595900E+02  8.999424E+01
2.239907E+02  9.655058E-01  -5.592616E+02  9.076446E+01
2.233204E+02  9.913384E-01  -5.589307E+02  9.151944E+01
2.226360E+02  1.017783E+00  -5.585918E+02  9.227472E+01
2.219416E+02  1.044644E+00  -5.582462E+02  9.302479E+01
2.212569E+02  1.070963E+00  -5.579038E+02  9.374910E+01
2.205680E+02  1.097463E+00  -5.575589E+02  9.446272E+01
2.198593E+02  1.124684E+00  -5.572019E+02  9.518237E+01
2.191510E+02  1.151737E+00  -5.568445E+02  9.588761E+01
2.184418E+02  1.178882E+00  -5.564842E+02  9.658025E+01
2.177259E+02  1.206178E+00  -5.561199E+02  9.726614E+01
2.170182E+02  1.233104E+00  -5.557588E+02  9.793213E+01
2.162835E+02  1.260915E+00  -5.553823E+02  9.861001E+01
2.155541E+02  1.288550E+00  -5.550061E+02  9.927038E+01
2.148149E+02  1.316475E+00  -5.546250E+02  9.992790E+01
2.140547E+02  1.345074E+00  -5.542303E+02  1.005917E+02
2.132989E+02  1.373423E+00  -5.538375E+02  1.012395E+02
2.125444E+02  1.401708E+00  -5.534430E+02  1.018752E+02
2.117760E+02  1.430359E+00  -5.530410E+02  1.025105E+02
2.109899E+02  1.459614E+00  -5.526273E+02  1.031500E+02
2.102262E+02  1.487891E+00  -5.522240E+02  1.037600E+02
2.094549E+02  1.516351E+00  -5.518164E+02  1.043654E+02
2.086665E+02  1.545283E+00  -5.513979E+02  1.049740E+02
2.078807E+02  1.574006E+00  -5.509786E+02  1.055707E+02
2.070874E+02  1.602869E+00  -5.505554E+02  1.061630E+02
2.062842E+02  1.632230E+00  -5.501232E+02  1.067525E+02
2.054906E+02  1.660865E+00  -5.496963E+02  1.073258E+02
2.046738E+02  1.690239E+00  -5.492554E+02  1.079058E+02
2.038797E+02  1.718739E+00  -5.488252E+02  1.084610E+02
2.030753E+02  1.747495E+00  -5.483878E+02  1.090143E+02
2.022469E+02  1.776847E+00  -5.479369E+02  1.095752E+02
2.014175E+02  1.806137E+00  -5.474837E+02  1.101278E+02
2.006107E+02  1.834529E+00  -5.470408E+02  1.106571E+02
1.997569E+02  1.864255E+00  -5.465717E+02  1.112078E+02
1.989060E+02  1.893827E+00  -5.461020E+02  1.117487E+02
1.980573E+02  1.923192E+00  -5.456324E+02  1.122791E+02
1.972095E+02  1.952265E+00  -5.451624E+02  1.128013E+02
1.963622E+02  1.981091E+00  -5.446913E+02  1.133144E+02
1.954937E+02  2.010621E+00  -5.442065E+02  1.138328E+02
1.946414E+02  2.039265E+00  -5.437297E+02  1.143340E+02
1.937754E+02  2.068186E+00  -5.432444E+02  1.148349E+02
1.928909E+02  2.097513E+00  -5.427470E+02  1.153389E+02
1.919926E+02  2.127163E+00  -5.422405E+02  1.158428E+02
1.911277E+02  2.155550E+00  -5.417506E+02  1.163211E+02
1.902697E+02  2.183296E+00  -5.412654E+02  1.167882E+02
1.893709E+02  2.212206E+00  -5.407547E+02  1.172703E+02
1.884774E+02  2.240769E+00  -5.402460E+02  1.177421E+02
1.876148E+02  2.268187E+00  -5.397527E+02  1.181909E+02
1.867144E+02  2.296555E+00  -5.392376E+02  1.186531E+02
1.858315E+02  2.323933E+00  -5.387315E+02  1.190992E+02
1.849010E+02  2.352746E+00  -5.381963E+02  1.195622E+02
1.839695E+02  2.381202E+00  -5.376602E+02  1.200189E+02
1.830486E+02  2.409092E+00  -5.371283E+02  1.204633E+02
1.821432E+02  2.436225E+00  -5.366049E+02  1.208940E+02
1.812021E+02  2.464184E+00  -5.360586E+02  1.213353E+02
1.802180E+02  2.493040E+00  -5.354873E+02  1.217893E+02
1.793040E+02  2.519571E+00  -5.349555E+02  1.222045E+02
1.783726E+02  2.546318E+00  -5.344120E+02  1.226217E+02
1.774026E+02  2.573903E+00  -5.338448E+02  1.230495E+02
1.764802E+02  2.599729E+00  -5.333048E+02  1.234501E+02
1.755296E+02  2.626098E+00  -5.327475E+02  1.238573E+02
1.745899E+02  2.651851E+00  -5.321955E+02  1.242536E+02
1.736266E+02  2.677913E+00  -5.316282E+02  1.246537E+02
1.726858E+02  2.702971E+00  -5.310742E+02  1.250387E+02
1.716673E+02  2.729756E+00  -5.304730E+02  1.254492E+02
1.706642E+02  2.755783E+00  -5.298803E+02  1.258476E+02
1.696689E+02  2.781262E+00  -5.292904E+02  1.262363E+02
1.687262E+02  2.804945E+00  -5.287322E+02  1.265993E+02
1.677318E+02  2.829559E+00  -5.281418E+02  1.269762E+02
1.666933E+02  2.854976E+00  -5.275246E+02  1.273636E+02
1.656851E+02  2.879101E+00  -5.269243E+02  1.277341E+02
1.646818E+02  2.902799E+00  -5.263263E+02  1.280973E+02
1.636313E+02  2.927081E+00  -5.257002E+02  1.284710E+02
1.625746E+02  2.951016E+00  -5.250697E+02  1.288414E+02
1.615491E+02  2.973871E+00  -5.244568E+02  1.291948E+02
1.605843E+02  2.994962E+00  -5.238796E+02  1.295225E+02
1.595729E+02  3.016578E+00  -5.232750E+02  1.298606E+02
1.585983E+02  3.037019E+00  -5.226914E+02  1.301816E+02
1.575913E+02  3.057741E+00  -5.220874E+02  1.305083E+02
1.564865E+02  3.079892E+00  -5.214256E+02  1.308606E+02
1.554335E+02  3.100578E+00  -5.207933E+02  1.311915E+02
1.544500E+02  3.119411E+00  -5.202036E+02  1.314951E+02
1.533660E+02  3.139633E+00  -5.195536E+02  1.318247E+02
1.524087E+02  3.157049E+00  -5.189786E+02  1.321115E+02
1.512959E+02  3.176765E+00  -5.183112E+02  1.324393E+02
1.501829E+02  3.195938E+00  -5.176424E+02  1.327616E+02
1.491800E+02  3.212714E+00  -5.170399E+02  1.330472E+02
1.480791E+02  3.230553E+00  -5.163790E+02  1.333558E+02
1.470658E+02  3.246424E+00  -5.157711E+02  1.336351E+02
1.459785E+02  3.262912E+00  -5.151194E+02  1.339299E+02
1.449319E+02  3.278266E+00  -5.144914E+02  1.342090E+02
1.438664E+02  3.293361E+00  -5.138527E+02  1.344887E+02
1.427293E+02  3.308877E+00  -5.131710E+02  1.347818E+02
1.416957E+02  3.322325E+00  -5.125526E+02  1.350438E+02
1.405608E+02  3.336586E+00  -5.118737E+02  1.353266E+02
1.393354E+02  3.351230E+00  -5.111416E+02  1.356263E+02
1.382248E+02  3.363823E+00  -5.104786E+02  1.358929E+02
1.371296E+02  3.375570E+00  -5.098263E+02  1.361511E+02
1.359198E+02  3.387867E+00  -5.091054E+02  1.364313E+02
1.348248E+02  3.398309E+00  -5.084550E+02  1.366802E+02
1.337297E+02  3.408118E+00  -5.078049E+02  1.369247E+02
1.326218E+02  3.417438E+00  -5.071484E+02  1.371677E+02
1.313734E+02  3.427125E+00  -5.064102E+02  1.374362E+02
1.302694E+02  3.435084E+00  -5.057579E+02  1.376693E+02
1.291337E+02  3.442459E+00  -5.050890E+02  1.379046E+02
1.277538E+02  3.450575E+00  -5.042783E+02  1.381847E+02
1.265484E+02  3.456829E+00  -5.035711E+02  1.384241E+02
1.259203E+02  3.459717E+00  -5.032035E+02  1.385469E+02
1.252856E+02  3.462441E+00  -5.028332E+02  1.386697E+02
1.240485E+02  3.467172E+00  -5.021119E+02  1.389055E+02
1.229757E+02  3.470592E+00  -5.014877E+02  1.391060E+02
1.218124E+02  3.473500E+00  -5.008139E+02  1.393190E+02
1.204585E+02  3.475958E+00  -5.000316E+02  1.395620E+02
1.191396E+02  3.477383E+00  -4.992728E+02  1.397931E+02
1.184170E+02  3.477789E+00  -4.988579E+02  1.399176E+02
1.176841E+02  3.477848E+00  -4.984383E+02  1.400421E+02
1.163677E+02  3.477214E+00  -4.976875E+02  1.402621E+02
1.152380E+02  3.475777E+00  -4.970451E+02  1.404468E+02
1.140140E+02  3.473607E+00  -4.963524E+02  1.406425E+02
1.133611E+02  3.472074E+00  -4.959839E+02  1.407454E+02
1.126999E+02  3.470249E+00  -4.956116E+02  1.408483E+02
1.115434E+02  3.466410E+00  -4.949629E+02  1.410252E+02
1.102567E+02  3.461277E+00  -4.942446E+02  1.412177E+02
1.088803E+02  3.454750E+00  -4.934802E+02  1.414187E+02
1.075657E+02  3.447443E+00  -4.927550E+02  1.416060E+02
1.062622E+02  3.439277E+00  -4.920391E+02  1.417871E+02
1.049643E+02  3.430166E+00  -4.913306E+02  1.419632E+02
1.036832E+02  3.420130E+00  -4.906361E+02  1.421328E+02
1.021681E+02  3.407106E+00  -4.898200E+02  1.423280E+02
1.013985E+02  3.399950E+00  -4.894081E+02  1.424250E+02
1.006176E+02  3.392337E+00  -4.889912E+02  1.425220E+02
9.957288E+01  3.381664E+00  -4.884369E+02  1.426494E+02
9.838241E+01  3.368688E+00  -4.878095E+02  1.427913E+02
9.704825E+01  3.353192E+00  -4.871105E+02  1.429464E+02
9.564663E+01  3.335725E+00  -4.863830E+02  1.431050E+02
9.491009E+01  3.326170E+00  -4.860025E+02  1.431865E+02
9.416205E+01  3.316083E+00  -4.856190E+02  1.432680E+02
9.313906E+01  3.301733E+00  -4.850968E+02  1.433776E+02
9.198408E+01  3.284834E+00  -4.845116E+02  1.434984E+02
9.089127E+01  3.268196E+00  -4.839613E+02  1.436100E+02
9.021400E+01  3.257511E+00  -4.836228E+02  1.436779E+02
8.952651E+01  3.246363E+00  -4.832810E+02  1.437458E+02
8.871245E+01  3.232882E+00  -4.828783E+02  1.438250E+02
8.788303E+01  3.218696E+00  -4.824703E+02  1.439042E+02
8.684501E+01  3.200417E+00  -4.819634E+02  1.440013E+02
8.578170E+01  3.181057E+00  -4.814490E+02  1.440985E+02
8.453849E+01  3.157611E+00  -4.808524E+02  1.442093E+02
8.316390E+01  3.130675E+00  -4.801998E+02  1.443282E+02
8.218159E+01  3.110754E+00  -4.797382E+02  1.444108E+02
8.168278E+01  3.100412E+00  -4.795056E+02  1.444521E+02
8.117712E+01  3.089842E+00  -4.792707E+02  1.444934E+02
8.015282E+01  3.067903E+00  -4.787979E+02  1.445757E+02
7.881381E+01  3.038376E+00  -4.781865E+02  1.446803E+02
7.815481E+01  3.023485E+00  -4.778887E+02  1.447306E+02
7.748421E+01  3.008078E+00  -4.775871E+02  1.447809E+02
7.677094E+01  2.991454E+00  -4.772687E+02  1.448335E+02
7.604441E+01  2.974193E+00  -4.769469E+02  1.448861E+02
7.492528E+01  2.947079E+00  -4.764554E+02  1.449654E+02
7.390640E+01  2.921770E+00  -4.760138E+02  1.450357E+02
7.320891E+01  2.904113E+00  -4.757138E+02  1.450827E+02
7.249911E+01  2.885907E+00  -4.754108E+02  1.451298E+02
7.162929E+01  2.863234E+00  -4.750431E+02  1.451862E+02
7.073981E+01  2.839641E+00  -4.746705E+02  1.452426E+02
6.993911E+01  2.818022E+00  -4.743384E+02  1.452922E+02
6.879878E+01  2.786665E+00  -4.738712E+02  1.453611E+02
6.749719E+01  2.750055E+00  -4.733458E+02  1.454371E+02
6.664927E+01  2.725735E+00  -4.730079E+02  1.454852E+02
6.577929E+01  2.700402E+00  -4.726655E+02  1.455333E+02
6.533677E+01  2.687391E+00  -4.724923E+02  1.455574E+02
6.488862E+01  2.674087E+00  -4.723186E+02  1.455814E+02
6.266432E+01  2.606619E+00  -4.714709E+02  1.456961E+02
6.182947E+01  2.580657E+00  -4.711594E+02  1.457372E+02
6.140309E+01  2.567268E+00  -4.710020E+02  1.457578E+02
6.097123E+01  2.553605E+00  -4.708436E+02  1.457784E+02
5.980425E+01  2.516292E+00  -4.704200E+02  1.458327E+02
5.910246E+01  2.493531E+00  -4.701690E+02  1.458644E+02
5.838469E+01  2.470003E+00  -4.699153E+02  1.458961E+02
5.746138E+01  2.439408E+00  -4.695931E+02  1.459357E+02
5.650894E+01  2.407429E+00  -4.692659E+02  1.459754E+02
5.603350E+01  2.391301E+00  -4.691044E+02  1.459948E+02
5.554981E+01  2.374812E+00  -4.689412E+02  1.460141E+02
5.443780E+01  2.336467E+00  -4.685719E+02  1.460574E+02
5.372048E+01  2.311457E+00  -4.683376E+02  1.460844E+02
5.298520E+01  2.285548E+00  -4.681004E+02  1.461114E+02
5.257860E+01  2.271137E+00  -4.679708E+02  1.461260E+02
5.216686E+01  2.256476E+00  -4.678403E+02  1.461406E+02
5.160390E+01  2.236290E+00  -4.676636E+02  1.461602E+02
5.102866E+01  2.215537E+00  -4.674850E+02  1.461798E+02
4.866712E+01  2.128881E+00  -4.667734E+02  1.462557E+02
4.844955E+01  2.120781E+00  -4.667098E+02  1.462623E+02
4.823005E+01  2.112597E+00  -4.666457E+02  1.462690E+02
4.793210E+01  2.101452E+00  -4.665594E+02  1.462779E+02
4.763100E+01  2.090126E+00  -4.664725E+02  1.462867E+02
4.733492E+01  2.078998E+00  -4.663876E+02  1.462954E+02
4.703529E+01  2.067672E+00  -4.663024E+02  1.463040E+02
4.576018E+01  2.019111E+00  -4.659455E+02  1.463395E+02
4.441030E+01  1.967038E+00  -4.655789E+02  1.463750E+02
4.397084E+01  1.949924E+00  -4.654618E+02  1.463861E+02
4.352389E+01  1.932455E+00  -4.653444E+02  1.463971E+02
4.305854E+01  1.914205E+00  -4.652234E+02  1.464084E+02
4.262477E+01  1.897100E+00  -4.651118E+02  1.464187E+02
4.178350E+01  1.863764E+00  -4.648986E+02  1.464380E+02
4.100836E+01  1.832818E+00  -4.647061E+02  1.464552E+02
4.064587E+01  1.818261E+00  -4.646175E+02  1.464630E+02
4.027675E+01  1.803416E+00  -4.645280E+02  1.464708E+02
3.973489E+01  1.781524E+00  -4.643986E+02  1.464819E+02
3.949446E+01  1.771773E+00  -4.643418E+02  1.464867E+02
3.925034E+01  1.761857E+00  -4.642846E+02  1.464916E+02
3.893945E+01  1.749189E+00  -4.642125E+02  1.464975E+02
3.864198E+01  1.737054E+00  -4.641438E+02  1.465032E+02
3.823803E+01  1.720511E+00  -4.640519E+02  1.465107E+02
3.797159E+01  1.709581E+00  -4.639918E+02  1.465155E+02
3.783738E+01  1.704063E+00  -4.639617E+02  1.465179E+02
3.770061E+01  1.698425E+00  -4.639312E+02  1.465203E+02
3.757485E+01  1.693243E+00  -4.639032E+02  1.465225E+02
3.744759E+01  1.687997E+00  -4.638751E+02  1.465247E+02
3.710225E+01  1.673727E+00  -4.637992E+02  1.465306E+02
3.676734E+01  1.659844E+00  -4.637265E+02  1.465362E+02
3.643350E+01  1.645985E+00  -4.636546E+02  1.465417E+02
