# HSM/GeV  HNSM/GeV  HS/GeV  T/GeV
1.045675E+02  3.805511E+01  -3.635625E+01  0.000000E+00
1.045676E+02  3.805501E+01  -3.635469E+01  1.000000E+00
1.045680E+02  3.805433E+01  -3.634551E+01  2.587164E+00
1.045682E+02  3.805363E+01  -3.633687E+01  3.380746E+00
1.045683E+02  3.805251E+01  -3.632386E+01  4.174328E+00
1.045681E+02  3.805095E+01  -3.630726E+01  4.884113E+00
1.045679E+02  3.805013E+01  -3.629873E+01  5.182937E+00
1.045677E+02  3.804918E+01  -3.628911E+01  5.481762E+00
1.045673E+02  3.804821E+01  -3.627976E+01  5.742199E+00
1.045669E+02  3.804720E+01  -3.626990E+01  6.002636E+00
1.045665E+02  3.804613E+01  -3.625964E+01  6.243405E+00
1.045659E+02  3.804495E+01  -3.624859E+01  6.484175E+00
1.045648E+02  3.804265E+01  -3.622739E+01  6.906020E+00
1.045635E+02  3.804041E+01  -3.620731E+01  7.269494E+00
1.045618E+02  3.803761E+01  -3.618279E+01  7.664599E+00
1.045600E+02  3.803486E+01  -3.615913E+01  8.010664E+00
1.045581E+02  3.803204E+01  -3.613550E+01  8.331394E+00
1.045561E+02  3.802943E+01  -3.611403E+01  8.605744E+00
1.045549E+02  3.802771E+01  -3.609986E+01  8.776519E+00
1.045535E+02  3.802590E+01  -3.608519E+01  8.947294E+00
1.045510E+02  3.802283E+01  -3.606087E+01  9.215998E+00
1.045486E+02  3.801998E+01  -3.603834E+01  9.455176E+00
1.045454E+02  3.801624E+01  -3.600940E+01  9.742106E+00
1.045425E+02  3.801292E+01  -3.598407E+01  9.982685E+00
1.045395E+02  3.800962E+01  -3.595911E+01  1.020687E+01
1.045366E+02  3.800657E+01  -3.593639E+01  1.040423E+01
1.045332E+02  3.800299E+01  -3.590998E+01  1.062656E+01
1.045302E+02  3.799980E+01  -3.588662E+01  1.081309E+01
1.045272E+02  3.799681E+01  -3.586502E+01  1.097938E+01
1.045233E+02  3.799292E+01  -3.583720E+01  1.118889E+01
1.045193E+02  3.798904E+01  -3.580965E+01  1.138849E+01
1.045154E+02  3.798531E+01  -3.578361E+01  1.156912E+01
1.045117E+02  3.798180E+01  -3.575908E+01  1.173429E+01
1.045082E+02  3.797843E+01  -3.573572E+01  1.188826E+01
1.045034E+02  3.797401E+01  -3.570546E+01  1.208041E+01
1.044990E+02  3.796995E+01  -3.567783E+01  1.225302E+01
1.044944E+02  3.796584E+01  -3.565010E+01  1.241873E+01
1.044886E+02  3.796067E+01  -3.561551E+01  1.262048E+01
1.044830E+02  3.795567E+01  -3.558219E+01  1.280661E+01
1.044775E+02  3.795090E+01  -3.555096E+01  1.297849E+01
1.044725E+02  3.794660E+01  -3.552282E+01  1.312845E+01
1.044678E+02  3.794254E+01  -3.549629E+01  1.326589E+01
1.044645E+02  3.793975E+01  -3.547843E+01  1.335679E+01
1.044612E+02  3.793699E+01  -3.546053E+01  1.344768E+01
1.044545E+02  3.793130E+01  -3.542395E+01  1.362714E+01
1.044482E+02  3.792606E+01  -3.539069E+01  1.378671E+01
1.044450E+02  3.792346E+01  -3.537421E+01  1.386454E+01
1.044419E+02  3.792084E+01  -3.535755E+01  1.394237E+01
1.044363E+02  3.791630E+01  -3.532907E+01  1.407204E+01
1.044311E+02  3.791204E+01  -3.530223E+01  1.419293E+01
1.044248E+02  3.790694E+01  -3.527060E+01  1.433286E+01
1.044187E+02  3.790197E+01  -3.523959E+01  1.446593E+01
1.044116E+02  3.789628E+01  -3.520450E+01  1.461341E+01
1.044031E+02  3.788958E+01  -3.516341E+01  1.478352E+01
1.043984E+02  3.788586E+01  -3.514062E+01  1.487478E+01
1.043937E+02  3.788213E+01  -3.511781E+01  1.496604E+01
1.043873E+02  3.787710E+01  -3.508745E+01  1.508502E+01
1.043804E+02  3.787175E+01  -3.505508E+01  1.521023E+01
1.043737E+02  3.786651E+01  -3.502350E+01  1.533025E+01
1.043670E+02  3.786137E+01  -3.499252E+01  1.544496E+01
1.043608E+02  3.785654E+01  -3.496367E+01  1.555116E+01
1.043499E+02  3.784822E+01  -3.491415E+01  1.572879E+01
1.043450E+02  3.784446E+01  -3.489177E+01  1.580764E+01
1.043400E+02  3.784063E+01  -3.486915E+01  1.588648E+01
1.043312E+02  3.783400E+01  -3.483002E+01  1.602164E+01
1.043269E+02  3.783071E+01  -3.481069E+01  1.608687E+01
1.043224E+02  3.782738E+01  -3.479117E+01  1.615210E+01
1.043158E+02  3.782235E+01  -3.476162E+01  1.625079E+01
1.043082E+02  3.781666E+01  -3.472839E+01  1.635899E+01
1.043012E+02  3.781141E+01  -3.469784E+01  1.645859E+01
1.042936E+02  3.780581E+01  -3.466536E+01  1.656157E+01
1.042867E+02  3.780065E+01  -3.463555E+01  1.665592E+01
1.042787E+02  3.779471E+01  -3.460110E+01  1.676265E+01
1.042710E+02  3.778906E+01  -3.456864E+01  1.686204E+01
1.042631E+02  3.778324E+01  -3.453511E+01  1.696284E+01
1.042555E+02  3.777767E+01  -3.450324E+01  1.705765E+01
1.042474E+02  3.777176E+01  -3.446948E+01  1.715649E+01
1.042398E+02  3.776616E+01  -3.443756E+01  1.725030E+01
1.042308E+02  3.775963E+01  -3.440040E+01  1.735674E+01
1.042225E+02  3.775363E+01  -3.436642E+01  1.745318E+01
1.042144E+02  3.774773E+01  -3.433285E+01  1.754665E+01
1.042044E+02  3.774049E+01  -3.429209E+01  1.765974E+01
1.041944E+02  3.773326E+01  -3.425125E+01  1.777094E+01
1.041852E+02  3.772669E+01  -3.421445E+01  1.786958E+01
1.041765E+02  3.772047E+01  -3.417966E+01  1.796258E+01
1.041675E+02  3.771404E+01  -3.414353E+01  1.805679E+01
1.041587E+02  3.770769E+01  -3.410810E+01  1.814875E+01
1.041502E+02  3.770171E+01  -3.407488E+01  1.823468E+01
1.041417E+02  3.769569E+01  -3.404150E+01  1.831959E+01
1.041333E+02  3.768968E+01  -3.400792E+01  1.840396E+01
1.041250E+02  3.768376E+01  -3.397510E+01  1.848507E+01
1.041155E+02  3.767706E+01  -3.393810E+01  1.857652E+01
1.041096E+02  3.767293E+01  -3.391529E+01  1.863222E+01
1.041037E+02  3.766877E+01  -3.389238E+01  1.868791E+01
1.040945E+02  3.766225E+01  -3.385647E+01  1.877411E+01
1.040885E+02  3.765808E+01  -3.383359E+01  1.882923E+01
1.040825E+02  3.765385E+01  -3.381031E+01  1.888434E+01
1.040745E+02  3.764825E+01  -3.377946E+01  1.895673E+01
1.040654E+02  3.764188E+01  -3.374452E+01  1.903794E+01
1.040562E+02  3.763543E+01  -3.370929E+01  1.911915E+01
1.040467E+02  3.762884E+01  -3.367330E+01  1.920188E+01
1.040377E+02  3.762256E+01  -3.363907E+01  1.927946E+01
1.040290E+02  3.761653E+01  -3.360625E+01  1.935350E+01
1.040192E+02  3.760968E+01  -3.356899E+01  1.943641E+01
1.040085E+02  3.760224E+01  -3.352851E+01  1.952539E+01
1.039982E+02  3.759512E+01  -3.349012E+01  1.961015E+01
1.039920E+02  3.759085E+01  -3.346685E+01  1.966025E+01
1.039857E+02  3.758653E+01  -3.344347E+01  1.971036E+01
1.039754E+02  3.757941E+01  -3.340501E+01  1.979248E+01
1.039622E+02  3.757035E+01  -3.335621E+01  1.989641E+01
1.039565E+02  3.756640E+01  -3.333476E+01  1.994094E+01
1.039507E+02  3.756244E+01  -3.331354E+01  1.998547E+01
1.039404E+02  3.755532E+01  -3.327529E+01  2.006483E+01
1.039342E+02  3.755109E+01  -3.325236E+01  2.011167E+01
1.039280E+02  3.754683E+01  -3.322958E+01  2.015851E+01
1.039213E+02  3.754225E+01  -3.320509E+01  2.020892E+01
1.039145E+02  3.753760E+01  -3.318011E+01  2.025943E+01
1.039034E+02  3.753002E+01  -3.313941E+01  2.034124E+01
1.038935E+02  3.752326E+01  -3.310333E+01  2.041313E+01
1.038839E+02  3.751670E+01  -3.306834E+01  2.048278E+01
1.038773E+02  3.751224E+01  -3.304451E+01  2.052947E+01
1.038708E+02  3.750778E+01  -3.302061E+01  2.057617E+01
1.038628E+02  3.750236E+01  -3.299178E+01  2.063256E+01
1.038548E+02  3.749689E+01  -3.296264E+01  2.068904E+01
1.038449E+02  3.749023E+01  -3.292722E+01  2.075727E+01
1.038360E+02  3.748417E+01  -3.289517E+01  2.081879E+01
1.038271E+02  3.747817E+01  -3.286318E+01  2.087952E+01
1.038162E+02  3.747080E+01  -3.282414E+01  2.095315E+01
1.038049E+02  3.746311E+01  -3.278331E+01  2.102921E+01
1.037927E+02  3.745490E+01  -3.273981E+01  2.111011E+01
1.037819E+02  3.744761E+01  -3.270141E+01  2.118122E+01
1.037711E+02  3.744035E+01  -3.266308E+01  2.125105E+01
1.037607E+02  3.743335E+01  -3.262604E+01  2.131815E+01
1.037488E+02  3.742534E+01  -3.258381E+01  2.139445E+01
1.037367E+02  3.741721E+01  -3.254104E+01  2.147075E+01
1.037211E+02  3.740677E+01  -3.248613E+01  2.156807E+01
1.037146E+02  3.740240E+01  -3.246311E+01  2.160872E+01
1.037080E+02  3.739795E+01  -3.243971E+01  2.164938E+01
1.036975E+02  3.739098E+01  -3.240313E+01  2.171340E+01
1.036884E+02  3.738488E+01  -3.237128E+01  2.176877E+01
1.036795E+02  3.737893E+01  -3.233999E+01  2.182248E+01
1.036709E+02  3.737316E+01  -3.230973E+01  2.187418E+01
1.036577E+02  3.736437E+01  -3.226376E+01  2.195264E+01
1.036462E+02  3.735675E+01  -3.222386E+01  2.202008E+01
1.036352E+02  3.734936E+01  -3.218529E+01  2.208498E+01
1.036283E+02  3.734481E+01  -3.216148E+01  2.212453E+01
1.036215E+02  3.734028E+01  -3.213801E+01  2.216409E+01
1.036098E+02  3.733255E+01  -3.209762E+01  2.223099E+01
1.035988E+02  3.732520E+01  -3.205931E+01  2.229361E+01
1.035876E+02  3.731781E+01  -3.202081E+01  2.235690E+01
1.035822E+02  3.731424E+01  -3.200227E+01  2.238723E+01
1.035768E+02  3.731064E+01  -3.198348E+01  2.241757E+01
1.035626E+02  3.730126E+01  -3.193479E+01  2.249621E+01
1.035451E+02  3.728966E+01  -3.187460E+01  2.259295E+01
1.035369E+02  3.728424E+01  -3.184646E+01  2.263790E+01
1.035285E+02  3.727874E+01  -3.181782E+01  2.268286E+01
1.035165E+02  3.727080E+01  -3.177690E+01  2.274767E+01
1.035057E+02  3.726369E+01  -3.173990E+01  2.280551E+01
1.034954E+02  3.725686E+01  -3.170455E+01  2.286065E+01
1.034847E+02  3.724984E+01  -3.166815E+01  2.291701E+01
1.034743E+02  3.724299E+01  -3.163280E+01  2.297182E+01
1.034630E+02  3.723555E+01  -3.159435E+01  2.303055E+01
1.034523E+02  3.722851E+01  -3.155796E+01  2.308602E+01
1.034408E+02  3.722096E+01  -3.151895E+01  2.314552E+01
1.034349E+02  3.721708E+01  -3.149896E+01  2.317536E+01
1.034291E+02  3.721328E+01  -3.147932E+01  2.320521E+01
1.034184E+02  3.720629E+01  -3.144330E+01  2.325938E+01
1.034085E+02  3.719979E+01  -3.140992E+01  2.330943E+01
1.033986E+02  3.719329E+01  -3.137638E+01  2.335899E+01
1.033888E+02  3.718690E+01  -3.134339E+01  2.340803E+01
1.033787E+02  3.718029E+01  -3.130947E+01  2.345816E+01
1.033717E+02  3.717569E+01  -3.128576E+01  2.349310E+01
1.033645E+02  3.717099E+01  -3.126168E+01  2.352804E+01
1.033542E+02  3.716426E+01  -3.122706E+01  2.357855E+01
1.033435E+02  3.715728E+01  -3.119126E+01  2.363063E+01
1.033329E+02  3.715036E+01  -3.115565E+01  2.368217E+01
1.033211E+02  3.714266E+01  -3.111621E+01  2.373880E+01
1.033098E+02  3.713528E+01  -3.107831E+01  2.379314E+01
1.032985E+02  3.712790E+01  -3.104045E+01  2.384715E+01
1.032883E+02  3.712133E+01  -3.100693E+01  2.389476E+01
1.032784E+02  3.711485E+01  -3.097366E+01  2.394162E+01
1.032684E+02  3.710835E+01  -3.094030E+01  2.398842E+01
1.032585E+02  3.710189E+01  -3.090724E+01  2.403460E+01
1.032437E+02  3.709227E+01  -3.085806E+01  2.410333E+01
1.032336E+02  3.708574E+01  -3.082477E+01  2.414965E+01
1.032235E+02  3.707915E+01  -3.079093E+01  2.419596E+01
1.032139E+02  3.707296E+01  -3.075937E+01  2.423980E+01
1.032042E+02  3.706668E+01  -3.072741E+01  2.428351E+01
1.031950E+02  3.706070E+01  -3.069672E+01  2.432511E+01
1.031829E+02  3.705287E+01  -3.065700E+01  2.437956E+01
1.031717E+02  3.704559E+01  -3.061965E+01  2.442953E+01
1.031614E+02  3.703895E+01  -3.058590E+01  2.447529E+01
1.031511E+02  3.703230E+01  -3.055192E+01  2.452092E+01
1.031410E+02  3.702578E+01  -3.051887E+01  2.456505E+01
1.031306E+02  3.701902E+01  -3.048431E+01  2.461103E+01
1.031194E+02  3.701176E+01  -3.044743E+01  2.465997E+01
1.031065E+02  3.700344E+01  -3.040499E+01  2.471607E+01
1.030937E+02  3.699520E+01  -3.036305E+01  2.477124E+01
1.030862E+02  3.699038E+01  -3.033876E+01  2.480338E+01
1.030787E+02  3.698554E+01  -3.031412E+01  2.483551E+01
1.030643E+02  3.697629E+01  -3.026694E+01  2.489632E+01
1.030508E+02  3.696756E+01  -3.022270E+01  2.495392E+01
1.030368E+02  3.695855E+01  -3.017686E+01  2.501277E+01
1.030236E+02  3.695006E+01  -3.013380E+01  2.506806E+01
1.030154E+02  3.694481E+01  -3.010733E+01  2.510202E+01
1.030073E+02  3.693957E+01  -3.008055E+01  2.513598E+01
1.029957E+02  3.693213E+01  -3.004273E+01  2.518383E+01
1.029842E+02  3.692478E+01  -3.000578E+01  2.523123E+01
1.029721E+02  3.691699E+01  -2.996611E+01  2.528086E+01
1.029610E+02  3.690987E+01  -2.993006E+01  2.532603E+01
1.029484E+02  3.690176E+01  -2.988909E+01  2.537717E+01
1.029360E+02  3.689380E+01  -2.984867E+01  2.542743E+01
1.029242E+02  3.688625E+01  -2.981061E+01  2.547475E+01
1.029124E+02  3.687869E+01  -2.977228E+01  2.552195E+01
1.029054E+02  3.687422E+01  -2.974974E+01  2.554991E+01
1.028983E+02  3.686969E+01  -2.972676E+01  2.557787E+01
1.028900E+02  3.686439E+01  -2.970005E+01  2.561061E+01
1.028799E+02  3.685788E+01  -2.966707E+01  2.565085E+01
1.028699E+02  3.685150E+01  -2.963499E+01  2.569040E+01
1.028596E+02  3.684488E+01  -2.960133E+01  2.573089E+01
1.028499E+02  3.683872E+01  -2.957032E+01  2.576833E+01
1.028389E+02  3.683169E+01  -2.953477E+01  2.581130E+01
1.028280E+02  3.682476E+01  -2.949989E+01  2.585325E+01
1.028174E+02  3.681797E+01  -2.946552E+01  2.589443E+01
1.028066E+02  3.681106E+01  -2.943057E+01  2.593601E+01
1.027959E+02  3.680429E+01  -2.939664E+01  2.597656E+01
1.027897E+02  3.680027E+01  -2.937625E+01  2.600069E+01
1.027833E+02  3.679621E+01  -2.935575E+01  2.602482E+01
1.027728E+02  3.678953E+01  -2.932211E+01  2.606460E+01
1.027663E+02  3.678538E+01  -2.930134E+01  2.608935E+01
1.027597E+02  3.678118E+01  -2.928015E+01  2.611410E+01
1.027490E+02  3.677436E+01  -2.924565E+01  2.615457E+01
1.027406E+02  3.676903E+01  -2.921886E+01  2.618593E+01
1.027323E+02  3.676371E+01  -2.919210E+01  2.621729E+01
1.027185E+02  3.675498E+01  -2.914817E+01  2.626844E+01
1.027042E+02  3.674588E+01  -2.910231E+01  2.632159E+01
1.026969E+02  3.674120E+01  -2.907868E+01  2.634872E+01
1.026895E+02  3.673654E+01  -2.905528E+01  2.637586E+01
1.026771E+02  3.672863E+01  -2.901558E+01  2.642145E+01
1.026652E+02  3.672106E+01  -2.897737E+01  2.646516E+01
1.026533E+02  3.671354E+01  -2.893972E+01  2.650820E+01
1.026361E+02  3.670262E+01  -2.888476E+01  2.657081E+01
1.026190E+02  3.669179E+01  -2.883024E+01  2.663227E+01
1.026032E+02  3.668176E+01  -2.877994E+01  2.668894E+01
1.025960E+02  3.667722E+01  -2.875710E+01  2.671466E+01
1.025888E+02  3.667263E+01  -2.873400E+01  2.674037E+01
1.025721E+02  3.666207E+01  -2.868097E+01  2.679960E+01
1.025550E+02  3.665127E+01  -2.862689E+01  2.685986E+01
1.025382E+02  3.664062E+01  -2.857342E+01  2.691915E+01
1.025306E+02  3.663581E+01  -2.854931E+01  2.694582E+01
1.025229E+02  3.663095E+01  -2.852498E+01  2.697248E+01
1.025176E+02  3.662755E+01  -2.850782E+01  2.699141E+01
1.025121E+02  3.662408E+01  -2.849055E+01  2.701033E+01
1.025005E+02  3.661679E+01  -2.845394E+01  2.705052E+01
1.024842E+02  3.660650E+01  -2.840224E+01  2.710678E+01
1.024686E+02  3.659665E+01  -2.835297E+01  2.716054E+01
1.024594E+02  3.659079E+01  -2.832343E+01  2.719213E+01
1.024502E+02  3.658500E+01  -2.829451E+01  2.722371E+01
1.024407E+02  3.657901E+01  -2.826451E+01  2.725586E+01
1.024294E+02  3.657189E+01  -2.822890E+01  2.729437E+01
1.024216E+02  3.656698E+01  -2.820429E+01  2.732048E+01
1.024140E+02  3.656218E+01  -2.818022E+01  2.734658E+01
1.024036E+02  3.655564E+01  -2.814746E+01  2.738131E+01
1.023940E+02  3.654960E+01  -2.811728E+01  2.741362E+01
1.023877E+02  3.654558E+01  -2.809711E+01  2.743496E+01
1.023813E+02  3.654155E+01  -2.807688E+01  2.745630E+01
1.023711E+02  3.653518E+01  -2.804520E+01  2.749025E+01
1.023603E+02  3.652838E+01  -2.801097E+01  2.752604E+01
1.023483E+02  3.652083E+01  -2.797334E+01  2.756614E+01
1.023345E+02  3.651217E+01  -2.792996E+01  2.761155E+01
1.023196E+02  3.650277E+01  -2.788307E+01  2.766088E+01
1.023041E+02  3.649306E+01  -2.783456E+01  2.771130E+01
1.022906E+02  3.648455E+01  -2.779198E+01  2.775569E+01
1.022837E+02  3.648022E+01  -2.777028E+01  2.777822E+01
1.022767E+02  3.647585E+01  -2.774843E+01  2.780075E+01
1.022677E+02  3.647016E+01  -2.772006E+01  2.783026E+01
1.022579E+02  3.646401E+01  -2.768920E+01  2.786181E+01
1.022489E+02  3.645839E+01  -2.766134E+01  2.789074E+01
1.022395E+02  3.645249E+01  -2.763178E+01  2.792099E+01
1.022231E+02  3.644219E+01  -2.758033E+01  2.797374E+01
1.022148E+02  3.643696E+01  -2.755419E+01  2.800038E+01
1.022064E+02  3.643173E+01  -2.752801E+01  2.802701E+01
1.021928E+02  3.642322E+01  -2.748562E+01  2.807017E+01
1.021792E+02  3.641467E+01  -2.744292E+01  2.811344E+01
1.021647E+02  3.640561E+01  -2.739768E+01  2.815921E+01
1.021503E+02  3.639657E+01  -2.735260E+01  2.820463E+01
1.021361E+02  3.638769E+01  -2.730817E+01  2.824915E+01
1.021221E+02  3.637895E+01  -2.726474E+01  2.829268E+01
1.021102E+02  3.637145E+01  -2.722718E+01  2.833004E+01
1.020984E+02  3.636410E+01  -2.719056E+01  2.836639E+01
1.020868E+02  3.635686E+01  -2.715447E+01  2.840231E+01
1.020751E+02  3.634953E+01  -2.711791E+01  2.843862E+01
1.020624E+02  3.634162E+01  -2.707844E+01  2.847760E+01
1.020472E+02  3.633212E+01  -2.703114E+01  2.852428E+01
1.020396E+02  3.632736E+01  -2.700735E+01  2.854751E+01
1.020320E+02  3.632264E+01  -2.698396E+01  2.857075E+01
1.020197E+02  3.631492E+01  -2.694541E+01  2.860830E+01
1.020134E+02  3.631097E+01  -2.692570E+01  2.862744E+01
1.020070E+02  3.630700E+01  -2.690594E+01  2.864659E+01
1.019958E+02  3.630002E+01  -2.687115E+01  2.868069E+01
1.019832E+02  3.629218E+01  -2.683204E+01  2.871874E+01
1.019709E+02  3.628450E+01  -2.679387E+01  2.875571E+01
1.019559E+02  3.627518E+01  -2.674743E+01  2.880050E+01
1.019429E+02  3.626707E+01  -2.670711E+01  2.883928E+01
1.019318E+02  3.626016E+01  -2.667261E+01  2.887260E+01
1.019204E+02  3.625305E+01  -2.663734E+01  2.890640E+01
1.019138E+02  3.624889E+01  -2.661645E+01  2.892618E+01
1.019071E+02  3.624475E+01  -2.659579E+01  2.894596E+01
1.018977E+02  3.623891E+01  -2.656692E+01  2.897380E+01
1.018889E+02  3.623344E+01  -2.653962E+01  2.899951E+01
1.018802E+02  3.622804E+01  -2.651269E+01  2.902523E+01
1.018700E+02  3.622168E+01  -2.648114E+01  2.905514E+01
1.018601E+02  3.621553E+01  -2.645045E+01  2.908431E+01
1.018498E+02  3.620916E+01  -2.641889E+01  2.911425E+01
1.018363E+02  3.620068E+01  -2.637649E+01  2.915398E+01
1.018246E+02  3.619346E+01  -2.634064E+01  2.918773E+01
1.018128E+02  3.618612E+01  -2.630411E+01  2.922207E+01
1.018066E+02  3.618224E+01  -2.628475E+01  2.924015E+01
1.018003E+02  3.617834E+01  -2.626543E+01  2.925823E+01
1.017867E+02  3.616989E+01  -2.622348E+01  2.929760E+01
1.017759E+02  3.616320E+01  -2.619010E+01  2.932859E+01
1.017651E+02  3.615651E+01  -2.615682E+01  2.935959E+01
1.017559E+02  3.615074E+01  -2.612806E+01  2.938607E+01
1.017445E+02  3.614369E+01  -2.609313E+01  2.941870E+01
1.017324E+02  3.613619E+01  -2.605590E+01  2.945300E+01
1.017184E+02  3.612750E+01  -2.601266E+01  2.949298E+01
1.017040E+02  3.611857E+01  -2.596829E+01  2.953363E+01
1.016966E+02  3.611402E+01  -2.594551E+01  2.955438E+01
1.016893E+02  3.610948E+01  -2.592301E+01  2.957512E+01
1.016801E+02  3.610381E+01  -2.589481E+01  2.960090E+01
1.016712E+02  3.609826E+01  -2.586719E+01  2.962606E+01
1.016620E+02  3.609255E+01  -2.583892E+01  2.965205E+01
1.016507E+02  3.608560E+01  -2.580439E+01  2.968346E+01
1.016387E+02  3.607811E+01  -2.576709E+01  2.971744E+01
1.016264E+02  3.607051E+01  -2.572927E+01  2.975161E+01
1.016145E+02  3.606320E+01  -2.569305E+01  2.978449E+01
1.016035E+02  3.605634E+01  -2.565897E+01  2.981510E+01
1.015928E+02  3.604976E+01  -2.562634E+01  2.984460E+01
1.015818E+02  3.604292E+01  -2.559236E+01  2.987511E+01
1.015710E+02  3.603624E+01  -2.555915E+01  2.990488E+01
1.015641E+02  3.603202E+01  -2.553820E+01  2.992373E+01
1.015573E+02  3.602776E+01  -2.551700E+01  2.994258E+01
1.015481E+02  3.602214E+01  -2.548912E+01  2.996763E+01
1.015390E+02  3.601647E+01  -2.546094E+01  2.999269E+01
1.015291E+02  3.601035E+01  -2.543060E+01  3.001969E+01
1.015182E+02  3.600364E+01  -2.539720E+01  3.004938E+01
1.015073E+02  3.599693E+01  -2.536402E+01  3.007893E+01
1.014963E+02  3.599013E+01  -2.533008E+01  3.010874E+01
1.014890E+02  3.598561E+01  -2.530767E+01  3.012849E+01
1.014818E+02  3.598118E+01  -2.528561E+01  3.014824E+01
1.014704E+02  3.597412E+01  -2.525062E+01  3.017889E+01
1.014597E+02  3.596756E+01  -2.521810E+01  3.020756E+01
1.014477E+02  3.596010E+01  -2.518102E+01  3.024025E+01
1.014351E+02  3.595238E+01  -2.514281E+01  3.027380E+01
1.014238E+02  3.594543E+01  -2.510822E+01  3.030391E+01
1.014130E+02  3.593871E+01  -2.507484E+01  3.033316E+01
1.013982E+02  3.592964E+01  -2.502991E+01  3.037215E+01
1.013852E+02  3.592156E+01  -2.498959E+01  3.040703E+01
1.013722E+02  3.591358E+01  -2.495008E+01  3.044146E+01
1.013620E+02  3.590732E+01  -2.491898E+01  3.046829E+01
1.013518E+02  3.590106E+01  -2.488797E+01  3.049513E+01
1.013400E+02  3.589375E+01  -2.485164E+01  3.052645E+01
1.013281E+02  3.588642E+01  -2.481536E+01  3.055777E+01
1.013165E+02  3.587931E+01  -2.478007E+01  3.058811E+01
1.013039E+02  3.587156E+01  -2.474157E+01  3.062103E+01
1.012918E+02  3.586413E+01  -2.470463E+01  3.065265E+01
1.012800E+02  3.585685E+01  -2.466854E+01  3.068350E+01
1.012740E+02  3.585320E+01  -2.465050E+01  3.069882E+01
1.012681E+02  3.584954E+01  -2.463223E+01  3.071415E+01
1.012533E+02  3.584041E+01  -2.458705E+01  3.075277E+01
1.012442E+02  3.583484E+01  -2.455933E+01  3.077618E+01
1.012352E+02  3.582929E+01  -2.453183E+01  3.079958E+01
1.012245E+02  3.582269E+01  -2.449908E+01  3.082717E+01
1.012104E+02  3.581413E+01  -2.445681E+01  3.086323E+01
1.012032E+02  3.580968E+01  -2.443461E+01  3.088187E+01
1.011959E+02  3.580520E+01  -2.441243E+01  3.090050E+01
1.011830E+02  3.579729E+01  -2.437325E+01  3.093355E+01
1.011765E+02  3.579325E+01  -2.435310E+01  3.095033E+01
1.011699E+02  3.578919E+01  -2.433293E+01  3.096711E+01
1.011610E+02  3.578377E+01  -2.430617E+01  3.098977E+01
1.011517E+02  3.577802E+01  -2.427746E+01  3.101362E+01
1.011428E+02  3.577259E+01  -2.425051E+01  3.103602E+01
1.011340E+02  3.576719E+01  -2.422382E+01  3.105842E+01
1.011265E+02  3.576259E+01  -2.420102E+01  3.107740E+01
1.011190E+02  3.575798E+01  -2.417813E+01  3.109638E+01
1.011120E+02  3.575370E+01  -2.415692E+01  3.111406E+01
1.011050E+02  3.574942E+01  -2.413593E+01  3.113174E+01
1.010881E+02  3.573909E+01  -2.408465E+01  3.117426E+01
1.010724E+02  3.572945E+01  -2.403670E+01  3.121367E+01
1.010630E+02  3.572369E+01  -2.400816E+01  3.123723E+01
1.010536E+02  3.571792E+01  -2.397942E+01  3.126079E+01
1.010474E+02  3.571410E+01  -2.396044E+01  3.127642E+01
1.010411E+02  3.571028E+01  -2.394159E+01  3.129205E+01
1.010326E+02  3.570507E+01  -2.391569E+01  3.131318E+01
1.010241E+02  3.569989E+01  -2.389019E+01  3.133431E+01
1.010144E+02  3.569389E+01  -2.386020E+01  3.135868E+01
1.010051E+02  3.568823E+01  -2.383245E+01  3.138173E+01
1.009953E+02  3.568218E+01  -2.380216E+01  3.140615E+01
1.009862E+02  3.567663E+01  -2.377479E+01  3.142858E+01
1.009731E+02  3.566864E+01  -2.373508E+01  3.146083E+01
1.009604E+02  3.566089E+01  -2.369661E+01  3.149198E+01
1.009528E+02  3.565620E+01  -2.367338E+01  3.151102E+01
1.009449E+02  3.565141E+01  -2.364973E+01  3.153007E+01
1.009375E+02  3.564684E+01  -2.362704E+01  3.154859E+01
1.009299E+02  3.564220E+01  -2.360406E+01  3.156712E+01
1.009205E+02  3.563644E+01  -2.357532E+01  3.159008E+01
1.009114E+02  3.563088E+01  -2.354783E+01  3.161251E+01
1.009005E+02  3.562424E+01  -2.351509E+01  3.163906E+01
1.008896E+02  3.561758E+01  -2.348186E+01  3.166561E+01
1.008774E+02  3.561013E+01  -2.344500E+01  3.169514E+01
1.008652E+02  3.560269E+01  -2.340811E+01  3.172490E+01
1.008516E+02  3.559436E+01  -2.336679E+01  3.175771E+01
1.008452E+02  3.559048E+01  -2.334769E+01  3.177319E+01
1.008388E+02  3.558658E+01  -2.332828E+01  3.178868E+01
1.008296E+02  3.558095E+01  -2.330029E+01  3.181088E+01
1.008206E+02  3.557544E+01  -2.327289E+01  3.183265E+01
1.008113E+02  3.556978E+01  -2.324505E+01  3.185505E+01
1.007968E+02  3.556091E+01  -2.320094E+01  3.188989E+01
1.007900E+02  3.555679E+01  -2.318052E+01  3.190601E+01
1.007832E+02  3.555269E+01  -2.316028E+01  3.192214E+01
1.007739E+02  3.554697E+01  -2.313180E+01  3.194450E+01
1.007646E+02  3.554130E+01  -2.310366E+01  3.196687E+01
1.007529E+02  3.553419E+01  -2.306850E+01  3.199464E+01
1.007415E+02  3.552725E+01  -2.303405E+01  3.202179E+01
1.007302E+02  3.552038E+01  -2.300005E+01  3.204848E+01
1.007192E+02  3.551364E+01  -2.296666E+01  3.207477E+01
1.007065E+02  3.550591E+01  -2.292820E+01  3.210480E+01
1.006863E+02  3.549358E+01  -2.286719E+01  3.215260E+01
1.006763E+02  3.548753E+01  -2.283726E+01  3.217604E+01
1.006663E+02  3.548145E+01  -2.280702E+01  3.219947E+01
1.006548E+02  3.547441E+01  -2.277203E+01  3.222674E+01
1.006437E+02  3.546770E+01  -2.273890E+01  3.225240E+01
1.006331E+02  3.546122E+01  -2.270671E+01  3.227750E+01
1.006226E+02  3.545481E+01  -2.267493E+01  3.230198E+01
1.006125E+02  3.544871E+01  -2.264468E+01  3.232553E+01
1.006020E+02  3.544228E+01  -2.261281E+01  3.235008E+01
1.005930E+02  3.543682E+01  -2.258572E+01  3.237093E+01
1.005841E+02  3.543138E+01  -2.255874E+01  3.239176E+01
1.005730E+02  3.542469E+01  -2.252561E+01  3.241730E+01
1.005676E+02  3.542136E+01  -2.250908E+01  3.242999E+01
1.005621E+02  3.541803E+01  -2.249251E+01  3.244268E+01
1.005431E+02  3.540648E+01  -2.243539E+01  3.248663E+01
1.005333E+02  3.540054E+01  -2.240589E+01  3.250925E+01
1.005234E+02  3.539456E+01  -2.237630E+01  3.253186E+01
1.005112E+02  3.538712E+01  -2.233924E+01  3.255998E+01
1.004964E+02  3.537816E+01  -2.229506E+01  3.259398E+01
1.004814E+02  3.536905E+01  -2.224967E+01  3.262827E+01
1.004676E+02  3.536063E+01  -2.220801E+01  3.265990E+01
1.004592E+02  3.535557E+01  -2.218292E+01  3.267898E+01
1.004509E+02  3.535051E+01  -2.215786E+01  3.269806E+01
1.004354E+02  3.534113E+01  -2.211137E+01  3.273323E+01
1.004254E+02  3.533505E+01  -2.208122E+01  3.275586E+01
1.004155E+02  3.532903E+01  -2.205121E+01  3.277849E+01
1.004031E+02  3.532153E+01  -2.201421E+01  3.280658E+01
1.003971E+02  3.531789E+01  -2.199606E+01  3.281997E+01
1.003912E+02  3.531431E+01  -2.197823E+01  3.283337E+01
1.003860E+02  3.531116E+01  -2.196274E+01  3.284520E+01
1.003807E+02  3.530796E+01  -2.194691E+01  3.285703E+01
1.003715E+02  3.530236E+01  -2.191907E+01  3.287786E+01
1.003622E+02  3.529671E+01  -2.189099E+01  3.289879E+01
1.003520E+02  3.529055E+01  -2.186038E+01  3.292153E+01
1.003420E+02  3.528446E+01  -2.183010E+01  3.294428E+01
1.003352E+02  3.528038E+01  -2.181007E+01  3.295933E+01
1.003286E+02  3.527634E+01  -2.178999E+01  3.297438E+01
1.003221E+02  3.527244E+01  -2.177071E+01  3.298882E+01
1.003156E+02  3.526851E+01  -2.175113E+01  3.300326E+01
1.003073E+02  3.526345E+01  -2.172615E+01  3.302200E+01
1.002984E+02  3.525811E+01  -2.169963E+01  3.304160E+01
1.002922E+02  3.525432E+01  -2.168076E+01  3.305551E+01
1.002860E+02  3.525052E+01  -2.166182E+01  3.306942E+01
1.002756E+02  3.524428E+01  -2.163086E+01  3.309234E+01
1.002652E+02  3.523797E+01  -2.159967E+01  3.311561E+01
1.002547E+02  3.523161E+01  -2.156827E+01  3.313894E+01
1.002443E+02  3.522534E+01  -2.153714E+01  3.316201E+01
1.002350E+02  3.521965E+01  -2.150869E+01  3.318260E+01
1.002262E+02  3.521439E+01  -2.148271E+01  3.320191E+01
1.002190E+02  3.521007E+01  -2.146136E+01  3.321768E+01
1.002119E+02  3.520572E+01  -2.143979E+01  3.323346E+01
1.002024E+02  3.520002E+01  -2.141155E+01  3.325439E+01
1.001950E+02  3.519550E+01  -2.138897E+01  3.327068E+01
1.001876E+02  3.519103E+01  -2.136683E+01  3.328698E+01
1.001779E+02  3.518520E+01  -2.133795E+01  3.330826E+01
1.001653E+02  3.517758E+01  -2.130007E+01  3.333595E+01
1.001547E+02  3.517113E+01  -2.126810E+01  3.335928E+01
1.001440E+02  3.516469E+01  -2.123622E+01  3.338248E+01
1.001325E+02  3.515771E+01  -2.120145E+01  3.340762E+01
1.001213E+02  3.515095E+01  -2.116804E+01  3.343219E+01
1.001134E+02  3.514621E+01  -2.114468E+01  3.344932E+01
1.001055E+02  3.514145E+01  -2.112101E+01  3.346645E+01
1.000949E+02  3.513504E+01  -2.108895E+01  3.348948E+01
1.000882E+02  3.513097E+01  -2.106889E+01  3.350411E+01
1.000814E+02  3.512688E+01  -2.104861E+01  3.351875E+01
1.000704E+02  3.512024E+01  -2.101553E+01  3.354258E+01
1.000583E+02  3.511296E+01  -2.097955E+01  3.356873E+01
1.000458E+02  3.510538E+01  -2.094195E+01  3.359571E+01
1.000301E+02  3.509595E+01  -2.089530E+01  3.362943E+01
1.000221E+02  3.509112E+01  -2.087122E+01  3.364686E+01
1.000139E+02  3.508619E+01  -2.084679E+01  3.366429E+01
1.000015E+02  3.507868E+01  -2.080955E+01  3.369102E+01
9.998682E+01  3.506982E+01  -2.076542E+01  3.372243E+01
9.997312E+01  3.506158E+01  -2.072459E+01  3.375192E+01
9.995837E+01  3.505269E+01  -2.068049E+01  3.378329E+01
9.995121E+01  3.504835E+01  -2.065877E+01  3.379857E+01
9.994402E+01  3.504405E+01  -2.063760E+01  3.381385E+01
9.993581E+01  3.503909E+01  -2.061293E+01  3.383137E+01
9.992761E+01  3.503414E+01  -2.058837E+01  3.384889E+01
9.991556E+01  3.502689E+01  -2.055241E+01  3.387452E+01
9.990347E+01  3.501959E+01  -2.051597E+01  3.390009E+01
9.989177E+01  3.501255E+01  -2.048106E+01  3.392481E+01
9.988126E+01  3.500621E+01  -2.044952E+01  3.394707E+01
9.987108E+01  3.500008E+01  -2.041908E+01  3.396863E+01
9.986079E+01  3.499391E+01  -2.038859E+01  3.399039E+01
9.985301E+01  3.498924E+01  -2.036552E+01  3.400665E+01
9.984525E+01  3.498458E+01  -2.034244E+01  3.402291E+01
9.983715E+01  3.497971E+01  -2.031823E+01  3.403998E+01
9.982906E+01  3.497481E+01  -2.029381E+01  3.405704E+01
9.981773E+01  3.496800E+01  -2.025995E+01  3.408081E+01
9.980625E+01  3.496109E+01  -2.022567E+01  3.410493E+01
9.979692E+01  3.495548E+01  -2.019781E+01  3.412442E+01
9.978758E+01  3.494984E+01  -2.016967E+01  3.414391E+01
9.977681E+01  3.494338E+01  -2.013766E+01  3.416645E+01
9.976308E+01  3.493515E+01  -2.009695E+01  3.419517E+01
9.975142E+01  3.492814E+01  -2.006208E+01  3.421926E+01
9.974073E+01  3.492168E+01  -2.002979E+01  3.424170E+01
9.973342E+01  3.491734E+01  -2.000850E+01  3.425667E+01
9.972622E+01  3.491299E+01  -1.998673E+01  3.427165E+01
9.972108E+01  3.490991E+01  -1.997158E+01  3.428241E+01
9.971586E+01  3.490677E+01  -1.995588E+01  3.429317E+01
9.970323E+01  3.489919E+01  -1.991830E+01  3.431935E+01
9.969043E+01  3.489151E+01  -1.988015E+01  3.434583E+01
9.967782E+01  3.488392E+01  -1.984238E+01  3.437195E+01
9.966718E+01  3.487754E+01  -1.981070E+01  3.439374E+01
9.965679E+01  3.487129E+01  -1.977957E+01  3.441518E+01
9.964459E+01  3.486398E+01  -1.974337E+01  3.444029E+01
9.963911E+01  3.486068E+01  -1.972695E+01  3.445151E+01
9.963368E+01  3.485742E+01  -1.971071E+01  3.446272E+01
9.962178E+01  3.485028E+01  -1.967522E+01  3.448712E+01
9.961005E+01  3.484326E+01  -1.964039E+01  3.451113E+01
9.959733E+01  3.483561E+01  -1.960228E+01  3.453717E+01
9.958494E+01  3.482821E+01  -1.956569E+01  3.456235E+01
9.957777E+01  3.482387E+01  -1.954387E+01  3.457717E+01
9.957044E+01  3.481949E+01  -1.952223E+01  3.459200E+01
9.956033E+01  3.481343E+01  -1.949219E+01  3.461256E+01
9.955096E+01  3.480783E+01  -1.946440E+01  3.463154E+01
9.954174E+01  3.480230E+01  -1.943688E+01  3.465038E+01
9.953566E+01  3.479865E+01  -1.941874E+01  3.466272E+01
9.952957E+01  3.479500E+01  -1.940059E+01  3.467507E+01
9.952043E+01  3.478950E+01  -1.937307E+01  3.469360E+01
9.951154E+01  3.478421E+01  -1.934704E+01  3.471165E+01
9.950074E+01  3.477774E+01  -1.931487E+01  3.473351E+01
9.948947E+01  3.477096E+01  -1.928099E+01  3.475621E+01
9.947874E+01  3.476454E+01  -1.924916E+01  3.477786E+01
9.946586E+01  3.475684E+01  -1.921087E+01  3.480381E+01
9.945320E+01  3.474926E+01  -1.917317E+01  3.482927E+01
9.944108E+01  3.474200E+01  -1.913708E+01  3.485367E+01
9.942953E+01  3.473508E+01  -1.910267E+01  3.487690E+01
9.941837E+01  3.472841E+01  -1.906955E+01  3.489921E+01
9.940736E+01  3.472179E+01  -1.903647E+01  3.492136E+01
9.939524E+01  3.471457E+01  -1.900071E+01  3.494540E+01
9.938786E+01  3.471017E+01  -1.897895E+01  3.496020E+01
9.938048E+01  3.470570E+01  -1.895640E+01  3.497500E+01
9.937282E+01  3.470114E+01  -1.893377E+01  3.499031E+01
9.936516E+01  3.469656E+01  -1.891104E+01  3.500562E+01
9.935508E+01  3.469054E+01  -1.888120E+01  3.502561E+01
9.934398E+01  3.468388E+01  -1.884784E+01  3.504764E+01
9.932384E+01  3.467188E+01  -1.878846E+01  3.508763E+01
9.931227E+01  3.466495E+01  -1.875386E+01  3.511063E+01
9.930650E+01  3.466147E+01  -1.873639E+01  3.512213E+01
9.930062E+01  3.465800E+01  -1.871940E+01  3.513363E+01
9.929377E+01  3.465390E+01  -1.869902E+01  3.514712E+01
9.928697E+01  3.464983E+01  -1.867863E+01  3.516060E+01
9.927521E+01  3.464279E+01  -1.864348E+01  3.518387E+01
9.926264E+01  3.463528E+01  -1.860607E+01  3.520863E+01
9.924997E+01  3.462770E+01  -1.856830E+01  3.523359E+01
9.923737E+01  3.462019E+01  -1.853113E+01  3.525844E+01
9.922348E+01  3.461190E+01  -1.848980E+01  3.528568E+01
9.921019E+01  3.460395E+01  -1.845015E+01  3.531175E+01
9.919847E+01  3.459698E+01  -1.841561E+01  3.533469E+01
9.919239E+01  3.459335E+01  -1.839754E+01  3.534655E+01
9.918630E+01  3.458972E+01  -1.837952E+01  3.535842E+01
9.918002E+01  3.458596E+01  -1.836074E+01  3.537062E+01
9.917383E+01  3.458227E+01  -1.834231E+01  3.538283E+01
9.916579E+01  3.457746E+01  -1.831838E+01  3.539856E+01
9.915785E+01  3.457273E+01  -1.829494E+01  3.541401E+01
9.915257E+01  3.456958E+01  -1.827915E+01  3.542420E+01
9.914740E+01  3.456648E+01  -1.826366E+01  3.543439E+01
9.912892E+01  3.455548E+01  -1.820901E+01  3.547026E+01
9.911967E+01  3.454996E+01  -1.818142E+01  3.548820E+01
9.911047E+01  3.454446E+01  -1.815407E+01  3.550614E+01
9.910484E+01  3.454113E+01  -1.813758E+01  3.551696E+01
9.909926E+01  3.453780E+01  -1.812103E+01  3.552778E+01
9.908908E+01  3.453173E+01  -1.809073E+01  3.554745E+01
9.908035E+01  3.452652E+01  -1.806472E+01  3.556438E+01
9.907155E+01  3.452126E+01  -1.803849E+01  3.558143E+01
9.906100E+01  3.451499E+01  -1.800739E+01  3.560176E+01
9.904956E+01  3.450817E+01  -1.797338E+01  3.562386E+01
9.904299E+01  3.450425E+01  -1.795380E+01  3.563655E+01
9.903638E+01  3.450030E+01  -1.793407E+01  3.564924E+01
9.902457E+01  3.449329E+01  -1.789924E+01  3.567192E+01
9.901427E+01  3.448715E+01  -1.786864E+01  3.569171E+01
9.900418E+01  3.448115E+01  -1.783883E+01  3.571109E+01
9.899773E+01  3.447729E+01  -1.781944E+01  3.572346E+01
9.899126E+01  3.447344E+01  -1.780035E+01  3.573584E+01
9.898051E+01  3.446703E+01  -1.776824E+01  3.575658E+01
9.896949E+01  3.446047E+01  -1.773562E+01  3.577758E+01
9.895972E+01  3.445466E+01  -1.770666E+01  3.579626E+01
9.894985E+01  3.444879E+01  -1.767758E+01  3.581505E+01
9.894067E+01  3.444334E+01  -1.765038E+01  3.583255E+01
9.893161E+01  3.443795E+01  -1.762364E+01  3.584986E+01
9.891816E+01  3.442995E+01  -1.758365E+01  3.587544E+01
9.890530E+01  3.442229E+01  -1.754546E+01  3.589988E+01
9.889619E+01  3.441686E+01  -1.751833E+01  3.591724E+01
9.888693E+01  3.441137E+01  -1.749107E+01  3.593460E+01
9.887285E+01  3.440298E+01  -1.744907E+01  3.596146E+01
9.886563E+01  3.439866E+01  -1.742739E+01  3.597516E+01
9.885836E+01  3.439437E+01  -1.740617E+01  3.598885E+01
9.885044E+01  3.438966E+01  -1.738273E+01  3.600384E+01
9.884268E+01  3.438506E+01  -1.735981E+01  3.601850E+01
9.883088E+01  3.437803E+01  -1.732466E+01  3.604074E+01
9.881954E+01  3.437129E+01  -1.729102E+01  3.606216E+01
9.880792E+01  3.436440E+01  -1.725672E+01  3.608404E+01
9.880116E+01  3.436039E+01  -1.723675E+01  3.609674E+01
9.879441E+01  3.435637E+01  -1.721674E+01  3.610945E+01
9.878312E+01  3.434965E+01  -1.718308E+01  3.613068E+01
9.877206E+01  3.434307E+01  -1.715021E+01  3.615150E+01
9.875695E+01  3.433413E+01  -1.710588E+01  3.617978E+01
9.874996E+01  3.432998E+01  -1.708504E+01  3.619286E+01
9.874286E+01  3.432577E+01  -1.706414E+01  3.620594E+01
9.873409E+01  3.432055E+01  -1.703794E+01  3.622246E+01
9.872511E+01  3.431521E+01  -1.701124E+01  3.623935E+01
9.871305E+01  3.430806E+01  -1.697562E+01  3.626183E+01
9.870108E+01  3.430095E+01  -1.694021E+01  3.628404E+01
9.869384E+01  3.429667E+01  -1.691894E+01  3.629749E+01
9.868667E+01  3.429242E+01  -1.689769E+01  3.631095E+01
9.868072E+01  3.428887E+01  -1.687989E+01  3.632212E+01
9.867469E+01  3.428530E+01  -1.686205E+01  3.633328E+01
9.866534E+01  3.427973E+01  -1.683409E+01  3.635064E+01
9.865301E+01  3.427246E+01  -1.679814E+01  3.637345E+01
9.864208E+01  3.426594E+01  -1.676528E+01  3.639381E+01
9.863183E+01  3.425988E+01  -1.673524E+01  3.641274E+01
9.862149E+01  3.425373E+01  -1.670438E+01  3.643182E+01
9.861174E+01  3.424796E+01  -1.667573E+01  3.644986E+01
9.860023E+01  3.424116E+01  -1.664180E+01  3.647113E+01
9.858902E+01  3.423450E+01  -1.660847E+01  3.649180E+01
9.858359E+01  3.423129E+01  -1.659247E+01  3.650180E+01
9.857815E+01  3.422805E+01  -1.657622E+01  3.651180E+01
9.856690E+01  3.422139E+01  -1.654294E+01  3.653257E+01
9.855689E+01  3.421544E+01  -1.651316E+01  3.655090E+01
9.854737E+01  3.420981E+01  -1.648510E+01  3.656850E+01
9.853167E+01  3.420051E+01  -1.643857E+01  3.659727E+01
9.852465E+01  3.419636E+01  -1.641794E+01  3.661008E+01
9.851770E+01  3.419225E+01  -1.639751E+01  3.662289E+01
9.850932E+01  3.418728E+01  -1.637257E+01  3.663823E+01
9.850096E+01  3.418233E+01  -1.634773E+01  3.665358E+01
9.849356E+01  3.417796E+01  -1.632605E+01  3.666707E+01
9.848316E+01  3.417179E+01  -1.629511E+01  3.668603E+01
9.847321E+01  3.416591E+01  -1.626587E+01  3.670422E+01
9.846786E+01  3.416276E+01  -1.625016E+01  3.671397E+01
9.846260E+01  3.415960E+01  -1.623406E+01  3.672371E+01
9.845262E+01  3.415372E+01  -1.620484E+01  3.674183E+01
9.844480E+01  3.414910E+01  -1.618187E+01  3.675602E+01
9.843699E+01  3.414446E+01  -1.615853E+01  3.677021E+01
9.842631E+01  3.413817E+01  -1.612729E+01  3.678964E+01
9.840463E+01  3.412530E+01  -1.606272E+01  3.682907E+01
9.839991E+01  3.412254E+01  -1.604907E+01  3.683756E+01
9.839523E+01  3.411976E+01  -1.603506E+01  3.684605E+01
9.838667E+01  3.411471E+01  -1.600993E+01  3.686157E+01
9.837288E+01  3.410655E+01  -1.596903E+01  3.688657E+01
9.835901E+01  3.409835E+01  -1.592812E+01  3.691158E+01
9.833706E+01  3.408536E+01  -1.586299E+01  3.695121E+01
9.832640E+01  3.407908E+01  -1.583174E+01  3.697049E+01
9.832095E+01  3.407588E+01  -1.581586E+01  3.698012E+01
9.831561E+01  3.407273E+01  -1.580014E+01  3.698976E+01
9.830649E+01  3.406730E+01  -1.577268E+01  3.700617E+01
9.829818E+01  3.406239E+01  -1.574812E+01  3.702113E+01
9.828954E+01  3.405729E+01  -1.572262E+01  3.703680E+01
9.827761E+01  3.405025E+01  -1.568752E+01  3.705803E+01
9.827201E+01  3.404694E+01  -1.567087E+01  3.706807E+01
9.826640E+01  3.404364E+01  -1.565443E+01  3.707810E+01
9.825727E+01  3.403824E+01  -1.562739E+01  3.709449E+01
9.824845E+01  3.403301E+01  -1.560103E+01  3.711036E+01
9.823967E+01  3.402789E+01  -1.557590E+01  3.712599E+01
9.822884E+01  3.402147E+01  -1.554359E+01  3.714535E+01
9.821754E+01  3.401479E+01  -1.551003E+01  3.716552E+01
9.820605E+01  3.400802E+01  -1.547625E+01  3.718594E+01
9.819430E+01  3.400108E+01  -1.544152E+01  3.720699E+01
9.818408E+01  3.399505E+01  -1.541123E+01  3.722522E+01
9.817402E+01  3.398910E+01  -1.538136E+01  3.724308E+01
9.816400E+01  3.398319E+01  -1.535185E+01  3.726080E+01
9.815380E+01  3.397717E+01  -1.532163E+01  3.727898E+01
9.814355E+01  3.397115E+01  -1.529172E+01  3.729727E+01
9.813296E+01  3.396486E+01  -1.526000E+01  3.731597E+01
9.812408E+01  3.395965E+01  -1.523397E+01  3.733175E+01
9.811439E+01  3.395396E+01  -1.520563E+01  3.734877E+01
9.810972E+01  3.395118E+01  -1.519153E+01  3.735700E+01
9.810508E+01  3.394845E+01  -1.517794E+01  3.736524E+01
9.809935E+01  3.394508E+01  -1.516108E+01  3.737535E+01
9.809365E+01  3.394174E+01  -1.514452E+01  3.738546E+01
9.808545E+01  3.393689E+01  -1.512006E+01  3.739991E+01
9.807788E+01  3.393241E+01  -1.509754E+01  3.741328E+01
9.806975E+01  3.392760E+01  -1.507336E+01  3.742763E+01
9.806200E+01  3.392307E+01  -1.505085E+01  3.744134E+01
9.805364E+01  3.391811E+01  -1.502581E+01  3.745593E+01
9.804626E+01  3.391379E+01  -1.500427E+01  3.746901E+01
9.803811E+01  3.390900E+01  -1.498039E+01  3.748338E+01
9.803217E+01  3.390549E+01  -1.496264E+01  3.749380E+01
9.802622E+01  3.390197E+01  -1.494508E+01  3.750422E+01
9.801798E+01  3.389712E+01  -1.492060E+01  3.751872E+01
9.800988E+01  3.389236E+01  -1.489688E+01  3.753287E+01
9.800169E+01  3.388756E+01  -1.487303E+01  3.754728E+01
9.799625E+01  3.388432E+01  -1.485649E+01  3.755684E+01
9.799075E+01  3.388108E+01  -1.484021E+01  3.756640E+01
9.798392E+01  3.387707E+01  -1.482028E+01  3.757832E+01
9.797445E+01  3.387149E+01  -1.479232E+01  3.759496E+01
9.796971E+01  3.386871E+01  -1.477838E+01  3.760316E+01
9.796505E+01  3.386597E+01  -1.476464E+01  3.761136E+01
9.795571E+01  3.386047E+01  -1.473702E+01  3.762763E+01
9.794650E+01  3.385505E+01  -1.470988E+01  3.764366E+01
9.793727E+01  3.384960E+01  -1.468251E+01  3.765982E+01
9.793168E+01  3.384631E+01  -1.466597E+01  3.766965E+01
9.792601E+01  3.384299E+01  -1.464946E+01  3.767949E+01
9.791810E+01  3.383835E+01  -1.462622E+01  3.769330E+01
9.791020E+01  3.383367E+01  -1.460247E+01  3.770706E+01
9.790199E+01  3.382886E+01  -1.457849E+01  3.772132E+01
9.789346E+01  3.382382E+01  -1.455305E+01  3.773607E+01
9.788552E+01  3.381916E+01  -1.452981E+01  3.774991E+01
9.787649E+01  3.381387E+01  -1.450336E+01  3.776543E+01
9.786895E+01  3.380944E+01  -1.448113E+01  3.777866E+01
9.786102E+01  3.380477E+01  -1.445769E+01  3.779229E+01
9.785566E+01  3.380163E+01  -1.444204E+01  3.780165E+01
9.785029E+01  3.379845E+01  -1.442598E+01  3.781100E+01
9.784494E+01  3.379530E+01  -1.441024E+01  3.782014E+01
9.783971E+01  3.379222E+01  -1.439464E+01  3.782928E+01
9.783173E+01  3.378757E+01  -1.437155E+01  3.784298E+01
9.782358E+01  3.378275E+01  -1.434719E+01  3.785708E+01
9.781563E+01  3.377808E+01  -1.432372E+01  3.787084E+01
9.780551E+01  3.377216E+01  -1.429429E+01  3.788833E+01
9.779535E+01  3.376615E+01  -1.426387E+01  3.790586E+01
9.778603E+01  3.376069E+01  -1.423647E+01  3.792193E+01
9.777841E+01  3.375622E+01  -1.421409E+01  3.793505E+01
9.777077E+01  3.375172E+01  -1.419150E+01  3.794817E+01
9.776199E+01  3.374657E+01  -1.416559E+01  3.796323E+01
9.775320E+01  3.374141E+01  -1.413971E+01  3.797831E+01
9.774558E+01  3.373694E+01  -1.411734E+01  3.799151E+01
9.773763E+01  3.373224E+01  -1.409354E+01  3.800514E+01
9.772691E+01  3.372594E+01  -1.406195E+01  3.802359E+01
9.771726E+01  3.372030E+01  -1.403372E+01  3.804012E+01
9.770753E+01  3.371458E+01  -1.400495E+01  3.805679E+01
9.769748E+01  3.370869E+01  -1.397549E+01  3.807400E+01
9.768816E+01  3.370321E+01  -1.394783E+01  3.808985E+01
9.767956E+01  3.369818E+01  -1.392273E+01  3.810460E+01
9.767034E+01  3.369275E+01  -1.389519E+01  3.812030E+01
9.766009E+01  3.368674E+01  -1.386514E+01  3.813786E+01
9.765004E+01  3.368084E+01  -1.383548E+01  3.815499E+01
9.764028E+01  3.367512E+01  -1.380670E+01  3.817160E+01
9.762941E+01  3.366877E+01  -1.377503E+01  3.819004E+01
9.762170E+01  3.366421E+01  -1.375183E+01  3.820319E+01
9.761396E+01  3.365968E+01  -1.372915E+01  3.821635E+01
9.760432E+01  3.365403E+01  -1.370083E+01  3.823271E+01
9.759455E+01  3.364831E+01  -1.367208E+01  3.824938E+01
9.758460E+01  3.364247E+01  -1.364274E+01  3.826620E+01
9.757601E+01  3.363746E+01  -1.361771E+01  3.828068E+01
9.756729E+01  3.363232E+01  -1.359162E+01  3.829550E+01
9.755753E+01  3.362658E+01  -1.356273E+01  3.831210E+01
9.755004E+01  3.362221E+01  -1.354087E+01  3.832486E+01
9.754242E+01  3.361773E+01  -1.351829E+01  3.833761E+01
9.753492E+01  3.361336E+01  -1.349646E+01  3.835024E+01
9.752710E+01  3.360876E+01  -1.347318E+01  3.836358E+01
9.752146E+01  3.360545E+01  -1.345649E+01  3.837304E+01
9.751582E+01  3.360217E+01  -1.344016E+01  3.838250E+01
9.750814E+01  3.359764E+01  -1.341713E+01  3.839538E+01
9.750264E+01  3.359443E+01  -1.340104E+01  3.840479E+01
9.749707E+01  3.359120E+01  -1.338509E+01  3.841420E+01
9.748944E+01  3.358669E+01  -1.336213E+01  3.842706E+01
9.748261E+01  3.358270E+01  -1.334209E+01  3.843859E+01
9.747345E+01  3.357733E+01  -1.331506E+01  3.845392E+01
9.746473E+01  3.357223E+01  -1.328946E+01  3.846857E+01
9.746027E+01  3.356965E+01  -1.327667E+01  3.847603E+01
9.745588E+01  3.356706E+01  -1.326346E+01  3.848350E+01
9.745031E+01  3.356379E+01  -1.324698E+01  3.849280E+01
9.744476E+01  3.356054E+01  -1.323078E+01  3.850211E+01
9.743728E+01  3.355616E+01  -1.320863E+01  3.851468E+01
9.742975E+01  3.355175E+01  -1.318634E+01  3.852726E+01
9.742441E+01  3.354861E+01  -1.317051E+01  3.853630E+01
9.741903E+01  3.354547E+01  -1.315471E+01  3.854535E+01
9.741268E+01  3.354177E+01  -1.313621E+01  3.855593E+01
9.740630E+01  3.353802E+01  -1.311732E+01  3.856650E+01
9.739718E+01  3.353270E+01  -1.309061E+01  3.858187E+01
9.738700E+01  3.352672E+01  -1.306040E+01  3.859886E+01
9.738186E+01  3.352373E+01  -1.304536E+01  3.860745E+01
9.737671E+01  3.352072E+01  -1.303039E+01  3.861605E+01
9.736575E+01  3.351431E+01  -1.299805E+01  3.863434E+01
9.735980E+01  3.351079E+01  -1.298004E+01  3.864433E+01
9.735371E+01  3.350726E+01  -1.296244E+01  3.865433E+01
9.734537E+01  3.350234E+01  -1.293751E+01  3.866836E+01
9.733709E+01  3.349755E+01  -1.291368E+01  3.868208E+01
9.732783E+01  3.349210E+01  -1.288595E+01  3.869756E+01
9.731924E+01  3.348710E+01  -1.286106E+01  3.871182E+01
9.730717E+01  3.348003E+01  -1.282516E+01  3.873185E+01
9.729676E+01  3.347395E+01  -1.279473E+01  3.874921E+01
9.728736E+01  3.346847E+01  -1.276711E+01  3.876476E+01
9.727851E+01  3.346325E+01  -1.274055E+01  3.877956E+01
9.726974E+01  3.345816E+01  -1.271511E+01  3.879397E+01
9.726247E+01  3.345392E+01  -1.269377E+01  3.880603E+01
9.725522E+01  3.344967E+01  -1.267238E+01  3.881801E+01
9.724677E+01  3.344475E+01  -1.264762E+01  3.883206E+01
9.723825E+01  3.343975E+01  -1.262230E+01  3.884611E+01
9.723044E+01  3.343522E+01  -1.259975E+01  3.885904E+01
9.722105E+01  3.342970E+01  -1.257160E+01  3.887455E+01
9.721185E+01  3.342436E+01  -1.254497E+01  3.888968E+01
9.720185E+01  3.341849E+01  -1.251521E+01  3.890621E+01
9.719259E+01  3.341310E+01  -1.248805E+01  3.892145E+01
9.718310E+01  3.340757E+01  -1.246035E+01  3.893708E+01
9.717828E+01  3.340475E+01  -1.244596E+01  3.894505E+01
9.717339E+01  3.340189E+01  -1.243166E+01  3.895302E+01
9.716294E+01  3.339575E+01  -1.240039E+01  3.897027E+01
9.715365E+01  3.339037E+01  -1.237353E+01  3.898557E+01
9.714854E+01  3.338740E+01  -1.235870E+01  3.899396E+01
9.714345E+01  3.338440E+01  -1.234337E+01  3.900235E+01
9.713560E+01  3.337982E+01  -1.232020E+01  3.901519E+01
9.712757E+01  3.337515E+01  -1.229681E+01  3.902841E+01
9.711904E+01  3.337016E+01  -1.227162E+01  3.904240E+01
9.711162E+01  3.336582E+01  -1.224961E+01  3.905453E+01
9.710432E+01  3.336157E+01  -1.222815E+01  3.906647E+01
9.710031E+01  3.335922E+01  -1.221629E+01  3.907309E+01
9.709623E+01  3.335684E+01  -1.220428E+01  3.907972E+01
9.708771E+01  3.335190E+01  -1.217951E+01  3.909366E+01
9.707820E+01  3.334634E+01  -1.215134E+01  3.910916E+01
9.706929E+01  3.334113E+01  -1.212508E+01  3.912373E+01
9.706244E+01  3.333715E+01  -1.210504E+01  3.913503E+01
9.705551E+01  3.333311E+01  -1.208469E+01  3.914632E+01
9.704666E+01  3.332797E+01  -1.205883E+01  3.916066E+01
9.704177E+01  3.332510E+01  -1.204426E+01  3.916865E+01
9.703693E+01  3.332224E+01  -1.202960E+01  3.917664E+01
9.703020E+01  3.331833E+01  -1.200989E+01  3.918751E+01
9.702221E+01  3.331368E+01  -1.198652E+01  3.920064E+01
9.701341E+01  3.330856E+01  -1.196076E+01  3.921496E+01
9.700589E+01  3.330418E+01  -1.193863E+01  3.922710E+01
9.699866E+01  3.329995E+01  -1.191710E+01  3.923890E+01
9.699083E+01  3.329539E+01  -1.189418E+01  3.925164E+01
9.698354E+01  3.329116E+01  -1.187293E+01  3.926343E+01
9.697668E+01  3.328714E+01  -1.185252E+01  3.927462E+01
9.696999E+01  3.328327E+01  -1.183313E+01  3.928553E+01
9.696195E+01  3.327855E+01  -1.180903E+01  3.929848E+01
9.695473E+01  3.327438E+01  -1.178814E+01  3.931020E+01
9.694529E+01  3.326888E+01  -1.176041E+01  3.932563E+01
9.693718E+01  3.326414E+01  -1.173643E+01  3.933860E+01
9.693347E+01  3.326199E+01  -1.172561E+01  3.934469E+01
9.692968E+01  3.325977E+01  -1.171436E+01  3.935077E+01
9.692025E+01  3.325430E+01  -1.168684E+01  3.936602E+01
9.691382E+01  3.325053E+01  -1.166771E+01  3.937644E+01
9.690735E+01  3.324681E+01  -1.164925E+01  3.938686E+01
9.690226E+01  3.324381E+01  -1.163386E+01  3.939516E+01
9.689711E+01  3.324081E+01  -1.161856E+01  3.940347E+01
9.689026E+01  3.323682E+01  -1.159834E+01  3.941450E+01
9.688081E+01  3.323129E+01  -1.157032E+01  3.942979E+01
9.687131E+01  3.322580E+01  -1.154279E+01  3.944508E+01
9.686254E+01  3.322068E+01  -1.151678E+01  3.945919E+01
9.685432E+01  3.321589E+01  -1.149250E+01  3.947236E+01
9.684662E+01  3.321144E+01  -1.147034E+01  3.948481E+01
9.683816E+01  3.320651E+01  -1.144531E+01  3.949830E+01
9.682880E+01  3.320104E+01  -1.141758E+01  3.951350E+01
9.682412E+01  3.319831E+01  -1.140369E+01  3.952110E+01
9.681932E+01  3.319554E+01  -1.138973E+01  3.952870E+01
9.681023E+01  3.319026E+01  -1.136316E+01  3.954330E+01
9.680558E+01  3.318753E+01  -1.134922E+01  3.955080E+01
9.680092E+01  3.318482E+01  -1.133542E+01  3.955829E+01
9.679269E+01  3.318006E+01  -1.131161E+01  3.957140E+01
9.678836E+01  3.317750E+01  -1.129838E+01  3.957844E+01
9.678394E+01  3.317493E+01  -1.128536E+01  3.958548E+01
9.677849E+01  3.317177E+01  -1.126949E+01  3.959420E+01
9.677309E+01  3.316861E+01  -1.125329E+01  3.960292E+01
9.676642E+01  3.316474E+01  -1.123388E+01  3.961360E+01
9.675942E+01  3.316068E+01  -1.121334E+01  3.962477E+01
9.675160E+01  3.315612E+01  -1.119017E+01  3.963728E+01
9.674401E+01  3.315174E+01  -1.116824E+01  3.964931E+01
9.673630E+01  3.314726E+01  -1.114564E+01  3.966172E+01
9.672820E+01  3.314255E+01  -1.112175E+01  3.967469E+01
9.672191E+01  3.313888E+01  -1.110306E+01  3.968473E+01
9.671560E+01  3.313523E+01  -1.108477E+01  3.969478E+01
9.670634E+01  3.312987E+01  -1.105778E+01  3.970936E+01
9.669767E+01  3.312483E+01  -1.103235E+01  3.972331E+01
9.668730E+01  3.311877E+01  -1.100135E+01  3.973979E+01
9.668301E+01  3.311626E+01  -1.098853E+01  3.974674E+01
9.667865E+01  3.311372E+01  -1.097557E+01  3.975368E+01
9.667034E+01  3.310894E+01  -1.095177E+01  3.976684E+01
9.666057E+01  3.310326E+01  -1.092299E+01  3.978247E+01
9.665539E+01  3.310021E+01  -1.090727E+01  3.979066E+01
9.665025E+01  3.309723E+01  -1.089215E+01  3.979884E+01
9.664318E+01  3.309313E+01  -1.087157E+01  3.980995E+01
9.663628E+01  3.308913E+01  -1.085130E+01  3.982096E+01
9.662886E+01  3.308482E+01  -1.082952E+01  3.983276E+01
9.662075E+01  3.308011E+01  -1.080553E+01  3.984558E+01
9.661289E+01  3.307555E+01  -1.078251E+01  3.985801E+01
9.660795E+01  3.307269E+01  -1.076808E+01  3.986586E+01
9.660302E+01  3.306984E+01  -1.075377E+01  3.987372E+01
9.659689E+01  3.306625E+01  -1.073540E+01  3.988346E+01
9.658743E+01  3.306076E+01  -1.070758E+01  3.989840E+01
9.657888E+01  3.305581E+01  -1.068251E+01  3.991187E+01
9.657049E+01  3.305094E+01  -1.065797E+01  3.992516E+01
9.656195E+01  3.304598E+01  -1.063282E+01  3.993871E+01
9.655730E+01  3.304327E+01  -1.061884E+01  3.994601E+01
9.655271E+01  3.304063E+01  -1.060570E+01  3.995330E+01
9.654572E+01  3.303656E+01  -1.058500E+01  3.996429E+01
9.653935E+01  3.303287E+01  -1.056637E+01  3.997436E+01
9.653317E+01  3.302928E+01  -1.054807E+01  3.998412E+01
9.652707E+01  3.302578E+01  -1.053060E+01  3.999367E+01
9.651946E+01  3.302134E+01  -1.050792E+01  4.000570E+01
9.651231E+01  3.301718E+01  -1.048675E+01  4.001694E+01
9.650179E+01  3.301107E+01  -1.045579E+01  4.003348E+01
9.649297E+01  3.300597E+01  -1.043004E+01  4.004735E+01
9.648402E+01  3.300075E+01  -1.040337E+01  4.006149E+01
9.647798E+01  3.299729E+01  -1.038623E+01  4.007103E+01
9.647185E+01  3.299371E+01  -1.036779E+01  4.008057E+01
9.646375E+01  3.298900E+01  -1.034385E+01  4.009336E+01
9.645488E+01  3.298388E+01  -1.031809E+01  4.010728E+01
9.645001E+01  3.298106E+01  -1.030369E+01  4.011493E+01
9.644513E+01  3.297820E+01  -1.028898E+01  4.012258E+01
9.644021E+01  3.297536E+01  -1.027468E+01  4.013025E+01
9.643532E+01  3.297253E+01  -1.026034E+01  4.013792E+01
9.642762E+01  3.296807E+01  -1.023770E+01  4.015005E+01
9.641974E+01  3.296354E+01  -1.021507E+01  4.016225E+01
9.641192E+01  3.295900E+01  -1.019192E+01  4.017454E+01
9.640433E+01  3.295458E+01  -1.016936E+01  4.018640E+01
9.639552E+01  3.294948E+01  -1.014356E+01  4.020012E+01
9.639159E+01  3.294720E+01  -1.013189E+01  4.020635E+01
9.638759E+01  3.294488E+01  -1.012009E+01  4.021259E+01
9.638009E+01  3.294053E+01  -1.009807E+01  4.022427E+01
9.637255E+01  3.293616E+01  -1.007595E+01  4.023608E+01
9.636149E+01  3.292976E+01  -1.004341E+01  4.025326E+01
9.635030E+01  3.292326E+01  -1.001029E+01  4.027080E+01
9.633743E+01  3.291584E+01  -9.972776E+00  4.029085E+01
9.633157E+01  3.291243E+01  -9.955361E+00  4.029995E+01
9.632569E+01  3.290906E+01  -9.938496E+00  4.030905E+01
9.631589E+01  3.290337E+01  -9.909561E+00  4.032435E+01
9.630734E+01  3.289839E+01  -9.884144E+00  4.033758E+01
9.629921E+01  3.289370E+01  -9.860378E+00  4.035031E+01
9.629227E+01  3.288970E+01  -9.840261E+00  4.036108E+01
9.628536E+01  3.288566E+01  -9.819396E+00  4.037183E+01
9.627811E+01  3.288148E+01  -9.798191E+00  4.038305E+01
9.627046E+01  3.287706E+01  -9.775919E+00  4.039495E+01
9.626138E+01  3.287183E+01  -9.749332E+00  4.040903E+01
9.625344E+01  3.286721E+01  -9.725788E+00  4.042126E+01
9.624618E+01  3.286301E+01  -9.704481E+00  4.043262E+01
9.623833E+01  3.285849E+01  -9.681744E+00  4.044470E+01
9.623415E+01  3.285606E+01  -9.669248E+00  4.045119E+01
9.622991E+01  3.285359E+01  -9.656700E+00  4.045768E+01
9.622395E+01  3.285015E+01  -9.639128E+00  4.046699E+01
9.621770E+01  3.284652E+01  -9.620590E+00  4.047673E+01
9.620575E+01  3.283960E+01  -9.585404E+00  4.049513E+01
9.619473E+01  3.283329E+01  -9.553753E+00  4.051208E+01
9.618977E+01  3.283036E+01  -9.538442E+00  4.051973E+01
9.618484E+01  3.282750E+01  -9.523968E+00  4.052738E+01
9.617835E+01  3.282378E+01  -9.505151E+00  4.053734E+01
9.616795E+01  3.281774E+01  -9.474313E+00  4.055339E+01
9.615810E+01  3.281207E+01  -9.445659E+00  4.056865E+01
9.615324E+01  3.280927E+01  -9.431462E+00  4.057612E+01
9.614842E+01  3.280645E+01  -9.416861E+00  4.058359E+01
9.614187E+01  3.280270E+01  -9.398082E+00  4.059360E+01
9.613519E+01  3.279881E+01  -9.378062E+00  4.060389E+01
9.612900E+01  3.279526E+01  -9.360233E+00  4.061347E+01
9.612359E+01  3.279213E+01  -9.344224E+00  4.062171E+01
9.611824E+01  3.278904E+01  -9.328601E+00  4.062996E+01
9.611465E+01  3.278698E+01  -9.318147E+00  4.063547E+01
9.611108E+01  3.278490E+01  -9.307471E+00  4.064099E+01
9.610186E+01  3.277957E+01  -9.280363E+00  4.065515E+01
9.609682E+01  3.277669E+01  -9.265836E+00  4.066285E+01
9.609186E+01  3.277379E+01  -9.250955E+00  4.067054E+01
9.608318E+01  3.276877E+01  -9.225406E+00  4.068385E+01
9.607763E+01  3.276557E+01  -9.209179E+00  4.069234E+01
9.607203E+01  3.276234E+01  -9.192689E+00  4.070083E+01
9.606529E+01  3.275844E+01  -9.172891E+00  4.071118E+01
9.605956E+01  3.275514E+01  -9.156076E+00  4.072002E+01
9.605375E+01  3.275181E+01  -9.139294E+00  4.072885E+01
9.604933E+01  3.274922E+01  -9.125872E+00  4.073574E+01
9.604476E+01  3.274657E+01  -9.112362E+00  4.074263E+01
9.603834E+01  3.274288E+01  -9.093619E+00  4.075251E+01
9.603258E+01  3.273961E+01  -9.077329E+00  4.076124E+01
9.602677E+01  3.273618E+01  -9.059463E+00  4.077022E+01
9.602351E+01  3.273432E+01  -9.050107E+00  4.077515E+01
9.602030E+01  3.273245E+01  -9.040464E+00  4.078007E+01
9.601403E+01  3.272883E+01  -9.022104E+00  4.078962E+01
9.600766E+01  3.272516E+01  -9.003600E+00  4.079948E+01
9.599968E+01  3.272053E+01  -8.979619E+00  4.081156E+01
9.599269E+01  3.271650E+01  -8.959236E+00  4.082226E+01
9.598542E+01  3.271232E+01  -8.938082E+00  4.083331E+01
9.597828E+01  3.270821E+01  -8.917185E+00  4.084423E+01
9.596884E+01  3.270279E+01  -8.889816E+00  4.085860E+01
9.596461E+01  3.270030E+01  -8.876770E+00  4.086506E+01
9.596036E+01  3.269788E+01  -8.864706E+00  4.087153E+01
9.595199E+01  3.269306E+01  -8.840115E+00  4.088432E+01
9.594409E+01  3.268849E+01  -8.816859E+00  4.089627E+01
9.593555E+01  3.268354E+01  -8.791434E+00  4.090931E+01
9.592696E+01  3.267859E+01  -8.766284E+00  4.092231E+01
9.591786E+01  3.267334E+01  -8.739530E+00  4.093609E+01
9.591025E+01  3.266896E+01  -8.717208E+00  4.094778E+01
9.590336E+01  3.266498E+01  -8.696928E+00  4.095816E+01
9.589725E+01  3.266149E+01  -8.679413E+00  4.096740E+01
9.589085E+01  3.265777E+01  -8.660237E+00  4.097716E+01
9.588427E+01  3.265402E+01  -8.641421E+00  4.098715E+01
9.587752E+01  3.265010E+01  -8.621214E+00  4.099738E+01
9.587138E+01  3.264655E+01  -8.603128E+00  4.100674E+01
9.586423E+01  3.264243E+01  -8.582150E+00  4.101754E+01
9.585870E+01  3.263925E+01  -8.566029E+00  4.102589E+01
9.585318E+01  3.263608E+01  -8.549869E+00  4.103424E+01
9.584673E+01  3.263236E+01  -8.530930E+00  4.104402E+01
9.584029E+01  3.262867E+01  -8.512250E+00  4.105376E+01
9.583252E+01  3.262417E+01  -8.489113E+00  4.106544E+01
9.582540E+01  3.262007E+01  -8.468265E+00  4.107634E+01
9.582134E+01  3.261770E+01  -8.456028E+00  4.108238E+01
9.581741E+01  3.261544E+01  -8.444436E+00  4.108841E+01
9.581360E+01  3.261325E+01  -8.433311E+00  4.109407E+01
9.580985E+01  3.261109E+01  -8.422343E+00  4.109972E+01
9.580302E+01  3.260720E+01  -8.402779E+00  4.110997E+01
9.579954E+01  3.260517E+01  -8.392302E+00  4.111527E+01
9.579603E+01  3.260315E+01  -8.381961E+00  4.112057E+01
9.579115E+01  3.260029E+01  -8.367087E+00  4.112798E+01
9.578623E+01  3.259747E+01  -8.352886E+00  4.113539E+01
9.577892E+01  3.259330E+01  -8.331862E+00  4.114639E+01
9.577157E+01  3.258904E+01  -8.309873E+00  4.115742E+01
9.576252E+01  3.258385E+01  -8.283598E+00  4.117109E+01
9.575479E+01  3.257941E+01  -8.261035E+00  4.118269E+01
9.575108E+01  3.257724E+01  -8.249699E+00  4.118832E+01
9.574735E+01  3.257510E+01  -8.238901E+00  4.119395E+01
9.574078E+01  3.257133E+01  -8.219720E+00  4.120382E+01
9.573441E+01  3.256765E+01  -8.200855E+00  4.121342E+01
9.572769E+01  3.256375E+01  -8.180768E+00  4.122355E+01
9.572053E+01  3.255968E+01  -8.160253E+00  4.123424E+01
9.571686E+01  3.255755E+01  -8.149276E+00  4.123981E+01
9.571313E+01  3.255536E+01  -8.137844E+00  4.124537E+01
9.570594E+01  3.255126E+01  -8.117135E+00  4.125616E+01
9.570176E+01  3.254887E+01  -8.105080E+00  4.126245E+01
9.569756E+01  3.254645E+01  -8.092697E+00  4.126875E+01
9.569081E+01  3.254254E+01  -8.072605E+00  4.127882E+01
9.568623E+01  3.253988E+01  -8.058776E+00  4.128573E+01
9.568160E+01  3.253726E+01  -8.045790E+00  4.129264E+01
9.567415E+01  3.253297E+01  -8.023857E+00  4.130384E+01
9.566613E+01  3.252833E+01  -8.000047E+00  4.131587E+01
9.566199E+01  3.252597E+01  -7.988162E+00  4.132207E+01
9.565785E+01  3.252359E+01  -7.975993E+00  4.132827E+01
9.565206E+01  3.252025E+01  -7.958920E+00  4.133689E+01
9.564640E+01  3.251700E+01  -7.942331E+00  4.134539E+01
9.563808E+01  3.251221E+01  -7.917843E+00  4.135778E+01
9.563116E+01  3.250825E+01  -7.897774E+00  4.136819E+01
9.562384E+01  3.250403E+01  -7.876178E+00  4.137915E+01
9.561663E+01  3.249989E+01  -7.855045E+00  4.138987E+01
9.561179E+01  3.249713E+01  -7.841129E+00  4.139712E+01
9.560691E+01  3.249430E+01  -7.826381E+00  4.140438E+01
9.559929E+01  3.248991E+01  -7.803956E+00  4.141573E+01
9.559281E+01  3.248620E+01  -7.785141E+00  4.142546E+01
9.558596E+01  3.248223E+01  -7.764675E+00  4.143559E+01
9.557862E+01  3.247802E+01  -7.743189E+00  4.144663E+01
9.557367E+01  3.247518E+01  -7.728654E+00  4.145405E+01
9.556864E+01  3.247231E+01  -7.714216E+00  4.146147E+01
9.556314E+01  3.246912E+01  -7.697614E+00  4.146967E+01
9.555794E+01  3.246613E+01  -7.682433E+00  4.147739E+01
9.555149E+01  3.246243E+01  -7.663645E+00  4.148708E+01
9.554472E+01  3.245855E+01  -7.643891E+00  4.149704E+01
9.554078E+01  3.245629E+01  -7.632371E+00  4.150292E+01
9.553682E+01  3.245401E+01  -7.620652E+00  4.150879E+01
9.552988E+01  3.244999E+01  -7.599816E+00  4.151913E+01
9.552266E+01  3.244586E+01  -7.578853E+00  4.152992E+01
9.551466E+01  3.244129E+01  -7.555692E+00  4.154176E+01
9.550681E+01  3.243679E+01  -7.532752E+00  4.155341E+01
9.549983E+01  3.243275E+01  -7.511867E+00  4.156375E+01
9.549321E+01  3.242895E+01  -7.492451E+00  4.157359E+01
9.548395E+01  3.242366E+01  -7.465631E+00  4.158730E+01
9.547746E+01  3.241988E+01  -7.445940E+00  4.159702E+01
9.547089E+01  3.241610E+01  -7.426549E+00  4.160673E+01
9.546456E+01  3.241251E+01  -7.408461E+00  4.161601E+01
9.546048E+01  3.241017E+01  -7.396541E+00  4.162215E+01
9.545628E+01  3.240776E+01  -7.384244E+00  4.162828E+01
9.545280E+01  3.240573E+01  -7.373628E+00  4.163351E+01
9.544926E+01  3.240369E+01  -7.363128E+00  4.163874E+01
9.544263E+01  3.239993E+01  -7.344266E+00  4.164856E+01
9.543696E+01  3.239665E+01  -7.327384E+00  4.165691E+01
9.543135E+01  3.239342E+01  -7.310701E+00  4.166526E+01
9.542497E+01  3.238975E+01  -7.291979E+00  4.167468E+01
9.541710E+01  3.238525E+01  -7.269016E+00  4.168623E+01
9.541003E+01  3.238115E+01  -7.247789E+00  4.169674E+01
9.540324E+01  3.237727E+01  -7.228065E+00  4.170678E+01
9.539605E+01  3.237314E+01  -7.206891E+00  4.171741E+01
9.538998E+01  3.236964E+01  -7.188852E+00  4.172643E+01
9.538386E+01  3.236614E+01  -7.170996E+00  4.173538E+01
9.537848E+01  3.236308E+01  -7.155479E+00  4.174334E+01
9.537286E+01  3.235983E+01  -7.138751E+00  4.175160E+01
9.536663E+01  3.235624E+01  -7.120197E+00  4.176074E+01
9.536129E+01  3.235322E+01  -7.105012E+00  4.176857E+01
9.535562E+01  3.234992E+01  -7.087791E+00  4.177702E+01
9.535100E+01  3.234733E+01  -7.074973E+00  4.178372E+01
9.534647E+01  3.234469E+01  -7.061106E+00  4.179043E+01
9.533886E+01  3.234028E+01  -7.038268E+00  4.180168E+01
9.533133E+01  3.233602E+01  -7.017025E+00  4.181274E+01
9.532322E+01  3.233133E+01  -6.992645E+00  4.182480E+01
9.531583E+01  3.232714E+01  -6.971525E+00  4.183554E+01
9.531141E+01  3.232459E+01  -6.958361E+00  4.184199E+01
9.530696E+01  3.232205E+01  -6.945339E+00  4.184845E+01
9.530392E+01  3.232031E+01  -6.936559E+00  4.185298E+01
9.530089E+01  3.231857E+01  -6.927571E+00  4.185751E+01
9.529374E+01  3.231445E+01  -6.906372E+00  4.186791E+01
9.528889E+01  3.231168E+01  -6.892322E+00  4.187509E+01
9.528402E+01  3.230886E+01  -6.877566E+00  4.188226E+01
9.527830E+01  3.230560E+01  -6.860987E+00  4.189067E+01
9.527472E+01  3.230356E+01  -6.850664E+00  4.189585E+01
9.527117E+01  3.230152E+01  -6.840112E+00  4.190104E+01
9.526473E+01  3.229782E+01  -6.821113E+00  4.191046E+01
9.525788E+01  3.229388E+01  -6.800812E+00  4.192063E+01
9.525073E+01  3.228976E+01  -6.779630E+00  4.193100E+01
9.524349E+01  3.228565E+01  -6.758817E+00  4.194152E+01
9.523484E+01  3.228068E+01  -6.733292E+00  4.195419E+01
9.522667E+01  3.227597E+01  -6.708909E+00  4.196630E+01
9.522262E+01  3.227365E+01  -6.697064E+00  4.197226E+01
9.521844E+01  3.227129E+01  -6.685064E+00  4.197822E+01
9.521308E+01  3.226822E+01  -6.669389E+00  4.198611E+01
9.520597E+01  3.226413E+01  -6.648333E+00  4.199647E+01
9.519958E+01  3.226047E+01  -6.629671E+00  4.200588E+01
9.519315E+01  3.225679E+01  -6.610694E+00  4.201522E+01
9.518703E+01  3.225332E+01  -6.593194E+00  4.202413E+01
9.518123E+01  3.224994E+01  -6.575481E+00  4.203260E+01
9.517603E+01  3.224697E+01  -6.560293E+00  4.204023E+01
9.516751E+01  3.224211E+01  -6.535592E+00  4.205265E+01
9.515834E+01  3.223684E+01  -6.508392E+00  4.206599E+01
9.514978E+01  3.223196E+01  -6.483524E+00  4.207852E+01
9.514548E+01  3.222947E+01  -6.470569E+00  4.208475E+01
9.514118E+01  3.222705E+01  -6.458432E+00  4.209098E+01
9.513244E+01  3.222202E+01  -6.432374E+00  4.210371E+01
9.512372E+01  3.221702E+01  -6.406752E+00  4.211644E+01
9.511879E+01  3.221419E+01  -6.392148E+00  4.212359E+01
9.511389E+01  3.221136E+01  -6.377436E+00  4.213074E+01
9.510824E+01  3.220817E+01  -6.361386E+00  4.213894E+01
9.510299E+01  3.220518E+01  -6.346156E+00  4.214650E+01
9.509778E+01  3.220217E+01  -6.330485E+00  4.215406E+01
9.509093E+01  3.219822E+01  -6.310010E+00  4.216411E+01
9.508378E+01  3.219417E+01  -6.289593E+00  4.217439E+01
9.507757E+01  3.219063E+01  -6.271480E+00  4.218353E+01
9.507117E+01  3.218696E+01  -6.252527E+00  4.219269E+01
9.506480E+01  3.218328E+01  -6.233428E+00  4.220204E+01
9.506128E+01  3.218125E+01  -6.222896E+00  4.220716E+01
9.505774E+01  3.217927E+01  -6.213044E+00  4.221228E+01
9.505202E+01  3.217600E+01  -6.196347E+00  4.222053E+01
9.504658E+01  3.217286E+01  -6.179963E+00  4.222843E+01
9.504130E+01  3.216983E+01  -6.164298E+00  4.223603E+01
9.503502E+01  3.216627E+01  -6.146399E+00  4.224513E+01
9.503162E+01  3.216433E+01  -6.136317E+00  4.225011E+01
9.502819E+01  3.216234E+01  -6.125828E+00  4.225509E+01
9.502314E+01  3.215946E+01  -6.111112E+00  4.226241E+01
9.501770E+01  3.215632E+01  -6.094894E+00  4.227027E+01
9.501106E+01  3.215252E+01  -6.075276E+00  4.227993E+01
9.500778E+01  3.215066E+01  -6.065805E+00  4.228463E+01
9.500453E+01  3.214880E+01  -6.056344E+00  4.228933E+01
9.499708E+01  3.214452E+01  -6.034155E+00  4.230010E+01
9.499357E+01  3.214250E+01  -6.023737E+00  4.230523E+01
9.499001E+01  3.214047E+01  -6.013313E+00  4.231035E+01
9.498432E+01  3.213721E+01  -5.996620E+00  4.231855E+01
9.497879E+01  3.213412E+01  -5.981152E+00  4.232644E+01
9.497322E+01  3.213092E+01  -5.964624E+00  4.233454E+01
9.496793E+01  3.212789E+01  -5.949057E+00  4.234212E+01
9.496209E+01  3.212454E+01  -5.931694E+00  4.235061E+01
9.495601E+01  3.212104E+01  -5.913549E+00  4.235935E+01
9.495061E+01  3.211794E+01  -5.897533E+00  4.236727E+01
9.494521E+01  3.211487E+01  -5.881863E+00  4.237495E+01
9.493997E+01  3.211189E+01  -5.866666E+00  4.238251E+01
9.493165E+01  3.210713E+01  -5.842227E+00  4.239454E+01
9.492349E+01  3.210245E+01  -5.817961E+00  4.240624E+01
9.491554E+01  3.209790E+01  -5.794546E+00  4.241769E+01
9.490886E+01  3.209409E+01  -5.775114E+00  4.242736E+01
9.490192E+01  3.209012E+01  -5.754593E+00  4.243738E+01
9.489354E+01  3.208532E+01  -5.729745E+00  4.244942E+01
9.488530E+01  3.208065E+01  -5.706152E+00  4.246124E+01
9.488064E+01  3.207796E+01  -5.691934E+00  4.246797E+01
9.487595E+01  3.207532E+01  -5.678723E+00  4.247469E+01
9.487055E+01  3.207222E+01  -5.662610E+00  4.248243E+01
9.486561E+01  3.206936E+01  -5.647707E+00  4.248952E+01
9.486024E+01  3.206632E+01  -5.632246E+00  4.249731E+01
9.485716E+01  3.206458E+01  -5.623457E+00  4.250161E+01
9.485415E+01  3.206282E+01  -5.614166E+00  4.250592E+01
9.484901E+01  3.205993E+01  -5.599423E+00  4.251340E+01
9.484292E+01  3.205638E+01  -5.580770E+00  4.252213E+01
9.483696E+01  3.205300E+01  -5.563538E+00  4.253068E+01
9.483149E+01  3.204986E+01  -5.547292E+00  4.253848E+01
9.482675E+01  3.204718E+01  -5.533707E+00  4.254528E+01
9.482166E+01  3.204427E+01  -5.518667E+00  4.255249E+01
9.481631E+01  3.204126E+01  -5.503497E+00  4.256023E+01
9.480945E+01  3.203730E+01  -5.482864E+00  4.257004E+01
9.480095E+01  3.203250E+01  -5.458522E+00  4.258224E+01
9.479573E+01  3.202949E+01  -5.442865E+00  4.258960E+01
9.479067E+01  3.202660E+01  -5.427855E+00  4.259696E+01
9.478457E+01  3.202309E+01  -5.409675E+00  4.260564E+01
9.477853E+01  3.201964E+01  -5.391856E+00  4.261434E+01
9.477215E+01  3.201601E+01  -5.373185E+00  4.262343E+01
9.476613E+01  3.201256E+01  -5.355440E+00  4.263200E+01
9.476039E+01  3.200930E+01  -5.338743E+00  4.264024E+01
9.475445E+01  3.200590E+01  -5.321158E+00  4.264879E+01
9.474570E+01  3.200091E+01  -5.295411E+00  4.266124E+01
9.474136E+01  3.199845E+01  -5.282883E+00  4.266739E+01
9.473710E+01  3.199596E+01  -5.269530E+00  4.267355E+01
9.473157E+01  3.199283E+01  -5.253645E+00  4.268133E+01
9.472539E+01  3.198931E+01  -5.235633E+00  4.269025E+01
9.472133E+01  3.198697E+01  -5.223358E+00  4.269604E+01
9.471728E+01  3.198468E+01  -5.211758E+00  4.270184E+01
9.471145E+01  3.198136E+01  -5.194659E+00  4.271009E+01
9.470649E+01  3.197858E+01  -5.180701E+00  4.271711E+01
9.470128E+01  3.197555E+01  -5.164655E+00  4.272455E+01
9.469665E+01  3.197292E+01  -5.151235E+00  4.273124E+01
9.469070E+01  3.196954E+01  -5.133787E+00  4.273974E+01
9.468483E+01  3.196617E+01  -5.116399E+00  4.274805E+01
9.467915E+01  3.196296E+01  -5.099939E+00  4.275610E+01
9.467311E+01  3.195953E+01  -5.082364E+00  4.276471E+01
9.466701E+01  3.195604E+01  -5.064410E+00  4.277334E+01
9.466170E+01  3.195298E+01  -5.048336E+00  4.278094E+01
9.465662E+01  3.195011E+01  -5.033763E+00  4.278814E+01
9.465124E+01  3.194704E+01  -5.017961E+00  4.279582E+01
9.464525E+01  3.194363E+01  -5.000446E+00  4.280426E+01
9.463942E+01  3.194029E+01  -4.982954E+00  4.281258E+01
9.463653E+01  3.193866E+01  -4.974807E+00  4.281666E+01
9.463368E+01  3.193703E+01  -4.966351E+00  4.282075E+01
9.462873E+01  3.193422E+01  -4.951923E+00  4.282778E+01
9.462101E+01  3.192983E+01  -4.929332E+00  4.283870E+01
9.461417E+01  3.192590E+01  -4.908846E+00  4.284848E+01
9.461099E+01  3.192411E+01  -4.899795E+00  4.285299E+01
9.460781E+01  3.192226E+01  -4.890006E+00  4.285749E+01
9.460230E+01  3.191914E+01  -4.874025E+00  4.286526E+01
9.459688E+01  3.191607E+01  -4.858428E+00  4.287297E+01
9.459182E+01  3.191317E+01  -4.843333E+00  4.288014E+01
9.458723E+01  3.191053E+01  -4.829425E+00  4.288664E+01
9.458271E+01  3.190798E+01  -4.816455E+00  4.289301E+01
9.457528E+01  3.190374E+01  -4.794626E+00  4.290354E+01
9.456816E+01  3.189967E+01  -4.773532E+00  4.291366E+01
9.456288E+01  3.189667E+01  -4.758149E+00  4.292112E+01
9.455758E+01  3.189366E+01  -4.742603E+00  4.292858E+01
9.455313E+01  3.189111E+01  -4.729283E+00  4.293497E+01
9.454858E+01  3.188852E+01  -4.715971E+00  4.294137E+01
9.454239E+01  3.188497E+01  -4.697496E+00  4.295011E+01
9.453579E+01  3.188124E+01  -4.678355E+00  4.295947E+01
9.452840E+01  3.187705E+01  -4.656983E+00  4.296985E+01
9.452116E+01  3.187287E+01  -4.635001E+00  4.298009E+01
9.451794E+01  3.187105E+01  -4.625629E+00  4.298474E+01
9.451460E+01  3.186916E+01  -4.615971E+00  4.298939E+01
9.450946E+01  3.186623E+01  -4.600850E+00  4.299665E+01
9.450585E+01  3.186417E+01  -4.590229E+00  4.300167E+01
9.450235E+01  3.186221E+01  -4.580378E+00  4.300670E+01
9.449712E+01  3.185918E+01  -4.564337E+00  4.301407E+01
9.449261E+01  3.185665E+01  -4.551529E+00  4.302044E+01
9.448721E+01  3.185354E+01  -4.535223E+00  4.302804E+01
9.448235E+01  3.185082E+01  -4.521455E+00  4.303493E+01
9.447922E+01  3.184904E+01  -4.512375E+00  4.303934E+01
9.447603E+01  3.184725E+01  -4.503189E+00  4.304376E+01
9.447042E+01  3.184399E+01  -4.486016E+00  4.305174E+01
9.446503E+01  3.184092E+01  -4.470027E+00  4.305929E+01
9.445963E+01  3.183789E+01  -4.454710E+00  4.306690E+01
9.445380E+01  3.183455E+01  -4.437373E+00  4.307516E+01
9.444827E+01  3.183142E+01  -4.421355E+00  4.308286E+01
9.444555E+01  3.182987E+01  -4.413199E+00  4.308678E+01
9.444273E+01  3.182826E+01  -4.404914E+00  4.309070E+01
9.443578E+01  3.182430E+01  -4.384471E+00  4.310053E+01
9.443224E+01  3.182227E+01  -4.373926E+00  4.310551E+01
9.442865E+01  3.182024E+01  -4.363420E+00  4.311050E+01
9.442216E+01  3.181656E+01  -4.344492E+00  4.311963E+01
9.441642E+01  3.181330E+01  -4.327711E+00  4.312773E+01
9.441067E+01  3.181001E+01  -4.310544E+00  4.313582E+01
9.440492E+01  3.180677E+01  -4.294096E+00  4.314386E+01
9.439970E+01  3.180375E+01  -4.278104E+00  4.315123E+01
9.439491E+01  3.180102E+01  -4.263967E+00  4.315796E+01
9.438985E+01  3.179817E+01  -4.249512E+00  4.316504E+01
9.438631E+01  3.179615E+01  -4.238909E+00  4.317001E+01
9.438278E+01  3.179414E+01  -4.228484E+00  4.317498E+01
9.437902E+01  3.179199E+01  -4.217443E+00  4.318027E+01
9.437520E+01  3.178983E+01  -4.206254E+00  4.318557E+01
9.437041E+01  3.178711E+01  -4.192250E+00  4.319233E+01
9.436547E+01  3.178426E+01  -4.177291E+00  4.319928E+01
9.436009E+01  3.178120E+01  -4.161402E+00  4.320688E+01
9.435452E+01  3.177808E+01  -4.145631E+00  4.321453E+01
9.434899E+01  3.177496E+01  -4.129536E+00  4.322238E+01
9.434367E+01  3.177191E+01  -4.113808E+00  4.322979E+01
9.433866E+01  3.176903E+01  -4.098605E+00  4.323686E+01
9.433317E+01  3.176596E+01  -4.083075E+00  4.324453E+01
9.432853E+01  3.176329E+01  -4.069013E+00  4.325095E+01
9.432396E+01  3.176070E+01  -4.055751E+00  4.325737E+01
9.431907E+01  3.175793E+01  -4.041483E+00  4.326428E+01
9.431406E+01  3.175511E+01  -4.027051E+00  4.327120E+01
9.430874E+01  3.175208E+01  -4.011328E+00  4.327868E+01
9.430348E+01  3.174906E+01  -3.995478E+00  4.328609E+01
9.429810E+01  3.174599E+01  -3.979544E+00  4.329364E+01
9.429142E+01  3.174220E+01  -3.959996E+00  4.330290E+01
9.428589E+01  3.173907E+01  -3.943841E+00  4.331068E+01
9.428053E+01  3.173605E+01  -3.928474E+00  4.331808E+01
9.427531E+01  3.173300E+01  -3.912210E+00  4.332548E+01
9.427086E+01  3.173051E+01  -3.899399E+00  4.333165E+01
9.426606E+01  3.172776E+01  -3.885110E+00  4.333835E+01
9.426099E+01  3.172486E+01  -3.869968E+00  4.334548E+01
9.425607E+01  3.172213E+01  -3.856224E+00  4.335231E+01
9.425073E+01  3.171911E+01  -3.840713E+00  4.335972E+01
9.424501E+01  3.171586E+01  -3.823768E+00  4.336769E+01
9.423880E+01  3.171234E+01  -3.805717E+00  4.337634E+01
9.423202E+01  3.170845E+01  -3.785456E+00  4.338585E+01
9.422889E+01  3.170672E+01  -3.776737E+00  4.339020E+01
9.422576E+01  3.170495E+01  -3.767586E+00  4.339455E+01
9.422092E+01  3.170213E+01  -3.752477E+00  4.340138E+01
9.421626E+01  3.169949E+01  -3.738945E+00  4.340774E+01
9.421119E+01  3.169659E+01  -3.723787E+00  4.341482E+01
9.420655E+01  3.169398E+01  -3.710504E+00  4.342130E+01
9.420162E+01  3.169119E+01  -3.695938E+00  4.342818E+01
9.419648E+01  3.168828E+01  -3.681095E+00  4.343534E+01
9.419199E+01  3.168569E+01  -3.667246E+00  4.344159E+01
9.418794E+01  3.168345E+01  -3.656086E+00  4.344731E+01
9.418468E+01  3.168157E+01  -3.646341E+00  4.345183E+01
9.418137E+01  3.167967E+01  -3.636185E+00  4.345635E+01
9.417663E+01  3.167701E+01  -3.622729E+00  4.346291E+01
9.417110E+01  3.167386E+01  -3.606390E+00  4.347061E+01
9.416533E+01  3.167059E+01  -3.589415E+00  4.347864E+01
9.416018E+01  3.166762E+01  -3.573646E+00  4.348587E+01
9.415512E+01  3.166478E+01  -3.559128E+00  4.349277E+01
9.414989E+01  3.166179E+01  -3.543599E+00  4.350009E+01
9.414544E+01  3.165929E+01  -3.530748E+00  4.350637E+01
9.414062E+01  3.165660E+01  -3.517246E+00  4.351299E+01
9.413563E+01  3.165371E+01  -3.501817E+00  4.351992E+01
9.412958E+01  3.165025E+01  -3.483694E+00  4.352831E+01
9.412423E+01  3.164728E+01  -3.468689E+00  4.353578E+01
9.411814E+01  3.164377E+01  -3.450220E+00  4.354422E+01
9.411255E+01  3.164061E+01  -3.433827E+00  4.355191E+01
9.410745E+01  3.163769E+01  -3.418542E+00  4.355903E+01
9.410235E+01  3.163485E+01  -3.404093E+00  4.356605E+01
9.409560E+01  3.163099E+01  -3.383925E+00  4.357537E+01
9.408948E+01  3.162754E+01  -3.366339E+00  4.358385E+01
9.408638E+01  3.162579E+01  -3.357273E+00  4.358824E+01
9.408315E+01  3.162395E+01  -3.347695E+00  4.359263E+01
9.407878E+01  3.162149E+01  -3.334958E+00  4.359873E+01
9.407325E+01  3.161830E+01  -3.318074E+00  4.360635E+01
9.406824E+01  3.161555E+01  -3.304552E+00  4.361330E+01
9.406559E+01  3.161402E+01  -3.296403E+00  4.361691E+01
9.406300E+01  3.161256E+01  -3.288928E+00  4.362052E+01
9.405772E+01  3.160951E+01  -3.272736E+00  4.362783E+01
9.405263E+01  3.160665E+01  -3.258109E+00  4.363492E+01
9.404735E+01  3.160365E+01  -3.242487E+00  4.364224E+01
9.404221E+01  3.160077E+01  -3.227820E+00  4.364921E+01
9.403673E+01  3.159763E+01  -3.211218E+00  4.365693E+01
9.403168E+01  3.159477E+01  -3.196429E+00  4.366387E+01
9.402656E+01  3.159185E+01  -3.181162E+00  4.367091E+01
9.402172E+01  3.158910E+01  -3.166834E+00  4.367764E+01
9.401696E+01  3.158644E+01  -3.153357E+00  4.368417E+01
9.401205E+01  3.158362E+01  -3.138461E+00  4.369096E+01
9.400604E+01  3.158028E+01  -3.121537E+00  4.369927E+01
9.400340E+01  3.157872E+01  -3.113102E+00  4.370288E+01
9.400082E+01  3.157727E+01  -3.105591E+00  4.370648E+01
9.399654E+01  3.157482E+01  -3.092696E+00  4.371236E+01
9.399249E+01  3.157252E+01  -3.080700E+00  4.371790E+01
9.398779E+01  3.156993E+01  -3.067851E+00  4.372441E+01
9.398240E+01  3.156687E+01  -3.051898E+00  4.373182E+01
9.397767E+01  3.156416E+01  -3.037746E+00  4.373836E+01
9.397318E+01  3.156164E+01  -3.024877E+00  4.374453E+01
9.396846E+01  3.155897E+01  -3.010934E+00  4.375104E+01
9.396303E+01  3.155588E+01  -2.994815E+00  4.375854E+01
9.395764E+01  3.155284E+01  -2.979166E+00  4.376589E+01
9.395223E+01  3.154975E+01  -2.962989E+00  4.377337E+01
9.394879E+01  3.154779E+01  -2.952735E+00  4.377814E+01
9.394538E+01  3.154583E+01  -2.942290E+00  4.378291E+01
9.394039E+01  3.154308E+01  -2.928640E+00  4.378975E+01
9.393576E+01  3.154043E+01  -2.914693E+00  4.379603E+01
9.393183E+01  3.153817E+01  -2.902614E+00  4.380153E+01
9.392748E+01  3.153575E+01  -2.890448E+00  4.380741E+01
9.392286E+01  3.153312E+01  -2.876796E+00  4.381374E+01
9.391790E+01  3.153032E+01  -2.862178E+00  4.382066E+01
9.391314E+01  3.152761E+01  -2.848074E+00  4.382712E+01
9.390878E+01  3.152512E+01  -2.834926E+00  4.383313E+01
9.390443E+01  3.152272E+01  -2.822982E+00  4.383912E+01
9.390180E+01  3.152119E+01  -2.814667E+00  4.384279E+01
9.389906E+01  3.151966E+01  -2.806990E+00  4.384646E+01
9.389420E+01  3.151690E+01  -2.792605E+00  4.385318E+01
9.388965E+01  3.151430E+01  -2.778860E+00  4.385947E+01
9.388578E+01  3.151212E+01  -2.767655E+00  4.386473E+01
9.388182E+01  3.150988E+01  -2.756019E+00  4.387016E+01
9.387742E+01  3.150739E+01  -2.743027E+00  4.387622E+01
9.387301E+01  3.150490E+01  -2.730224E+00  4.388235E+01
9.386837E+01  3.150227E+01  -2.716515E+00  4.388860E+01
9.386415E+01  3.149983E+01  -2.703502E+00  4.389446E+01
9.385990E+01  3.149742E+01  -2.690941E+00  4.390025E+01
9.385555E+01  3.149500E+01  -2.678659E+00  4.390624E+01
9.385012E+01  3.149191E+01  -2.662556E+00  4.391365E+01
9.384538E+01  3.148926E+01  -2.648931E+00  4.392014E+01
9.384067E+01  3.148662E+01  -2.635537E+00  4.392663E+01
9.383614E+01  3.148406E+01  -2.622132E+00  4.393283E+01
9.383181E+01  3.148157E+01  -2.609036E+00  4.393870E+01
9.382756E+01  3.147915E+01  -2.596323E+00  4.394465E+01
9.382289E+01  3.147652E+01  -2.582617E+00  4.395099E+01
9.381817E+01  3.147388E+01  -2.569147E+00  4.395747E+01
9.381297E+01  3.147090E+01  -2.553493E+00  4.396457E+01
9.380759E+01  3.146786E+01  -2.537713E+00  4.397191E+01
9.380291E+01  3.146518E+01  -2.523514E+00  4.397831E+01
9.379845E+01  3.146270E+01  -2.510943E+00  4.398442E+01
9.379348E+01  3.145989E+01  -2.496368E+00  4.399122E+01
9.379054E+01  3.145821E+01  -2.487602E+00  4.399523E+01
9.378759E+01  3.145655E+01  -2.478934E+00  4.399925E+01
9.378345E+01  3.145427E+01  -2.467575E+00  4.400494E+01
9.378075E+01  3.145266E+01  -2.458526E+00  4.400863E+01
9.377801E+01  3.145113E+01  -2.450731E+00  4.401232E+01
9.377351E+01  3.144862E+01  -2.437979E+00  4.401845E+01
9.376894E+01  3.144600E+01  -2.424123E+00  4.402472E+01
9.376444E+01  3.144343E+01  -2.410605E+00  4.403088E+01
9.375920E+01  3.144052E+01  -2.395860E+00  4.403805E+01
9.375673E+01  3.143907E+01  -2.387795E+00  4.404143E+01
9.375424E+01  3.143770E+01  -2.381007E+00  4.404481E+01
9.374962E+01  3.143504E+01  -2.366864E+00  4.405114E+01
9.374556E+01  3.143273E+01  -2.354779E+00  4.405668E+01
9.374132E+01  3.143040E+01  -2.343063E+00  4.406243E+01
9.373671E+01  3.142783E+01  -2.329973E+00  4.406873E+01
9.373186E+01  3.142497E+01  -2.314246E+00  4.407535E+01
9.372759E+01  3.142262E+01  -2.302485E+00  4.408112E+01
9.372315E+01  3.142017E+01  -2.290261E+00  4.408719E+01
9.371864E+01  3.141759E+01  -2.276547E+00  4.409336E+01
9.371400E+01  3.141494E+01  -2.262557E+00  4.409963E+01
9.370985E+01  3.141258E+01  -2.250236E+00  4.410530E+01
9.370599E+01  3.141041E+01  -2.239060E+00  4.411057E+01
9.370204E+01  3.140825E+01  -2.228345E+00  4.411600E+01
9.369893E+01  3.140645E+01  -2.218612E+00  4.412018E+01
9.369587E+01  3.140471E+01  -2.209673E+00  4.412437E+01
9.369007E+01  3.140137E+01  -2.191722E+00  4.413230E+01
9.368508E+01  3.139862E+01  -2.177837E+00  4.413909E+01
9.368006E+01  3.139577E+01  -2.163001E+00  4.414594E+01
9.367542E+01  3.139312E+01  -2.148968E+00  4.415225E+01
9.367068E+01  3.139053E+01  -2.136239E+00  4.415862E+01
9.366818E+01  3.138905E+01  -2.128019E+00  4.416201E+01
9.366575E+01  3.138767E+01  -2.120752E+00  4.416541E+01
9.366168E+01  3.138540E+01  -2.109219E+00  4.417089E+01
9.365757E+01  3.138302E+01  -2.096278E+00  4.417649E+01
9.365347E+01  3.138075E+01  -2.084841E+00  4.418210E+01
9.365099E+01  3.137942E+01  -2.078454E+00  4.418543E+01
9.364857E+01  3.137797E+01  -2.070303E+00  4.418875E+01
9.364505E+01  3.137594E+01  -2.059440E+00  4.419356E+01
9.364111E+01  3.137380E+01  -2.048935E+00  4.419887E+01
9.363690E+01  3.137144E+01  -2.036706E+00  4.420454E+01
9.363273E+01  3.136900E+01  -2.023509E+00  4.421022E+01
9.362871E+01  3.136680E+01  -2.012557E+00  4.421566E+01
9.362425E+01  3.136425E+01  -1.998993E+00  4.422180E+01
9.362019E+01  3.136201E+01  -1.987820E+00  4.422728E+01
9.361751E+01  3.136042E+01  -1.978903E+00  4.423089E+01
9.361487E+01  3.135901E+01  -1.972114E+00  4.423450E+01
9.361253E+01  3.135761E+01  -1.964384E+00  4.423770E+01
9.361013E+01  3.135619E+01  -1.956509E+00  4.424091E+01
9.360625E+01  3.135407E+01  -1.945999E+00  4.424619E+01
9.360111E+01  3.135119E+01  -1.931032E+00  4.425317E+01
9.359663E+01  3.134872E+01  -1.918723E+00  4.425918E+01
9.359434E+01  3.134729E+01  -1.910242E+00  4.426238E+01
9.359202E+01  3.134597E+01  -1.903284E+00  4.426557E+01
9.358809E+01  3.134387E+01  -1.893238E+00  4.427082E+01
9.358303E+01  3.134098E+01  -1.878002E+00  4.427769E+01
9.357878E+01  3.133849E+01  -1.864332E+00  4.428348E+01
9.357496E+01  3.133642E+01  -1.854207E+00  4.428864E+01
9.357253E+01  3.133500E+01  -1.846401E+00  4.429188E+01
9.357017E+01  3.133370E+01  -1.839841E+00  4.429512E+01
9.356572E+01  3.133115E+01  -1.826273E+00  4.430113E+01
9.356179E+01  3.132892E+01  -1.814584E+00  4.430641E+01
9.355763E+01  3.132665E+01  -1.803317E+00  4.431206E+01
9.355287E+01  3.132388E+01  -1.788289E+00  4.431853E+01
9.354889E+01  3.132162E+01  -1.776430E+00  4.432397E+01
9.354445E+01  3.131919E+01  -1.764366E+00  4.432993E+01
9.354220E+01  3.131789E+01  -1.757442E+00  4.433292E+01
9.354002E+01  3.131667E+01  -1.751019E+00  4.433591E+01
9.353592E+01  3.131437E+01  -1.739294E+00  4.434143E+01
9.353165E+01  3.131193E+01  -1.726253E+00  4.434725E+01
9.352794E+01  3.130989E+01  -1.715959E+00  4.435220E+01
9.352397E+01  3.130760E+01  -1.703776E+00  4.435760E+01
9.351956E+01  3.130516E+01  -1.691350E+00  4.436357E+01
9.351492E+01  3.130254E+01  -1.677679E+00  4.436985E+01
9.351086E+01  3.130024E+01  -1.665588E+00  4.437540E+01
9.350674E+01  3.129786E+01  -1.652835E+00  4.438092E+01
9.350238E+01  3.129549E+01  -1.641188E+00  4.438682E+01
9.349691E+01  3.129236E+01  -1.624468E+00  4.439417E+01
9.349367E+01  3.129053E+01  -1.614929E+00  4.439851E+01
9.349051E+01  3.128873E+01  -1.605432E+00  4.440285E+01
9.348647E+01  3.128641E+01  -1.593071E+00  4.440827E+01
9.348217E+01  3.128397E+01  -1.580158E+00  4.441407E+01
9.347822E+01  3.128187E+01  -1.570346E+00  4.441943E+01
9.347572E+01  3.128038E+01  -1.561841E+00  4.442282E+01
9.347320E+01  3.127893E+01  -1.554093E+00  4.442621E+01
9.346906E+01  3.127659E+01  -1.541838E+00  4.443177E+01
9.346512E+01  3.127440E+01  -1.530623E+00  4.443711E+01
9.346089E+01  3.127207E+01  -1.519013E+00  4.444277E+01
9.345841E+01  3.127070E+01  -1.512020E+00  4.444611E+01
9.345596E+01  3.126928E+01  -1.504278E+00  4.444946E+01
9.345231E+01  3.126724E+01  -1.493780E+00  4.445434E+01
9.344839E+01  3.126501E+01  -1.482067E+00  4.445966E+01
9.344455E+01  3.126281E+01  -1.470314E+00  4.446484E+01
9.344057E+01  3.126051E+01  -1.457898E+00  4.447018E+01
9.343675E+01  3.125839E+01  -1.447042E+00  4.447537E+01
9.343212E+01  3.125580E+01  -1.433764E+00  4.448157E+01
9.342760E+01  3.125323E+01  -1.420236E+00  4.448768E+01
9.342324E+01  3.125080E+01  -1.407687E+00  4.449353E+01
9.341899E+01  3.124843E+01  -1.395631E+00  4.449932E+01
9.341445E+01  3.124589E+01  -1.382389E+00  4.450532E+01
9.341069E+01  3.124376E+01  -1.371248E+00  4.451044E+01
9.340686E+01  3.124150E+01  -1.358785E+00  4.451556E+01
9.340350E+01  3.123963E+01  -1.349180E+00  4.452009E+01
9.339890E+01  3.123710E+01  -1.336453E+00  4.452626E+01
9.339494E+01  3.123490E+01  -1.325194E+00  4.453169E+01
9.339083E+01  3.123254E+01  -1.312544E+00  4.453710E+01
9.338726E+01  3.123042E+01  -1.300629E+00  4.454199E+01
9.338364E+01  3.122847E+01  -1.291177E+00  4.454680E+01
9.337934E+01  3.122614E+01  -1.279765E+00  4.455252E+01
9.337721E+01  3.122489E+01  -1.272820E+00  4.455534E+01
9.337521E+01  3.122372E+01  -1.266420E+00  4.455815E+01
9.337150E+01  3.122163E+01  -1.255475E+00  4.456310E+01
9.336773E+01  3.121950E+01  -1.244314E+00  4.456820E+01
9.336403E+01  3.121741E+01  -1.233428E+00  4.457318E+01
9.336034E+01  3.121542E+01  -1.223589E+00  4.457816E+01
9.335808E+01  3.121405E+01  -1.215779E+00  4.458118E+01
9.335586E+01  3.121274E+01  -1.208562E+00  4.458419E+01
9.335248E+01  3.121091E+01  -1.199604E+00  4.458868E+01
9.335010E+01  3.120958E+01  -1.192737E+00  4.459183E+01
9.334781E+01  3.120827E+01  -1.185747E+00  4.459499E+01
9.334416E+01  3.120627E+01  -1.175657E+00  4.459982E+01
9.334039E+01  3.120400E+01  -1.162602E+00  4.460498E+01
9.333688E+01  3.120219E+01  -1.154502E+00  4.460957E+01
9.333442E+01  3.120079E+01  -1.147125E+00  4.461289E+01
9.333195E+01  3.119934E+01  -1.139174E+00  4.461621E+01
9.332875E+01  3.119758E+01  -1.130209E+00  4.462045E+01
9.332518E+01  3.119556E+01  -1.119639E+00  4.462527E+01
9.332164E+01  3.119347E+01  -1.108053E+00  4.463008E+01
9.331813E+01  3.119156E+01  -1.098476E+00  4.463477E+01
9.331390E+01  3.118914E+01  -1.085676E+00  4.464042E+01
9.330994E+01  3.118700E+01  -1.075174E+00  4.464567E+01
9.330573E+01  3.118460E+01  -1.062406E+00  4.465132E+01
9.330211E+01  3.118253E+01  -1.051312E+00  4.465622E+01
9.329791E+01  3.118016E+01  -1.038847E+00  4.466186E+01
9.329360E+01  3.117776E+01  -1.026627E+00  4.466765E+01
9.328972E+01  3.117555E+01  -1.014929E+00  4.467281E+01
9.328636E+01  3.117369E+01  -1.005380E+00  4.467730E+01
9.328276E+01  3.117156E+01  -9.935072E-01  4.468209E+01
9.327953E+01  3.116988E+01  -9.857293E-01  4.468638E+01
9.327510E+01  3.116744E+01  -9.733369E-01  4.469240E+01
9.327317E+01  3.116625E+01  -9.663719E-01  4.469502E+01
9.327123E+01  3.116514E+01  -9.605001E-01  4.469763E+01
9.326747E+01  3.116302E+01  -9.493578E-01  4.470255E+01
9.326362E+01  3.116085E+01  -9.380518E-01  4.470773E+01
9.325921E+01  3.115842E+01  -9.257701E-01  4.471356E+01
9.325543E+01  3.115622E+01  -9.137592E-01  4.471877E+01
9.325196E+01  3.115421E+01  -9.027700E-01  4.472346E+01
9.324839E+01  3.115228E+01  -8.932964E-01  4.472807E+01
9.324424E+01  3.114993E+01  -8.808391E-01  4.473365E+01
9.323935E+01  3.114726E+01  -8.675938E-01  4.474016E+01
9.323525E+01  3.114491E+01  -8.549994E-01  4.474568E+01
9.323165E+01  3.114291E+01  -8.446502E-01  4.475053E+01
9.322702E+01  3.114028E+01  -8.307307E-01  4.475662E+01
9.322322E+01  3.113813E+01  -8.194989E-01  4.476173E+01
9.321972E+01  3.113621E+01  -8.097152E-01  4.476642E+01
9.321606E+01  3.113405E+01  -7.977378E-01  4.477135E+01
9.321274E+01  3.113223E+01  -7.885358E-01  4.477572E+01
9.320886E+01  3.113011E+01  -7.779629E-01  4.478082E+01
9.320500E+01  3.112796E+01  -7.669643E-01  4.478600E+01
9.320298E+01  3.112682E+01  -7.609282E-01  4.478872E+01
9.320097E+01  3.112560E+01  -7.538781E-01  4.479144E+01
9.319789E+01  3.112380E+01  -7.439979E-01  4.479560E+01
9.319444E+01  3.112195E+01  -7.349604E-01  4.480018E+01
9.319012E+01  3.111954E+01  -7.225871E-01  4.480595E+01
9.318611E+01  3.111734E+01  -7.115575E-01  4.481120E+01
9.318254E+01  3.111521E+01  -6.994199E-01  4.481605E+01
9.317946E+01  3.111355E+01  -6.913371E-01  4.482011E+01
9.317739E+01  3.111242E+01  -6.856534E-01  4.482286E+01
9.317537E+01  3.111119E+01  -6.785177E-01  4.482560E+01
9.317235E+01  3.110951E+01  -6.697948E-01  4.482963E+01
9.316878E+01  3.110749E+01  -6.592156E-01  4.483441E+01
9.316531E+01  3.110545E+01  -6.479552E-01  4.483908E+01
9.316181E+01  3.110364E+01  -6.396118E-01  4.484366E+01
9.315947E+01  3.110222E+01  -6.314581E-01  4.484680E+01
9.315711E+01  3.110102E+01  -6.260916E-01  4.484994E+01
9.315463E+01  3.109957E+01  -6.181073E-01  4.485321E+01
9.315224E+01  3.109817E+01  -6.104020E-01  4.485647E+01
9.314881E+01  3.109634E+01  -6.015487E-01  4.486099E+01
9.314691E+01  3.109512E+01  -5.940466E-01  4.486357E+01
9.314500E+01  3.109408E+01  -5.888375E-01  4.486615E+01
9.314091E+01  3.109176E+01  -5.766029E-01  4.487155E+01
9.313726E+01  3.108973E+01  -5.661643E-01  4.487638E+01
9.313330E+01  3.108768E+01  -5.567829E-01  4.488156E+01
9.313099E+01  3.108627E+01  -5.485191E-01  4.488473E+01
9.312865E+01  3.108484E+01  -5.402309E-01  4.488791E+01
9.312538E+01  3.108310E+01  -5.318579E-01  4.489220E+01
9.312325E+01  3.108189E+01  -5.254028E-01  4.489500E+01
9.312111E+01  3.108073E+01  -5.196567E-01  4.489780E+01
9.311748E+01  3.107863E+01  -5.081260E-01  4.490271E+01
9.311434E+01  3.107690E+01  -4.995361E-01  4.490690E+01
9.311253E+01  3.107581E+01  -4.931914E-01  4.490930E+01
9.311067E+01  3.107485E+01  -4.888063E-01  4.491171E+01
9.310621E+01  3.107233E+01  -4.754593E-01  4.491768E+01
9.310233E+01  3.107011E+01  -4.635775E-01  4.492281E+01
9.309879E+01  3.106814E+01  -4.534907E-01  4.492757E+01
9.309475E+01  3.106605E+01  -4.439865E-01  4.493282E+01
9.309239E+01  3.106453E+01  -4.344212E-01  4.493603E+01
9.308993E+01  3.106327E+01  -4.287820E-01  4.493923E+01
9.308764E+01  3.106191E+01  -4.210751E-01  4.494234E+01
9.308533E+01  3.106055E+01  -4.136119E-01  4.494544E+01
9.308159E+01  3.105859E+01  -4.044170E-01  4.495029E+01
9.307921E+01  3.105714E+01  -3.960100E-01  4.495351E+01
9.307680E+01  3.105574E+01  -3.882960E-01  4.495673E+01
9.307328E+01  3.105398E+01  -3.807723E-01  4.496137E+01
9.307097E+01  3.105248E+01  -3.713570E-01  4.496455E+01
9.306852E+01  3.105108E+01  -3.638639E-01  4.496773E+01
9.306522E+01  3.104934E+01  -3.555694E-01  4.497206E+01
9.306091E+01  3.104692E+01  -3.428592E-01  4.497778E+01
9.305737E+01  3.104487E+01  -3.316498E-01  4.498255E+01
9.305417E+01  3.104305E+01  -3.219828E-01  4.498674E+01
9.305096E+01  3.104125E+01  -3.126314E-01  4.499100E+01
9.304730E+01  3.103925E+01  -3.026410E-01  4.499584E+01
9.304371E+01  3.103732E+01  -2.931945E-01  4.500063E+01
9.304190E+01  3.103634E+01  -2.883080E-01  4.500307E+01
9.303996E+01  3.103540E+01  -2.846664E-01  4.500552E+01
9.303722E+01  3.103365E+01  -2.737505E-01  4.500922E+01
9.303449E+01  3.103194E+01  -2.635329E-01  4.501293E+01
9.303156E+01  3.103086E+01  -2.621478E-01  4.501658E+01
9.303043E+01  3.102980E+01  -2.533432E-01  4.501826E+01
9.302923E+01  3.102906E+01  -2.489035E-01  4.501994E+01
9.302622E+01  3.102780E+01  -2.457141E-01  4.502368E+01
9.302377E+01  3.102614E+01  -2.346599E-01  4.502712E+01
9.302097E+01  3.102510E+01  -2.334285E-01  4.503056E+01
9.301972E+01  3.102405E+01  -2.253125E-01  4.503229E+01
9.301835E+01  3.102359E+01  -2.252084E-01  4.503401E+01
9.301742E+01  3.102251E+01  -2.153445E-01  4.503551E+01
9.301618E+01  3.102216E+01  -2.161294E-01  4.503701E+01
9.301487E+01  3.102112E+01  -2.082968E-01  4.503882E+01
9.301342E+01  3.102058E+01  -2.075967E-01  4.504064E+01
9.301114E+01  3.101909E+01  -1.983130E-01  4.504379E+01
9.300862E+01  3.101815E+01  -1.968613E-01  4.504694E+01
9.300784E+01  3.101718E+01  -1.877329E-01  4.504816E+01
9.300685E+01  3.101685E+01  -1.877714E-01  4.504937E+01
9.300352E+01  3.101556E+01  -1.854450E-01  4.505358E+01
