# HSM/GeV  HNSM/GeV  HS/GeV  T/GeV
2.460732E+02  1.009639E-04  3.207052E+02  0.000000E+00
2.460732E+02  1.029569E-04  3.207051E+02  1.000000E+00
2.460719E+02  1.101022E-04  3.207033E+02  3.397412E+00
2.460696E+02  2.241334E-03  3.206930E+02  5.794824E+00
2.460662E+02  4.091436E-03  3.206827E+02  7.817995E+00
2.460644E+02  5.068402E-03  3.206772E+02  8.689326E+00
2.460622E+02  6.189516E-03  3.206711E+02  9.560657E+00
2.460584E+02  8.135579E-03  3.206604E+02  1.090474E+01
2.460543E+02  1.010276E-02  3.206495E+02  1.210629E+01
2.460500E+02  1.213214E-02  3.206383E+02  1.319278E+01
2.460455E+02  1.416177E-02  3.206273E+02  1.417060E+01
2.460407E+02  1.621582E-02  3.206161E+02  1.508192E+01
2.460356E+02  1.826425E-02  3.206048E+02  1.593627E+01
2.460302E+02  2.042533E-02  3.205931E+02  1.674703E+01
2.460245E+02  2.252741E-02  3.205817E+02  1.750544E+01
2.460182E+02  2.477910E-02  3.205695E+02  1.824437E+01
2.460118E+02  2.695512E-02  3.205577E+02  1.893638E+01
2.460049E+02  2.926130E-02  3.205452E+02  1.961554E+01
2.459976E+02  3.154702E-02  3.205327E+02  2.026166E+01
2.459898E+02  3.395665E-02  3.205198E+02  2.089425E+01
2.459817E+02  3.635985E-02  3.205068E+02  2.149927E+01
2.459731E+02  3.881604E-02  3.204935E+02  2.209124E+01
2.459640E+02  4.136334E-02  3.204797E+02  2.266946E+01
2.459545E+02  4.392309E-02  3.204658E+02  2.322834E+01
2.459446E+02  4.656069E-02  3.204515E+02  2.377378E+01
2.459341E+02  4.922260E-02  3.204370E+02  2.430665E+01
2.459230E+02  5.200289E-02  3.204219E+02  2.483274E+01
2.459117E+02  5.473994E-02  3.204070E+02  2.533813E+01
2.458998E+02  5.761091E-02  3.203913E+02  2.584104E+01
2.458873E+02  6.053494E-02  3.203754E+02  2.633144E+01
2.458744E+02  6.350376E-02  3.203592E+02  2.681253E+01
2.458610E+02  6.653341E-02  3.203426E+02  2.728381E+01
2.458472E+02  6.958327E-02  3.203258E+02  2.774391E+01
2.458327E+02  7.271479E-02  3.203087E+02  2.819719E+01
2.458177E+02  7.591623E-02  3.202911E+02  2.864702E+01
2.458021E+02  7.920861E-02  3.202730E+02  2.909156E+01
2.457862E+02  8.248582E-02  3.202548E+02  2.952285E+01
2.457696E+02  8.584640E-02  3.202362E+02  2.995081E+01
2.457524E+02  8.931453E-02  3.202170E+02  3.037402E+01
2.457350E+02  9.276073E-02  3.201980E+02  3.078347E+01
2.457169E+02  9.629852E-02  3.201783E+02  3.119332E+01
2.456984E+02  9.989891E-02  3.201584E+02  3.159459E+01
2.456792E+02  1.035348E-01  3.201380E+02  3.199235E+01
2.456594E+02  1.072831E-01  3.201171E+02  3.238901E+01
2.456390E+02  1.110839E-01  3.200959E+02  3.277894E+01
2.456183E+02  1.149193E-01  3.200745E+02  3.316340E+01
2.455969E+02  1.188428E-01  3.200525E+02  3.354373E+01
2.455753E+02  1.227201E-01  3.200307E+02  3.391353E+01
2.455528E+02  1.267821E-01  3.200079E+02  3.428736E+01
2.455298E+02  1.308374E-01  3.199851E+02  3.465396E+01
2.455063E+02  1.349587E-01  3.199618E+02  3.501814E+01
2.454822E+02  1.391610E-01  3.199381E+02  3.537796E+01
2.454579E+02  1.433748E-01  3.199143E+02  3.573057E+01
2.454332E+02  1.476340E-01  3.198902E+02  3.607850E+01
2.454078E+02  1.519314E-01  3.198658E+02  3.642405E+01
2.453817E+02  1.563303E-01  3.198409E+02  3.676771E+01
2.453552E+02  1.607866E-01  3.198155E+02  3.710923E+01
2.453282E+02  1.652554E-01  3.197900E+02  3.744503E+01
2.453009E+02  1.697634E-01  3.197645E+02  3.777536E+01
2.452726E+02  1.744192E-01  3.197378E+02  3.811018E+01
2.452442E+02  1.790411E-01  3.197114E+02  3.843557E+01
2.452153E+02  1.837164E-01  3.196846E+02  3.875929E+01
2.451851E+02  1.885728E-01  3.196569E+02  3.908730E+01
2.451548E+02  1.934050E-01  3.196292E+02  3.940866E+01
2.451243E+02  1.982452E-01  3.196013E+02  3.972401E+01
2.450930E+02  2.032055E-01  3.195728E+02  4.004037E+01
2.450613E+02  2.081649E-01  3.195442E+02  4.035219E+01
2.450293E+02  2.131689E-01  3.195155E+02  4.066047E+01
2.449965E+02  2.182470E-01  3.194861E+02  4.096858E+01
2.449627E+02  2.234740E-01  3.194560E+02  4.127843E+01
2.449296E+02  2.285898E-01  3.194264E+02  4.157725E+01
2.448954E+02  2.337922E-01  3.193962E+02  4.187711E+01
2.448607E+02  2.390907E-01  3.193655E+02  4.217585E+01
2.448256E+02  2.444173E-01  3.193347E+02  4.247071E+01
2.447902E+02  2.497306E-01  3.193038E+02  4.276255E+01
2.447542E+02  2.551279E-01  3.192724E+02  4.305278E+01
2.447181E+02  2.605241E-01  3.192410E+02  4.333864E+01
2.446807E+02  2.660863E-01  3.192086E+02  4.362877E+01
2.446433E+02  2.716636E-01  3.191761E+02  4.391389E+01
2.446056E+02  2.772015E-01  3.191437E+02  4.419460E+01
2.445667E+02  2.829298E-01  3.191103E+02  4.447968E+01
2.445279E+02  2.885987E-01  3.190771E+02  4.475849E+01
2.444884E+02  2.943655E-01  3.190434E+02  4.503694E+01
2.444487E+02  3.001044E-01  3.190096E+02  4.531129E+01
2.444082E+02  3.060004E-01  3.189751E+02  4.558724E+01
2.443676E+02  3.118530E-01  3.189407E+02  4.585876E+01
2.443261E+02  3.177727E-01  3.189059E+02  4.613028E+01
2.442843E+02  3.237909E-01  3.188705E+02  4.640091E+01
2.442432E+02  3.296767E-01  3.188359E+02  4.666202E+01
2.442004E+02  3.357622E-01  3.188001E+02  4.692915E+01
2.441576E+02  3.418298E-01  3.187643E+02  4.719218E+01
2.441147E+02  3.478911E-01  3.187284E+02  4.745178E+01
2.440709E+02  3.540669E-01  3.186919E+02  4.771215E+01
2.440269E+02  3.602477E-01  3.186554E+02  4.797027E+01
2.439831E+02  3.663809E-01  3.186191E+02  4.822298E+01
2.439386E+02  3.725997E-01  3.185822E+02  4.847574E+01
2.438924E+02  3.790220E-01  3.185442E+02  4.873398E+01
2.438464E+02  3.854013E-01  3.185063E+02  4.898740E+01
2.437999E+02  3.918488E-01  3.184680E+02  4.924018E+01
2.437538E+02  3.982202E-01  3.184301E+02  4.948753E+01
2.437080E+02  4.045306E-01  3.183926E+02  4.972925E+01
2.436598E+02  4.111457E-01  3.183531E+02  4.998023E+01
2.436122E+02  4.176769E-01  3.183142E+02  5.022451E+01
2.435653E+02  4.240816E-01  3.182760E+02  5.046180E+01
2.435166E+02  4.307340E-01  3.182363E+02  5.070514E+01
2.434695E+02  4.371449E-01  3.181981E+02  5.093718E+01
2.434210E+02  4.437194E-01  3.181587E+02  5.117374E+01
2.433725E+02  4.503145E-01  3.181193E+02  5.140664E+01
2.433236E+02  4.568977E-01  3.180798E+02  5.163862E+01
2.432734E+02  4.636972E-01  3.180392E+02  5.187413E+01
2.432216E+02  4.706639E-01  3.179974E+02  5.211389E+01
2.431698E+02  4.775967E-01  3.179557E+02  5.235014E+01
2.431173E+02  4.846336E-01  3.179135E+02  5.258705E+01
2.430646E+02  4.916973E-01  3.178711E+02  5.282162E+01
2.430118E+02  4.987413E-01  3.178287E+02  5.305420E+01
2.429598E+02  5.056674E-01  3.177870E+02  5.328013E+01
2.429040E+02  5.130682E-01  3.177424E+02  5.352000E+01
2.428494E+02  5.203259E-01  3.176987E+02  5.375159E+01
2.427944E+02  5.276154E-01  3.176547E+02  5.398233E+01
2.427405E+02  5.347251E-01  3.176118E+02  5.420567E+01
2.426866E+02  5.418267E-01  3.175689E+02  5.442664E+01
2.426324E+02  5.489872E-01  3.175257E+02  5.464653E+01
2.425771E+02  5.562306E-01  3.174818E+02  5.486792E+01
2.425219E+02  5.634667E-01  3.174379E+02  5.508685E+01
2.424670E+02  5.706745E-01  3.173944E+02  5.530241E+01
2.424092E+02  5.782350E-01  3.173485E+02  5.552683E+01
2.423516E+02  5.857708E-01  3.173028E+02  5.574786E+01
2.422937E+02  5.933064E-01  3.172571E+02  5.596780E+01
2.422366E+02  6.007479E-01  3.172119E+02  5.618255E+01
2.421778E+02  6.084124E-01  3.171653E+02  5.640149E+01
2.421204E+02  6.158534E-01  3.171200E+02  5.661278E+01
2.420617E+02  6.234611E-01  3.170737E+02  5.682663E+01
2.420020E+02  6.311786E-01  3.170268E+02  5.704180E+01
2.419422E+02  6.389016E-01  3.169797E+02  5.725555E+01
2.418835E+02  6.464696E-01  3.169335E+02  5.746304E+01
2.418254E+02  6.539616E-01  3.168878E+02  5.766629E+01
2.417634E+02  6.619366E-01  3.168391E+02  5.788144E+01
2.417029E+02  6.697401E-01  3.167914E+02  5.808933E+01
2.416446E+02  6.772121E-01  3.167458E+02  5.828757E+01
2.415833E+02  6.850718E-01  3.166976E+02  5.849434E+01
2.415230E+02  6.927737E-01  3.166504E+02  5.869565E+01
2.414611E+02  7.007133E-01  3.166019E+02  5.890052E+01
2.414001E+02  7.085051E-01  3.165541E+02  5.910043E+01
2.413391E+02  7.162930E-01  3.165063E+02  5.929874E+01
2.412769E+02  7.242198E-01  3.164577E+02  5.949924E+01
2.412158E+02  7.320139E-01  3.164099E+02  5.969420E+01
2.411538E+02  7.398732E-01  3.163615E+02  5.989034E+01
2.410920E+02  7.477137E-01  3.163132E+02  6.008418E+01
2.410270E+02  7.559716E-01  3.162625E+02  6.028657E+01
2.409618E+02  7.642401E-01  3.162116E+02  6.048761E+01
2.408991E+02  7.721756E-01  3.161627E+02  6.067916E+01
2.408376E+02  7.799528E-01  3.161147E+02  6.086570E+01
2.407728E+02  7.881552E-01  3.160641E+02  6.106065E+01
2.407090E+02  7.962097E-01  3.160145E+02  6.125080E+01
2.406441E+02  8.043860E-01  3.159640E+02  6.144275E+01
2.405802E+02  8.124405E-01  3.159142E+02  6.163009E+01
2.405129E+02  8.208989E-01  3.158619E+02  6.182600E+01
2.404463E+02  8.292896E-01  3.158099E+02  6.201840E+01
2.403807E+02  8.375498E-01  3.157589E+02  6.220616E+01
2.403137E+02  8.459612E-01  3.157068E+02  6.239637E+01
2.402457E+02  8.544960E-01  3.156539E+02  6.258804E+01
2.401799E+02  8.627330E-01  3.156028E+02  6.277197E+01
2.401156E+02  8.707881E-01  3.155528E+02  6.295052E+01
2.400480E+02  8.792546E-01  3.155002E+02  6.313657E+01
2.399815E+02  8.875580E-01  3.154487E+02  6.331820E+01
2.399125E+02  8.961796E-01  3.153950E+02  6.350532E+01
2.398413E+02  9.050921E-01  3.153397E+02  6.369710E+01
2.397736E+02  9.135310E-01  3.152872E+02  6.387795E+01
2.397070E+02  9.218274E-01  3.152354E+02  6.405447E+01
2.396384E+02  9.303873E-01  3.151822E+02  6.423507E+01
2.395680E+02  9.391382E-01  3.151275E+02  6.441909E+01
2.394958E+02  9.481229E-01  3.150715E+02  6.460613E+01
2.394258E+02  9.568478E-01  3.150171E+02  6.478660E+01
2.393574E+02  9.653354E-01  3.149640E+02  6.496141E+01
2.392863E+02  9.741510E-01  3.149089E+02  6.514176E+01
2.392169E+02  9.827828E-01  3.148550E+02  6.531669E+01
2.391461E+02  9.915563E-01  3.148001E+02  6.549385E+01
2.390723E+02  1.000708E+00  3.147428E+02  6.567745E+01
2.389986E+02  1.009837E+00  3.146857E+02  6.585923E+01
2.389228E+02  1.019231E+00  3.146268E+02  6.604498E+01
2.388497E+02  1.028262E+00  3.145702E+02  6.622270E+01
2.387750E+02  1.037513E+00  3.145121E+02  6.640327E+01
2.387031E+02  1.046378E+00  3.144564E+02  6.657548E+01
2.386309E+02  1.055312E+00  3.144004E+02  6.674766E+01
2.385559E+02  1.064587E+00  3.143421E+02  6.692525E+01
2.384828E+02  1.073608E+00  3.142854E+02  6.709698E+01
2.384074E+02  1.082889E+00  3.142269E+02  6.727311E+01
2.383332E+02  1.092042E+00  3.141693E+02  6.744523E+01
2.382612E+02  1.100916E+00  3.141134E+02  6.761125E+01
2.381867E+02  1.110107E+00  3.140555E+02  6.778176E+01
2.381152E+02  1.118896E+00  3.140001E+02  6.794464E+01
2.380390E+02  1.128268E+00  3.139409E+02  6.811689E+01
2.379656E+02  1.137303E+00  3.138839E+02  6.828181E+01
2.378874E+02  1.146922E+00  3.138231E+02  6.845654E+01
2.378092E+02  1.156542E+00  3.137623E+02  6.862996E+01
2.377368E+02  1.165451E+00  3.137061E+02  6.878963E+01
2.376659E+02  1.174144E+00  3.136510E+02  6.894492E+01
2.375873E+02  1.183784E+00  3.135899E+02  6.911609E+01
2.375104E+02  1.193231E+00  3.135301E+02  6.928264E+01
2.374319E+02  1.202878E+00  3.134690E+02  6.945152E+01
2.373555E+02  1.212234E+00  3.134096E+02  6.961480E+01
2.372777E+02  1.221774E+00  3.133491E+02  6.978019E+01
2.371979E+02  1.231563E+00  3.132870E+02  6.994883E+01
2.371173E+02  1.241426E+00  3.132243E+02  7.011808E+01
2.370385E+02  1.251074E+00  3.131630E+02  7.028250E+01
2.369594E+02  1.260767E+00  3.131014E+02  7.044651E+01
2.368815E+02  1.270305E+00  3.130407E+02  7.060706E+01
2.368041E+02  1.279789E+00  3.129804E+02  7.076576E+01
2.367258E+02  1.289367E+00  3.129193E+02  7.092534E+01
2.366466E+02  1.299066E+00  3.128576E+02  7.108584E+01
2.365674E+02  1.308737E+00  3.127958E+02  7.124555E+01
2.364876E+02  1.318495E+00  3.127336E+02  7.140531E+01
2.364096E+02  1.328013E+00  3.126728E+02  7.156066E+01
2.363319E+02  1.337546E+00  3.126120E+02  7.171471E+01
2.362524E+02  1.347243E+00  3.125499E+02  7.187137E+01
2.361706E+02  1.357228E+00  3.124861E+02  7.203155E+01
2.360908E+02  1.366984E+00  3.124237E+02  7.218689E+01
2.360144E+02  1.376301E+00  3.123640E+02  7.233500E+01
2.359284E+02  1.386811E+00  3.122967E+02  7.250074E+01
2.358455E+02  1.396941E+00  3.122318E+02  7.265972E+01
2.357630E+02  1.406987E+00  3.121673E+02  7.281675E+01
2.356801E+02  1.417136E+00  3.121023E+02  7.297406E+01
2.355998E+02  1.426921E+00  3.120395E+02  7.312531E+01
2.355214E+02  1.436469E+00  3.119781E+02  7.327222E+01
2.354418E+02  1.446180E+00  3.119157E+02  7.342075E+01
2.353601E+02  1.456162E+00  3.118517E+02  7.357222E+01
2.352809E+02  1.465811E+00  3.117895E+02  7.371840E+01
2.351989E+02  1.475833E+00  3.117251E+02  7.386909E+01
2.351157E+02  1.485931E+00  3.116599E+02  7.402095E+01
2.350301E+02  1.496389E+00  3.115926E+02  7.417652E+01
2.349466E+02  1.506564E+00  3.115270E+02  7.432757E+01
2.348623E+02  1.516848E+00  3.114608E+02  7.447909E+01
2.347807E+02  1.526762E+00  3.113966E+02  7.462507E+01
2.346946E+02  1.537274E+00  3.113288E+02  7.477839E+01
2.346095E+02  1.547656E+00  3.112618E+02  7.492901E+01
2.345273E+02  1.557676E+00  3.111970E+02  7.507393E+01
2.344472E+02  1.567414E+00  3.111339E+02  7.521423E+01
2.343649E+02  1.577449E+00  3.110691E+02  7.535798E+01
2.342807E+02  1.587701E+00  3.110027E+02  7.550399E+01
2.341987E+02  1.597707E+00  3.109379E+02  7.564572E+01
2.341123E+02  1.608218E+00  3.108697E+02  7.579435E+01
2.340294E+02  1.618321E+00  3.108042E+02  7.593609E+01
2.339500E+02  1.627998E+00  3.107415E+02  7.607119E+01
2.338683E+02  1.637952E+00  3.106769E+02  7.620964E+01
2.337841E+02  1.648200E+00  3.106103E+02  7.635183E+01
2.337008E+02  1.658344E+00  3.105443E+02  7.649167E+01
2.336171E+02  1.668554E+00  3.104780E+02  7.663158E+01
2.335355E+02  1.678488E+00  3.104134E+02  7.676731E+01
2.334527E+02  1.688566E+00  3.103477E+02  7.690435E+01
2.333654E+02  1.699224E+00  3.102784E+02  7.704836E+01
2.332791E+02  1.709727E+00  3.102099E+02  7.718975E+01
2.331929E+02  1.720242E+00  3.101414E+02  7.733058E+01
2.331045E+02  1.730989E+00  3.100713E+02  7.747414E+01
2.330141E+02  1.742004E+00  3.099994E+02  7.762034E+01
2.329228E+02  1.753135E+00  3.099267E+02  7.776726E+01
2.328349E+02  1.763833E+00  3.098568E+02  7.790802E+01
2.327487E+02  1.774365E+00  3.097881E+02  7.804544E+01
2.326664E+02  1.784366E+00  3.097226E+02  7.817615E+01
2.325822E+02  1.794660E+00  3.096553E+02  7.830929E+01
2.324920E+02  1.805633E+00  3.095834E+02  7.845109E+01
2.324034E+02  1.816428E+00  3.095127E+02  7.858969E+01
2.323142E+02  1.827305E+00  3.094414E+02  7.872884E+01
2.322271E+02  1.837935E+00  3.093717E+02  7.886396E+01
2.321427E+02  1.848234E+00  3.093041E+02  7.899449E+01
2.320553E+02  1.858884E+00  3.092343E+02  7.912894E+01
2.319683E+02  1.869480E+00  3.091646E+02  7.926214E+01
2.318845E+02  1.879711E+00  3.090974E+02  7.939004E+01
2.317938E+02  1.890770E+00  3.090247E+02  7.952773E+01
2.317053E+02  1.901578E+00  3.089536E+02  7.966148E+01
2.316143E+02  1.912671E+00  3.088806E+02  7.979840E+01
2.315229E+02  1.923821E+00  3.088071E+02  7.993550E+01
2.314324E+02  1.934888E+00  3.087343E+02  8.007053E+01
2.313409E+02  1.946060E+00  3.086607E+02  8.020645E+01
2.312490E+02  1.957245E+00  3.085868E+02  8.034229E+01
2.311537E+02  1.968893E+00  3.085100E+02  8.048263E+01
2.310629E+02  1.979963E+00  3.084368E+02  8.061565E+01
2.309735E+02  1.990887E+00  3.083646E+02  8.074611E+01
2.308879E+02  2.001336E+00  3.082956E+02  8.087052E+01
2.307955E+02  2.012623E+00  3.082209E+02  8.100434E+01
2.307059E+02  2.023598E+00  3.081484E+02  8.113353E+01
2.306164E+02  2.034525E+00  3.080760E+02  8.126196E+01
2.305262E+02  2.045535E+00  3.080030E+02  8.139092E+01
2.304380E+02  2.056328E+00  3.079315E+02  8.151646E+01
2.303480E+02  2.067328E+00  3.078585E+02  8.164422E+01
2.302595E+02  2.078165E+00  3.077867E+02  8.176919E+01
2.301712E+02  2.088947E+00  3.077151E+02  8.189334E+01
2.300801E+02  2.100100E+00  3.076410E+02  8.202095E+01
2.299921E+02  2.110861E+00  3.075695E+02  8.214375E+01
2.298983E+02  2.122345E+00  3.074932E+02  8.227409E+01
2.298046E+02  2.133808E+00  3.074169E+02  8.240377E+01
2.297126E+02  2.145074E+00  3.073419E+02  8.253063E+01
2.296230E+02  2.156046E+00  3.072689E+02  8.265366E+01
2.295312E+02  2.167288E+00  3.071939E+02  8.277917E+01
2.294405E+02  2.178403E+00  3.071198E+02  8.290270E+01
2.293436E+02  2.190290E+00  3.070406E+02  8.303422E+01
2.292446E+02  2.202399E+00  3.069597E+02  8.316788E+01
2.291440E+02  2.214747E+00  3.068773E+02  8.330325E+01
2.290484E+02  2.226477E+00  3.067989E+02  8.343133E+01
2.289565E+02  2.237724E+00  3.067237E+02  8.355388E+01
2.288608E+02  2.249473E+00  3.066451E+02  8.368105E+01
2.287694E+02  2.260692E+00  3.065700E+02  8.380206E+01
2.286790E+02  2.271794E+00  3.064957E+02  8.392130E+01
2.285854E+02  2.283276E+00  3.064188E+02  8.404423E+01
2.284919E+02  2.294740E+00  3.063419E+02  8.416664E+01
2.284008E+02  2.305940E+00  3.062668E+02  8.428538E+01
2.283018E+02  2.318104E+00  3.061851E+02  8.441400E+01
2.282051E+02  2.329983E+00  3.061053E+02  8.453907E+01
2.281112E+02  2.341517E+00  3.060279E+02  8.465999E+01
2.280187E+02  2.352909E+00  3.059514E+02  8.477879E+01
2.279250E+02  2.364419E+00  3.058739E+02  8.489864E+01
2.278332E+02  2.375730E+00  3.057978E+02  8.501556E+01
2.277417E+02  2.386964E+00  3.057222E+02  8.513156E+01
2.276465E+02  2.398689E+00  3.056433E+02  8.525203E+01
2.275516E+02  2.410375E+00  3.055644E+02  8.537171E+01
2.274528E+02  2.422535E+00  3.054825E+02  8.549564E+01
2.273623E+02  2.433681E+00  3.054072E+02  8.560883E+01
2.272748E+02  2.444448E+00  3.053345E+02  8.571781E+01
2.271798E+02  2.456166E+00  3.052555E+02  8.583573E+01
2.270877E+02  2.467545E+00  3.051786E+02  8.594981E+01
2.269923E+02  2.479292E+00  3.050991E+02  8.606741E+01
2.268974E+02  2.491000E+00  3.050200E+02  8.618392E+01
2.268022E+02  2.502742E+00  3.049404E+02  8.630046E+01
2.267051E+02  2.514720E+00  3.048593E+02  8.641882E+01
2.266084E+02  2.526667E+00  3.047784E+02  8.653626E+01
2.265154E+02  2.538146E+00  3.047005E+02  8.664884E+01
2.264232E+02  2.549536E+00  3.046233E+02  8.676007E+01
2.263224E+02  2.562000E+00  3.045388E+02  8.688115E+01
2.262258E+02  2.573949E+00  3.044576E+02  8.699682E+01
2.261319E+02  2.585558E+00  3.043788E+02  8.710893E+01
2.260393E+02  2.597008E+00  3.043010E+02  8.721897E+01
2.259463E+02  2.608512E+00  3.042227E+02  8.732926E+01
2.258530E+02  2.620054E+00  3.041442E+02  8.743935E+01
2.257538E+02  2.632328E+00  3.040606E+02  8.755614E+01
2.256470E+02  2.645554E+00  3.039704E+02  8.768135E+01
2.255535E+02  2.657135E+00  3.038915E+02  8.779055E+01
2.254623E+02  2.668453E+00  3.038144E+02  8.789671E+01
2.253685E+02  2.680076E+00  3.037350E+02  8.800557E+01
2.252707E+02  2.692198E+00  3.036523E+02  8.811861E+01
2.251732E+02  2.704297E+00  3.035697E+02  8.823092E+01
2.250790E+02  2.715994E+00  3.034897E+02  8.833912E+01
2.249781E+02  2.728525E+00  3.034041E+02  8.845465E+01
2.248783E+02  2.740907E+00  3.033193E+02  8.856844E+01
2.247772E+02  2.753478E+00  3.032333E+02  8.868331E+01
2.246827E+02  2.765192E+00  3.031530E+02  8.879020E+01
2.245909E+02  2.776632E+00  3.030747E+02  8.889391E+01
2.244925E+02  2.788857E+00  3.029908E+02  8.900453E+01
2.244016E+02  2.800165E+00  3.029133E+02  8.910646E+01
2.243125E+02  2.811251E+00  3.028372E+02  8.920606E+01
2.242093E+02  2.824100E+00  3.027489E+02  8.932092E+01
2.241152E+02  2.835796E+00  3.026686E+02  8.942539E+01
2.240220E+02  2.847411E+00  3.025888E+02  8.952851E+01
2.239246E+02  2.859549E+00  3.025052E+02  8.963596E+01
2.238268E+02  2.871750E+00  3.024213E+02  8.974345E+01
2.237285E+02  2.884002E+00  3.023370E+02  8.985112E+01
2.236322E+02  2.896011E+00  3.022542E+02  8.995624E+01
2.235358E+02  2.908044E+00  3.021713E+02  9.006120E+01
2.234301E+02  2.921238E+00  3.020803E+02  9.017587E+01
2.233244E+02  2.934442E+00  3.019891E+02  9.029007E+01
2.232184E+02  2.947706E+00  3.018976E+02  9.040427E+01
2.231174E+02  2.960290E+00  3.018106E+02  9.051259E+01
2.230186E+02  2.972649E+00  3.017252E+02  9.061828E+01
2.229128E+02  2.985884E+00  3.016336E+02  9.073108E+01
2.228106E+02  2.998696E+00  3.015451E+02  9.083968E+01
2.227046E+02  3.011947E+00  3.014532E+02  9.095188E+01
2.226015E+02  3.024856E+00  3.013638E+02  9.106062E+01
2.225019E+02  3.037315E+00  3.012774E+02  9.116532E+01
2.224031E+02  3.049702E+00  3.011915E+02  9.126890E+01
2.223000E+02  3.062635E+00  3.011017E+02  9.137665E+01
2.222009E+02  3.075060E+00  3.010154E+02  9.147977E+01
2.221041E+02  3.087206E+00  3.009310E+02  9.158034E+01
2.220021E+02  3.100007E+00  3.008420E+02  9.168580E+01
2.218921E+02  3.113822E+00  3.007460E+02  9.179931E+01
2.217962E+02  3.125883E+00  3.006621E+02  9.189788E+01
2.217043E+02  3.137409E+00  3.005817E+02  9.199200E+01
2.216048E+02  3.149932E+00  3.004945E+02  9.209360E+01
2.215048E+02  3.162493E+00  3.004069E+02  9.219538E+01
2.214059E+02  3.174937E+00  3.003202E+02  9.229583E+01
2.213016E+02  3.188066E+00  3.002286E+02  9.240132E+01
2.212009E+02  3.200749E+00  3.001399E+02  9.250296E+01
2.211020E+02  3.213199E+00  3.000530E+02  9.260230E+01
2.209941E+02  3.226813E+00  2.999579E+02  9.271055E+01
2.208929E+02  3.239585E+00  2.998686E+02  9.281166E+01
2.207956E+02  3.251830E+00  2.997828E+02  9.290846E+01
2.206921E+02  3.264908E+00  2.996913E+02  9.301123E+01
2.205891E+02  3.277908E+00  2.996002E+02  9.311317E+01
2.204819E+02  3.291441E+00  2.995054E+02  9.321888E+01
2.203774E+02  3.304643E+00  2.994127E+02  9.332162E+01
2.202707E+02  3.318137E+00  2.993181E+02  9.342617E+01
2.201672E+02  3.331214E+00  2.992262E+02  9.352720E+01
2.200642E+02  3.344230E+00  2.991347E+02  9.362749E+01
2.199638E+02  3.356962E+00  2.990454E+02  9.372495E+01
2.198650E+02  3.369445E+00  2.989574E+02  9.382055E+01
2.197686E+02  3.381644E+00  2.988716E+02  9.391350E+01
2.196608E+02  3.395325E+00  2.987753E+02  9.401728E+01
2.195518E+02  3.409144E+00  2.986779E+02  9.412183E+01
2.194547E+02  3.421447E+00  2.985912E+02  9.421453E+01
2.193606E+02  3.433393E+00  2.985069E+02  9.430426E+01
2.192628E+02  3.445800E+00  2.984193E+02  9.439716E+01
2.191573E+02  3.459207E+00  2.983247E+02  9.449717E+01
2.190556E+02  3.472122E+00  2.982334E+02  9.459321E+01
2.189574E+02  3.484596E+00  2.981452E+02  9.468565E+01
2.188570E+02  3.497373E+00  2.980549E+02  9.477987E+01
2.187525E+02  3.510657E+00  2.979609E+02  9.487769E+01
2.186552E+02  3.523035E+00  2.978732E+02  9.496845E+01
2.185618E+02  3.534911E+00  2.977890E+02  9.505538E+01
2.184597E+02  3.547930E+00  2.976968E+02  9.515021E+01
2.183551E+02  3.561264E+00  2.976022E+02  9.524692E+01
2.182554E+02  3.573967E+00  2.975121E+02  9.533890E+01
2.181496E+02  3.587446E+00  2.974163E+02  9.543614E+01
2.180527E+02  3.599806E+00  2.973285E+02  9.552503E+01
2.179581E+02  3.611888E+00  2.972427E+02  9.561154E+01
2.178599E+02  3.624420E+00  2.971536E+02  9.570099E+01
2.177532E+02  3.638069E+00  2.970565E+02  9.579811E+01
2.176493E+02  3.651333E+00  2.969620E+02  9.589222E+01
2.175453E+02  3.664648E+00  2.968672E+02  9.598623E+01
2.174448E+02  3.677478E+00  2.967756E+02  9.607676E+01
2.173383E+02  3.691122E+00  2.966784E+02  9.617248E+01
2.172273E+02  3.705317E+00  2.965771E+02  9.627178E+01
2.171149E+02  3.719716E+00  2.964743E+02  9.637212E+01
2.170051E+02  3.733787E+00  2.963737E+02  9.646988E+01
2.169055E+02  3.746555E+00  2.962825E+02  9.655818E+01
2.168100E+02  3.758806E+00  2.961948E+02  9.664270E+01
2.167158E+02  3.770884E+00  2.961084E+02  9.672582E+01
2.166234E+02  3.782748E+00  2.960234E+02  9.680716E+01
2.165175E+02  3.796343E+00  2.959260E+02  9.690002E+01
2.164211E+02  3.808746E+00  2.958372E+02  9.698443E+01
2.163272E+02  3.820809E+00  2.957506E+02  9.706641E+01
2.162256E+02  3.833875E+00  2.956569E+02  9.715478E+01
2.161251E+02  3.846806E+00  2.955641E+02  9.724207E+01
2.160265E+02  3.859501E+00  2.954729E+02  9.732738E+01
2.159261E+02  3.872410E+00  2.953800E+02  9.741402E+01
2.158274E+02  3.885138E+00  2.952885E+02  9.749903E+01
2.157281E+02  3.897942E+00  2.951964E+02  9.758420E+01
2.156273E+02  3.910927E+00  2.951029E+02  9.767049E+01
2.155282E+02  3.923719E+00  2.950108E+02  9.775510E+01
2.154094E+02  3.939065E+00  2.949003E+02  9.785624E+01
2.153013E+02  3.953003E+00  2.947997E+02  9.794783E+01
2.151976E+02  3.966382E+00  2.947031E+02  9.803556E+01
2.150961E+02  3.979506E+00  2.946084E+02  9.812121E+01
2.149982E+02  3.992170E+00  2.945169E+02  9.820358E+01
2.148981E+02  4.005106E+00  2.944234E+02  9.828757E+01
2.147889E+02  4.019243E+00  2.943212E+02  9.837891E+01
2.146848E+02  4.032717E+00  2.942236E+02  9.846573E+01
2.145860E+02  4.045510E+00  2.941310E+02  9.854789E+01
2.144903E+02  4.057906E+00  2.940412E+02  9.862733E+01
2.143862E+02  4.071415E+00  2.939433E+02  9.871345E+01
2.142793E+02  4.085272E+00  2.938427E+02  9.880173E+01
2.141739E+02  4.098945E+00  2.937435E+02  9.888842E+01
2.140705E+02  4.112382E+00  2.936460E+02  9.897325E+01
2.139711E+02  4.125282E+00  2.935523E+02  9.905450E+01
2.138686E+02  4.138608E+00  2.934554E+02  9.913818E+01
2.137695E+02  4.151488E+00  2.933617E+02  9.921875E+01
2.136667E+02  4.164845E+00  2.932645E+02  9.930223E+01
2.135657E+02  4.177992E+00  2.931688E+02  9.938391E+01
2.134634E+02  4.191322E+00  2.930717E+02  9.946654E+01
2.133536E+02  4.205612E+00  2.929675E+02  9.955487E+01
2.132526E+02  4.218791E+00  2.928714E+02  9.963597E+01
2.131560E+02  4.231370E+00  2.927796E+02  9.971328E+01
2.130565E+02  4.244329E+00  2.926850E+02  9.979271E+01
2.129600E+02  4.256933E+00  2.925929E+02  9.986956E+01
2.128626E+02  4.269656E+00  2.924999E+02  9.994696E+01
2.127601E+02  4.283019E+00  2.924022E+02  1.000281E+02
2.126606E+02  4.296013E+00  2.923071E+02  1.001067E+02
2.125586E+02  4.309361E+00  2.922094E+02  1.001871E+02
2.124545E+02  4.322962E+00  2.921097E+02  1.002689E+02
2.123499E+02  4.336663E+00  2.920093E+02  1.003509E+02
2.122366E+02  4.351486E+00  2.919006E+02  1.004394E+02
2.121247E+02  4.366138E+00  2.917931E+02  1.005266E+02
2.120083E+02  4.381394E+00  2.916810E+02  1.006170E+02
2.118971E+02  4.395964E+00  2.915740E+02  1.007031E+02
2.117902E+02  4.409978E+00  2.914709E+02  1.007857E+02
2.116881E+02  4.423375E+00  2.913723E+02  1.008644E+02
2.115711E+02  4.438746E+00  2.912592E+02  1.009542E+02
2.114702E+02  4.451999E+00  2.911616E+02  1.010315E+02
2.113722E+02  4.464876E+00  2.910667E+02  1.011063E+02
2.112620E+02  4.479364E+00  2.909599E+02  1.011904E+02
2.111516E+02  4.493884E+00  2.908528E+02  1.012742E+02
2.110545E+02  4.506674E+00  2.907583E+02  1.013477E+02
2.109619E+02  4.518864E+00  2.906683E+02  1.014177E+02
2.108558E+02  4.532833E+00  2.905650E+02  1.014977E+02
2.107429E+02  4.547716E+00  2.904550E+02  1.015826E+02
2.106332E+02  4.562169E+00  2.903480E+02  1.016648E+02
2.105295E+02  4.575867E+00  2.902466E+02  1.017424E+02
2.104302E+02  4.588940E+00  2.901497E+02  1.018164E+02
2.103341E+02  4.601648E+00  2.900556E+02  1.018878E+02
2.102359E+02  4.614631E+00  2.899593E+02  1.019607E+02
2.101280E+02  4.628883E+00  2.898536E+02  1.020406E+02
2.100146E+02  4.643859E+00  2.897423E+02  1.021242E+02
2.099033E+02  4.658592E+00  2.896329E+02  1.022061E+02
2.097970E+02  4.672660E+00  2.895283E+02  1.022841E+02
2.096898E+02  4.686841E+00  2.894228E+02  1.023625E+02
2.095856E+02  4.700669E+00  2.893199E+02  1.024386E+02
2.094905E+02  4.713271E+00  2.892261E+02  1.025078E+02
2.093971E+02  4.725652E+00  2.891338E+02  1.025757E+02
2.092946E+02  4.739258E+00  2.890324E+02  1.026499E+02
2.091829E+02  4.754080E+00  2.889218E+02  1.027306E+02
2.090760E+02  4.768280E+00  2.888159E+02  1.028076E+02
2.089629E+02  4.783311E+00  2.887036E+02  1.028889E+02
2.088579E+02  4.797237E+00  2.885995E+02  1.029641E+02
2.087557E+02  4.810852E+00  2.884978E+02  1.030371E+02
2.086484E+02  4.825137E+00  2.883909E+02  1.031137E+02
2.085365E+02  4.840013E+00  2.882795E+02  1.031932E+02
2.084292E+02  4.854299E+00  2.881725E+02  1.032692E+02
2.083272E+02  4.867898E+00  2.880705E+02  1.033413E+02
2.082161E+02  4.882720E+00  2.879595E+02  1.034197E+02
2.081081E+02  4.897113E+00  2.878514E+02  1.034956E+02
2.080007E+02  4.911465E+00  2.877437E+02  1.035710E+02
2.078971E+02  4.925282E+00  2.876399E+02  1.036434E+02
2.077836E+02  4.940419E+00  2.875260E+02  1.037226E+02
2.076743E+02  4.955056E+00  2.874159E+02  1.037986E+02
2.075699E+02  4.969030E+00  2.873109E+02  1.038711E+02
2.074600E+02  4.983717E+00  2.872002E+02  1.039471E+02
2.073526E+02  4.998078E+00  2.870920E+02  1.040212E+02
2.072440E+02  5.012632E+00  2.869823E+02  1.040959E+02
2.071317E+02  5.027674E+00  2.868687E+02  1.041731E+02
2.070288E+02  5.041482E+00  2.867645E+02  1.042435E+02
2.069310E+02  5.054603E+00  2.866654E+02  1.043103E+02
2.068302E+02  5.068108E+00  2.865633E+02  1.043789E+02
2.067323E+02  5.081266E+00  2.864639E+02  1.044454E+02
2.066063E+02  5.098159E+00  2.863360E+02  1.045308E+02
2.064919E+02  5.113563E+00  2.862194E+02  1.046081E+02
2.063839E+02  5.128072E+00  2.861095E+02  1.046809E+02
2.062770E+02  5.142449E+00  2.860005E+02  1.047527E+02
2.061850E+02  5.154827E+00  2.859066E+02  1.048144E+02
2.060947E+02  5.166998E+00  2.858143E+02  1.048748E+02
2.059974E+02  5.180090E+00  2.857148E+02  1.049397E+02
2.058867E+02  5.195013E+00  2.856016E+02  1.050134E+02
2.057810E+02  5.209242E+00  2.854933E+02  1.050835E+02
2.057240E+02  5.216957E+00  2.854347E+02  1.051213E+02
2.056669E+02  5.224654E+00  2.853761E+02  1.051591E+02
2.055706E+02  5.237655E+00  2.852771E+02  1.052227E+02
2.054655E+02  5.251837E+00  2.851691E+02  1.052919E+02
2.053639E+02  5.265574E+00  2.850645E+02  1.053587E+02
2.052664E+02  5.278734E+00  2.849641E+02  1.054226E+02
2.051585E+02  5.293308E+00  2.848529E+02  1.054931E+02
2.050546E+02  5.307367E+00  2.847456E+02  1.055609E+02
2.049481E+02  5.321804E+00  2.846355E+02  1.056302E+02
2.048396E+02  5.336469E+00  2.845233E+02  1.057005E+02
2.047357E+02  5.350550E+00  2.844156E+02  1.057678E+02
2.046360E+02  5.364079E+00  2.843121E+02  1.058321E+02
2.045421E+02  5.376799E+00  2.842147E+02  1.058926E+02
2.044283E+02  5.392258E+00  2.840964E+02  1.059657E+02
2.043209E+02  5.406814E+00  2.839848E+02  1.060345E+02
2.042168E+02  5.420913E+00  2.838765E+02  1.061010E+02
2.040897E+02  5.438231E+00  2.837438E+02  1.061820E+02
2.039807E+02  5.453059E+00  2.836300E+02  1.062513E+02
2.038751E+02  5.467398E+00  2.835197E+02  1.063181E+02
2.037645E+02  5.482445E+00  2.834040E+02  1.063881E+02
2.036564E+02  5.497166E+00  2.832908E+02  1.064562E+02
2.035427E+02  5.512653E+00  2.831715E+02  1.065277E+02
2.034435E+02  5.526166E+00  2.830675E+02  1.065899E+02
2.033479E+02  5.539222E+00  2.829669E+02  1.066497E+02
2.032448E+02  5.553258E+00  2.828586E+02  1.067140E+02
2.031440E+02  5.567023E+00  2.827524E+02  1.067768E+02
2.030412E+02  5.581065E+00  2.826440E+02  1.068406E+02
2.029808E+02  5.589311E+00  2.825804E+02  1.068781E+02
2.029203E+02  5.597589E+00  2.825164E+02  1.069155E+02
2.028208E+02  5.611181E+00  2.824114E+02  1.069770E+02
2.027119E+02  5.626090E+00  2.822962E+02  1.070441E+02
2.026092E+02  5.640122E+00  2.821875E+02  1.071072E+02
2.025000E+02  5.655060E+00  2.820718E+02  1.071741E+02
2.023944E+02  5.669538E+00  2.819597E+02  1.072387E+02
2.022932E+02  5.683393E+00  2.818522E+02  1.073004E+02
2.021959E+02  5.696740E+00  2.817487E+02  1.073596E+02
2.020856E+02  5.711878E+00  2.816313E+02  1.074266E+02
2.019803E+02  5.726300E+00  2.815192E+02  1.074903E+02
2.018878E+02  5.739007E+00  2.814205E+02  1.075462E+02
2.017989E+02  5.751215E+00  2.813256E+02  1.075997E+02
2.016900E+02  5.766167E+00  2.812092E+02  1.076652E+02
2.015841E+02  5.780724E+00  2.810959E+02  1.077287E+02
2.014849E+02  5.794397E+00  2.809895E+02  1.077881E+02
2.013891E+02  5.807554E+00  2.808869E+02  1.078452E+02
2.012819E+02  5.822309E+00  2.807719E+02  1.079090E+02
2.011773E+02  5.836700E+00  2.806596E+02  1.079711E+02
2.010762E+02  5.850654E+00  2.805507E+02  1.080310E+02
2.009681E+02  5.865537E+00  2.804344E+02  1.080949E+02
2.008647E+02  5.879795E+00  2.803230E+02  1.081558E+02
2.007676E+02  5.893207E+00  2.802182E+02  1.082129E+02
2.006693E+02  5.906785E+00  2.801119E+02  1.082706E+02
2.005543E+02  5.922645E+00  2.799878E+02  1.083378E+02
2.004444E+02  5.937846E+00  2.798687E+02  1.084020E+02
2.003362E+02  5.952783E+00  2.797515E+02  1.084649E+02
2.002171E+02  5.969275E+00  2.796223E+02  1.085340E+02
2.000954E+02  5.986117E+00  2.794900E+02  1.086045E+02
1.999826E+02  6.001736E+00  2.793674E+02  1.086696E+02
1.998757E+02  6.016538E+00  2.792509E+02  1.087311E+02
1.997548E+02  6.033315E+00  2.791191E+02  1.088005E+02
1.996413E+02  6.049045E+00  2.789952E+02  1.088654E+02
1.995362E+02  6.063636E+00  2.788804E+02  1.089255E+02
1.994352E+02  6.077644E+00  2.787700E+02  1.089830E+02
1.993372E+02  6.091275E+00  2.786626E+02  1.090386E+02
1.992443E+02  6.104174E+00  2.785607E+02  1.090913E+02
1.991492E+02  6.117398E+00  2.784564E+02  1.091451E+02
1.990439E+02  6.132041E+00  2.783408E+02  1.092045E+02
1.989427E+02  6.146101E+00  2.782297E+02  1.092614E+02
1.988308E+02  6.161685E+00  2.781064E+02  1.093242E+02
1.987278E+02  6.176041E+00  2.779929E+02  1.093819E+02
1.986337E+02  6.189142E+00  2.778892E+02  1.094344E+02
1.985429E+02  6.201823E+00  2.777888E+02  1.094851E+02
1.984531E+02  6.214326E+00  2.776897E+02  1.095350E+02
1.983644E+02  6.226705E+00  2.775916E+02  1.095842E+02
1.982642E+02  6.240709E+00  2.774806E+02  1.096397E+02
1.981667E+02  6.254306E+00  2.773725E+02  1.096936E+02
1.980548E+02  6.269952E+00  2.772484E+02  1.097552E+02
1.979515E+02  6.284366E+00  2.771337E+02  1.098120E+02
1.978509E+02  6.298439E+00  2.770218E+02  1.098671E+02
1.977511E+02  6.312396E+00  2.769108E+02  1.099217E+02
1.976333E+02  6.328907E+00  2.767794E+02  1.099860E+02
1.975119E+02  6.345899E+00  2.766440E+02  1.100520E+02
1.973968E+02  6.362045E+00  2.765154E+02  1.101145E+02
1.972917E+02  6.376758E+00  2.763979E+02  1.101713E+02
1.971908E+02  6.390925E+00  2.762849E+02  1.102258E+02
1.970798E+02  6.406494E+00  2.761605E+02  1.102855E+02
1.969745E+02  6.421280E+00  2.760424E+02  1.103420E+02
1.968727E+02  6.435584E+00  2.759281E+02  1.103965E+02
1.967586E+02  6.451607E+00  2.757998E+02  1.104575E+02
1.966597E+02  6.465519E+00  2.756885E+02  1.105102E+02
1.965659E+02  6.478731E+00  2.755826E+02  1.105601E+02
1.964559E+02  6.494207E+00  2.754586E+02  1.106184E+02
1.963498E+02  6.509143E+00  2.753388E+02  1.106745E+02
1.962472E+02  6.523603E+00  2.752227E+02  1.107287E+02
1.961425E+02  6.538347E+00  2.751043E+02  1.107837E+02
1.960429E+02  6.552407E+00  2.749914E+02  1.108360E+02
1.959472E+02  6.565897E+00  2.748829E+02  1.108861E+02
1.958419E+02  6.580764E+00  2.747634E+02  1.109411E+02
1.957397E+02  6.595182E+00  2.746472E+02  1.109944E+02
1.956262E+02  6.611239E+00  2.745180E+02  1.110534E+02
1.955144E+02  6.627021E+00  2.743908E+02  1.111113E+02
1.954032E+02  6.642745E+00  2.742640E+02  1.111689E+02
1.952920E+02  6.658470E+00  2.741370E+02  1.112262E+02
1.951837E+02  6.673826E+00  2.740132E+02  1.112819E+02
1.950811E+02  6.688365E+00  2.738957E+02  1.113345E+02
1.949569E+02  6.705935E+00  2.737535E+02  1.113980E+02
1.948348E+02  6.723264E+00  2.736135E+02  1.114603E+02
1.947721E+02  6.732157E+00  2.735414E+02  1.114922E+02
1.947093E+02  6.741065E+00  2.734692E+02  1.115242E+02
1.946110E+02  6.755036E+00  2.733562E+02  1.115740E+02
1.945196E+02  6.768010E+00  2.732509E+02  1.116203E+02
1.944299E+02  6.780749E+00  2.731476E+02  1.116655E+02
1.943223E+02  6.796056E+00  2.730234E+02  1.117197E+02
1.942191E+02  6.810709E+00  2.729044E+02  1.117716E+02
1.941122E+02  6.825927E+00  2.727808E+02  1.118252E+02
1.939850E+02  6.844039E+00  2.726335E+02  1.118887E+02
1.938661E+02  6.860960E+00  2.724958E+02  1.119479E+02
1.937551E+02  6.876803E+00  2.723669E+02  1.120031E+02
1.936470E+02  6.892198E+00  2.722415E+02  1.120567E+02
1.935525E+02  6.905674E+00  2.721316E+02  1.121034E+02
1.934637E+02  6.918362E+00  2.720282E+02  1.121472E+02
1.933677E+02  6.932045E+00  2.719163E+02  1.121945E+02
1.932745E+02  6.945358E+00  2.718077E+02  1.122402E+02
1.931635E+02  6.961217E+00  2.716782E+02  1.122946E+02
1.930621E+02  6.975721E+00  2.715596E+02  1.123441E+02
1.929654E+02  6.989545E+00  2.714465E+02  1.123912E+02
1.928633E+02  7.004146E+00  2.713270E+02  1.124408E+02
1.927636E+02  7.018428E+00  2.712101E+02  1.124892E+02
1.926691E+02  7.031952E+00  2.710991E+02  1.125349E+02
1.925793E+02  7.044833E+00  2.709936E+02  1.125783E+02
1.924849E+02  7.058356E+00  2.708826E+02  1.126237E+02
1.923939E+02  7.071397E+00  2.707756E+02  1.126675E+02
1.923027E+02  7.084500E+00  2.706681E+02  1.127112E+02
1.922154E+02  7.097024E+00  2.705653E+02  1.127529E+02
1.921165E+02  7.111229E+00  2.704484E+02  1.128002E+02
1.920136E+02  7.126005E+00  2.703269E+02  1.128491E+02
1.919147E+02  7.140225E+00  2.702099E+02  1.128962E+02
1.917981E+02  7.156979E+00  2.700719E+02  1.129514E+02
1.916884E+02  7.172767E+00  2.699417E+02  1.130032E+02
1.915882E+02  7.187188E+00  2.698228E+02  1.130505E+02
1.914915E+02  7.201121E+00  2.697079E+02  1.130959E+02
1.913891E+02  7.215887E+00  2.695861E+02  1.131439E+02
1.912908E+02  7.230038E+00  2.694691E+02  1.131899E+02
1.912368E+02  7.237823E+00  2.694048E+02  1.132151E+02
1.911829E+02  7.245596E+00  2.693405E+02  1.132403E+02
1.910649E+02  7.262619E+00  2.691997E+02  1.132952E+02
1.909539E+02  7.278640E+00  2.690670E+02  1.133467E+02
1.908909E+02  7.287758E+00  2.689917E+02  1.133758E+02
1.908278E+02  7.296865E+00  2.689162E+02  1.134050E+02
1.907391E+02  7.309677E+00  2.688100E+02  1.134459E+02
1.906369E+02  7.324448E+00  2.686875E+02  1.134930E+02
1.905411E+02  7.338318E+00  2.685725E+02  1.135370E+02
1.904499E+02  7.351514E+00  2.684630E+02  1.135788E+02
1.903430E+02  7.366989E+00  2.683344E+02  1.136276E+02
1.902469E+02  7.380862E+00  2.682189E+02  1.136714E+02
1.901535E+02  7.394430E+00  2.681062E+02  1.137139E+02
1.900327E+02  7.411911E+00  2.679606E+02  1.137687E+02
1.899210E+02  7.428131E+00  2.678256E+02  1.138193E+02
1.898157E+02  7.443413E+00  2.676983E+02  1.138667E+02
1.897003E+02  7.460170E+00  2.675586E+02  1.139186E+02
1.895927E+02  7.475812E+00  2.674281E+02  1.139669E+02
1.894995E+02  7.489354E+00  2.673150E+02  1.140086E+02
1.894103E+02  7.502309E+00  2.672068E+02  1.140485E+02
1.893235E+02  7.514927E+00  2.671013E+02  1.140871E+02
1.892047E+02  7.532229E+00  2.669567E+02  1.141399E+02
1.890913E+02  7.548746E+00  2.668185E+02  1.141902E+02
1.889891E+02  7.563608E+00  2.666940E+02  1.142353E+02
1.888901E+02  7.578049E+00  2.665730E+02  1.142790E+02
1.887847E+02  7.593412E+00  2.664442E+02  1.143253E+02
1.886813E+02  7.608514E+00  2.663176E+02  1.143707E+02
1.885699E+02  7.624766E+00  2.661811E+02  1.144194E+02
1.885047E+02  7.634285E+00  2.661012E+02  1.144478E+02
1.884394E+02  7.643805E+00  2.660212E+02  1.144762E+02
1.883394E+02  7.658411E+00  2.658984E+02  1.145197E+02
1.882439E+02  7.672406E+00  2.657807E+02  1.145612E+02
1.881556E+02  7.685287E+00  2.656722E+02  1.145994E+02
1.880687E+02  7.697992E+00  2.655652E+02  1.146369E+02
1.879792E+02  7.711105E+00  2.654548E+02  1.146754E+02
1.878890E+02  7.724305E+00  2.653435E+02  1.147142E+02
1.878006E+02  7.737268E+00  2.652343E+02  1.147521E+02
1.877147E+02  7.749830E+00  2.651282E+02  1.147888E+02
1.876251E+02  7.762985E+00  2.650172E+02  1.148271E+02
1.875375E+02  7.775811E+00  2.649088E+02  1.148644E+02
1.874467E+02  7.789154E+00  2.647961E+02  1.149030E+02
1.873549E+02  7.802617E+00  2.646822E+02  1.149419E+02
1.872517E+02  7.817777E+00  2.645539E+02  1.149856E+02
1.871419E+02  7.833901E+00  2.644175E+02  1.150319E+02
1.870445E+02  7.848226E+00  2.642962E+02  1.150729E+02
1.869506E+02  7.862019E+00  2.641792E+02  1.151123E+02
1.868565E+02  7.875863E+00  2.640618E+02  1.151517E+02
1.867689E+02  7.888765E+00  2.639522E+02  1.151883E+02
1.866846E+02  7.901163E+00  2.638470E+02  1.152234E+02
1.865838E+02  7.916021E+00  2.637208E+02  1.152653E+02
1.864879E+02  7.930156E+00  2.636007E+02  1.153051E+02
1.863885E+02  7.944810E+00  2.634760E+02  1.153462E+02
1.862822E+02  7.960477E+00  2.633427E+02  1.153901E+02
1.861809E+02  7.975435E+00  2.632153E+02  1.154318E+02
1.860796E+02  7.990393E+00  2.630879E+02  1.154734E+02
1.859944E+02  8.002968E+00  2.629807E+02  1.155083E+02
1.859106E+02  8.015356E+00  2.628750E+02  1.155425E+02
1.858210E+02  8.028605E+00  2.627620E+02  1.155791E+02
1.857283E+02  8.042302E+00  2.626450E+02  1.156167E+02
1.856408E+02  8.055248E+00  2.625345E+02  1.156522E+02
1.855365E+02  8.070702E+00  2.624024E+02  1.156945E+02
1.854401E+02  8.084961E+00  2.622804E+02  1.157333E+02
1.853475E+02  8.098693E+00  2.621629E+02  1.157706E+02
1.852910E+02  8.107042E+00  2.620913E+02  1.157934E+02
1.852344E+02  8.115462E+00  2.620193E+02  1.158161E+02
1.851470E+02  8.128398E+00  2.619084E+02  1.158511E+02
1.850609E+02  8.141176E+00  2.617989E+02  1.158855E+02
1.849494E+02  8.157738E+00  2.616568E+02  1.159300E+02
1.848975E+02  8.165425E+00  2.615907E+02  1.159506E+02
1.848455E+02  8.173167E+00  2.615243E+02  1.159713E+02
1.847480E+02  8.187635E+00  2.614001E+02  1.160099E+02
1.846511E+02  8.202041E+00  2.612763E+02  1.160482E+02
1.845533E+02  8.216589E+00  2.611512E+02  1.160868E+02
1.845018E+02  8.224236E+00  2.610853E+02  1.161071E+02
1.844503E+02  8.231889E+00  2.610194E+02  1.161273E+02
1.843569E+02  8.245785E+00  2.608998E+02  1.161640E+02
1.842662E+02  8.259305E+00  2.607834E+02  1.161995E+02
1.841710E+02  8.273492E+00  2.606611E+02  1.162367E+02
1.840817E+02  8.286782E+00  2.605465E+02  1.162715E+02
1.839938E+02  8.299898E+00  2.604334E+02  1.163056E+02
1.839095E+02  8.312474E+00  2.603248E+02  1.163383E+02
1.838315E+02  8.324095E+00  2.602243E+02  1.163685E+02
1.837558E+02  8.335403E+00  2.601266E+02  1.163978E+02
1.836960E+02  8.344337E+00  2.600495E+02  1.164208E+02
1.836363E+02  8.353260E+00  2.599723E+02  1.164438E+02
1.835504E+02  8.366081E+00  2.598613E+02  1.164768E+02
1.834429E+02  8.382136E+00  2.597223E+02  1.165179E+02
1.833361E+02  8.398124E+00  2.595839E+02  1.165588E+02
1.832369E+02  8.412967E+00  2.594552E+02  1.165966E+02
1.831432E+02  8.426985E+00  2.593336E+02  1.166322E+02
1.830496E+02  8.440982E+00  2.592121E+02  1.166676E+02
1.829598E+02  8.454452E+00  2.590951E+02  1.167016E+02
1.828628E+02  8.468975E+00  2.589690E+02  1.167382E+02
1.827692E+02  8.482984E+00  2.588471E+02  1.167734E+02
1.827200E+02  8.490393E+00  2.587828E+02  1.167919E+02
1.826707E+02  8.497794E+00  2.587184E+02  1.168104E+02
1.825558E+02  8.515022E+00  2.585684E+02  1.168534E+02
1.825006E+02  8.523318E+00  2.584962E+02  1.168740E+02
1.824454E+02  8.531625E+00  2.584239E+02  1.168946E+02
1.823429E+02  8.547012E+00  2.582898E+02  1.169327E+02
1.822460E+02  8.561562E+00  2.581629E+02  1.169686E+02
1.821546E+02  8.575324E+00  2.580427E+02  1.170025E+02
1.820674E+02  8.588445E+00  2.579282E+02  1.170347E+02
1.819874E+02  8.600469E+00  2.578232E+02  1.170641E+02
1.819105E+02  8.612055E+00  2.577219E+02  1.170924E+02
1.817990E+02  8.628856E+00  2.575751E+02  1.171332E+02
1.816895E+02  8.645338E+00  2.574309E+02  1.171732E+02
1.816434E+02  8.652294E+00  2.573700E+02  1.171900E+02
1.815972E+02  8.659260E+00  2.573090E+02  1.172069E+02
1.815177E+02  8.671253E+00  2.572039E+02  1.172358E+02
1.814252E+02  8.685213E+00  2.570816E+02  1.172693E+02
1.813367E+02  8.698582E+00  2.569644E+02  1.173014E+02
1.812459E+02  8.712276E+00  2.568442E+02  1.173341E+02
1.811577E+02  8.725606E+00  2.567272E+02  1.173659E+02
1.810703E+02  8.738785E+00  2.566113E+02  1.173973E+02
1.809939E+02  8.750361E+00  2.565097E+02  1.174247E+02
1.809206E+02  8.761436E+00  2.564122E+02  1.174509E+02
1.808157E+02  8.777328E+00  2.562725E+02  1.174883E+02
1.807277E+02  8.790636E+00  2.561553E+02  1.175196E+02
1.806432E+02  8.803460E+00  2.560425E+02  1.175496E+02
1.805570E+02  8.816508E+00  2.559275E+02  1.175801E+02
1.804726E+02  8.829322E+00  2.558146E+02  1.176100E+02
1.803628E+02  8.845947E+00  2.556679E+02  1.176486E+02
1.803083E+02  8.854212E+00  2.555949E+02  1.176678E+02
1.802536E+02  8.862502E+00  2.555217E+02  1.176870E+02
1.801623E+02  8.876378E+00  2.553992E+02  1.177190E+02
1.800827E+02  8.888451E+00  2.552925E+02  1.177468E+02
1.800054E+02  8.900204E+00  2.551886E+02  1.177737E+02
1.799168E+02  8.913662E+00  2.550695E+02  1.178046E+02
1.798305E+02  8.926797E+00  2.549534E+02  1.178345E+02
1.797348E+02  8.941342E+00  2.548245E+02  1.178676E+02
1.796649E+02  8.951983E+00  2.547302E+02  1.178918E+02
1.795947E+02  8.962650E+00  2.546356E+02  1.179159E+02
1.795049E+02  8.976322E+00  2.545144E+02  1.179468E+02
1.793962E+02  8.992890E+00  2.543674E+02  1.179841E+02
1.792961E+02  9.008133E+00  2.542321E+02  1.180183E+02
1.792485E+02  9.015396E+00  2.541675E+02  1.180345E+02
1.792008E+02  9.022684E+00  2.541028E+02  1.180508E+02
1.791106E+02  9.036445E+00  2.539804E+02  1.180815E+02
1.790121E+02  9.051477E+00  2.538468E+02  1.181149E+02
1.789214E+02  9.065322E+00  2.537236E+02  1.181455E+02
1.788366E+02  9.078282E+00  2.536081E+02  1.181741E+02
1.787416E+02  9.092784E+00  2.534789E+02  1.182061E+02
1.786577E+02  9.105623E+00  2.533645E+02  1.182342E+02
1.785780E+02  9.117807E+00  2.532558E+02  1.182609E+02
1.784927E+02  9.130847E+00  2.531394E+02  1.182894E+02
1.783981E+02  9.145320E+00  2.530101E+02  1.183209E+02
1.783012E+02  9.160184E+00  2.528774E+02  1.183531E+02
1.782450E+02  9.168800E+00  2.528005E+02  1.183717E+02
1.781887E+02  9.177414E+00  2.527234E+02  1.183904E+02
1.781127E+02  9.189069E+00  2.526192E+02  1.184155E+02
1.780392E+02  9.200347E+00  2.525182E+02  1.184397E+02
1.779328E+02  9.216673E+00  2.523721E+02  1.184747E+02
1.778186E+02  9.234175E+00  2.522151E+02  1.185121E+02
1.777681E+02  9.241949E+00  2.521455E+02  1.185286E+02
1.777175E+02  9.249706E+00  2.520759E+02  1.185451E+02
1.776323E+02  9.262799E+00  2.519585E+02  1.185729E+02
1.775505E+02  9.275380E+00  2.518456E+02  1.185995E+02
1.774769E+02  9.286698E+00  2.517440E+02  1.186233E+02
1.774061E+02  9.297575E+00  2.516463E+02  1.186462E+02
1.773063E+02  9.312933E+00  2.515082E+02  1.186784E+02
1.772114E+02  9.327547E+00  2.513768E+02  1.187089E+02
1.771162E+02  9.342199E+00  2.512449E+02  1.187395E+02
1.770263E+02  9.356070E+00  2.511200E+02  1.187683E+02
1.769404E+02  9.369316E+00  2.510007E+02  1.187957E+02
1.768554E+02  9.382418E+00  2.508825E+02  1.188227E+02
1.767733E+02  9.395074E+00  2.507684E+02  1.188488E+02
1.766942E+02  9.407290E+00  2.506582E+02  1.188738E+02
1.766027E+02  9.421423E+00  2.505307E+02  1.189027E+02
1.765070E+02  9.436188E+00  2.503972E+02  1.189329E+02
1.764160E+02  9.450249E+00  2.502700E+02  1.189615E+02
1.763394E+02  9.462118E+00  2.501629E+02  1.189855E+02
1.762655E+02  9.473535E+00  2.500595E+02  1.190086E+02
1.761768E+02  9.487259E+00  2.499353E+02  1.190363E+02
1.760913E+02  9.500503E+00  2.498153E+02  1.190629E+02
1.760038E+02  9.514055E+00  2.496925E+02  1.190900E+02
1.759197E+02  9.527072E+00  2.495745E+02  1.191160E+02
1.758380E+02  9.539732E+00  2.494596E+02  1.191412E+02
1.757418E+02  9.554658E+00  2.493242E+02  1.191709E+02
1.756376E+02  9.570794E+00  2.491775E+02  1.192028E+02
1.755361E+02  9.586568E+00  2.490342E+02  1.192339E+02
1.754440E+02  9.600868E+00  2.489042E+02  1.192620E+02
1.753607E+02  9.613814E+00  2.487864E+02  1.192873E+02
1.752812E+02  9.626157E+00  2.486740E+02  1.193114E+02
1.752021E+02  9.638473E+00  2.485620E+02  1.193354E+02
1.751143E+02  9.652103E+00  2.484376E+02  1.193619E+02
1.750297E+02  9.665282E+00  2.483176E+02  1.193874E+02
1.749464E+02  9.678275E+00  2.481992E+02  1.194124E+02
1.748457E+02  9.693942E+00  2.480561E+02  1.194425E+02
1.747818E+02  9.703908E+00  2.479651E+02  1.194616E+02
1.747176E+02  9.713903E+00  2.478738E+02  1.194808E+02
1.746419E+02  9.725698E+00  2.477660E+02  1.195033E+02
1.745307E+02  9.743040E+00  2.476074E+02  1.195362E+02
1.744271E+02  9.759213E+00  2.474594E+02  1.195669E+02
1.743344E+02  9.773682E+00  2.473269E+02  1.195942E+02
1.742470E+02  9.787345E+00  2.472017E+02  1.196199E+02
1.741487E+02  9.802686E+00  2.470611E+02  1.196486E+02
1.740531E+02  9.817641E+00  2.469239E+02  1.196766E+02
1.740089E+02  9.824567E+00  2.468604E+02  1.196894E+02
1.739647E+02  9.831484E+00  2.467970E+02  1.197023E+02
1.738683E+02  9.846556E+00  2.466586E+02  1.197303E+02
1.738213E+02  9.853917E+00  2.465909E+02  1.197439E+02
1.737742E+02  9.861306E+00  2.465230E+02  1.197575E+02
1.737154E+02  9.870507E+00  2.464384E+02  1.197745E+02
1.736564E+02  9.879740E+00  2.463535E+02  1.197915E+02
1.735460E+02  9.897054E+00  2.461943E+02  1.198232E+02
1.734502E+02  9.912075E+00  2.460559E+02  1.198507E+02
1.733597E+02  9.926279E+00  2.459251E+02  1.198765E+02
1.732673E+02  9.940785E+00  2.457914E+02  1.199028E+02
1.732180E+02  9.948534E+00  2.457200E+02  1.199169E+02
1.731686E+02  9.956288E+00  2.456484E+02  1.199309E+02
1.730707E+02  9.971674E+00  2.455065E+02  1.199586E+02
1.730163E+02  9.980206E+00  2.454276E+02  1.199739E+02
1.729619E+02  9.988762E+00  2.453486E+02  1.199892E+02
1.729167E+02  9.995893E+00  2.452828E+02  1.200020E+02
1.728714E+02  1.000302E+01  2.452170E+02  1.200147E+02
1.727866E+02  1.001635E+01  2.450936E+02  1.200385E+02
1.726622E+02  1.003594E+01  2.449125E+02  1.200732E+02
1.726097E+02  1.004420E+01  2.448359E+02  1.200878E+02
1.725571E+02  1.005250E+01  2.447592E+02  1.201024E+02
1.724880E+02  1.006339E+01  2.446583E+02  1.201216E+02
1.724208E+02  1.007396E+01  2.445602E+02  1.201402E+02
1.723459E+02  1.008579E+01  2.444506E+02  1.201609E+02
1.722725E+02  1.009739E+01  2.443431E+02  1.201811E+02
1.722004E+02  1.010874E+01  2.442376E+02  1.202009E+02
1.721302E+02  1.011983E+01  2.441348E+02  1.202202E+02
1.720641E+02  1.013028E+01  2.440377E+02  1.202383E+02
1.720016E+02  1.014016E+01  2.439459E+02  1.202553E+02
1.719109E+02  1.015447E+01  2.438128E+02  1.202800E+02
1.718249E+02  1.016809E+01  2.436862E+02  1.203034E+02
1.717451E+02  1.018072E+01  2.435687E+02  1.203250E+02
1.716723E+02  1.019224E+01  2.434614E+02  1.203446E+02
1.716020E+02  1.020336E+01  2.433578E+02  1.203636E+02
1.715043E+02  1.021882E+01  2.432137E+02  1.203898E+02
1.714573E+02  1.022629E+01  2.431442E+02  1.204024E+02
1.714101E+02  1.023376E+01  2.430744E+02  1.204150E+02
1.713512E+02  1.024310E+01  2.429873E+02  1.204308E+02
1.712813E+02  1.025419E+01  2.428839E+02  1.204494E+02
1.712149E+02  1.026473E+01  2.427854E+02  1.204670E+02
1.711495E+02  1.027510E+01  2.426886E+02  1.204844E+02
1.710863E+02  1.028513E+01  2.425949E+02  1.205011E+02
1.710140E+02  1.029662E+01  2.424875E+02  1.205202E+02
1.709458E+02  1.030745E+01  2.423862E+02  1.205381E+02
1.708349E+02  1.032506E+01  2.422212E+02  1.205672E+02
1.707322E+02  1.034142E+01  2.420682E+02  1.205941E+02
1.706321E+02  1.035732E+01  2.419191E+02  1.206202E+02
1.705385E+02  1.037225E+01  2.417792E+02  1.206445E+02
1.704515E+02  1.038610E+01  2.416493E+02  1.206671E+02
1.703615E+02  1.040043E+01  2.415148E+02  1.206903E+02
1.702754E+02  1.041416E+01  2.413859E+02  1.207124E+02
1.702340E+02  1.042077E+01  2.413238E+02  1.207231E+02
1.701924E+02  1.042739E+01  2.412615E+02  1.207337E+02
1.701109E+02  1.044040E+01  2.411393E+02  1.207546E+02
1.700336E+02  1.045274E+01  2.410232E+02  1.207743E+02
1.699912E+02  1.045951E+01  2.409594E+02  1.207851E+02
1.699486E+02  1.046631E+01  2.408955E+02  1.207959E+02
1.698845E+02  1.047654E+01  2.407991E+02  1.208122E+02
1.698332E+02  1.048473E+01  2.407219E+02  1.208252E+02
1.697817E+02  1.049298E+01  2.406443E+02  1.208382E+02
1.697023E+02  1.050566E+01  2.405247E+02  1.208582E+02
1.696228E+02  1.051839E+01  2.404047E+02  1.208782E+02
1.695417E+02  1.053134E+01  2.402824E+02  1.208985E+02
1.694540E+02  1.054539E+01  2.401498E+02  1.209204E+02
1.693728E+02  1.055842E+01  2.400269E+02  1.209407E+02
1.693096E+02  1.056853E+01  2.399313E+02  1.209564E+02
1.692464E+02  1.057867E+01  2.398354E+02  1.209721E+02
1.691675E+02  1.059134E+01  2.397157E+02  1.209916E+02
1.690865E+02  1.060430E+01  2.395930E+02  1.210115E+02
1.690097E+02  1.061664E+01  2.394762E+02  1.210304E+02
1.689333E+02  1.062891E+01  2.393601E+02  1.210491E+02
1.688958E+02  1.063492E+01  2.393030E+02  1.210583E+02
1.688582E+02  1.064096E+01  2.392457E+02  1.210675E+02
1.687726E+02  1.065472E+01  2.391153E+02  1.210884E+02
1.686913E+02  1.066780E+01  2.389913E+02  1.211081E+02
1.686156E+02  1.067996E+01  2.388759E+02  1.211265E+02
1.685227E+02  1.069491E+01  2.387340E+02  1.211489E+02
1.684362E+02  1.070883E+01  2.386017E+02  1.211697E+02
1.683855E+02  1.071700E+01  2.385240E+02  1.211819E+02
1.683346E+02  1.072522E+01  2.384461E+02  1.211941E+02
1.682668E+02  1.073614E+01  2.383421E+02  1.212103E+02
1.682005E+02  1.074681E+01  2.382406E+02  1.212261E+02
1.681279E+02  1.075852E+01  2.381291E+02  1.212434E+02
1.680424E+02  1.077232E+01  2.379977E+02  1.212637E+02
1.679610E+02  1.078547E+01  2.378725E+02  1.212829E+02
1.678838E+02  1.079791E+01  2.377538E+02  1.213011E+02
1.678097E+02  1.080991E+01  2.376394E+02  1.213186E+02
1.677639E+02  1.081729E+01  2.375690E+02  1.213293E+02
1.677183E+02  1.082467E+01  2.374985E+02  1.213400E+02
1.676455E+02  1.083643E+01  2.373862E+02  1.213570E+02
1.675659E+02  1.084930E+01  2.372633E+02  1.213755E+02
1.674901E+02  1.086158E+01  2.371459E+02  1.213931E+02
1.674155E+02  1.087366E+01  2.370305E+02  1.214104E+02
1.673370E+02  1.088636E+01  2.369089E+02  1.214285E+02
1.672384E+02  1.090234E+01  2.367560E+02  1.214512E+02
1.671911E+02  1.091001E+01  2.366825E+02  1.214621E+02
1.671437E+02  1.091771E+01  2.366089E+02  1.214729E+02
1.670797E+02  1.092806E+01  2.365096E+02  1.214875E+02
1.670162E+02  1.093837E+01  2.364108E+02  1.215020E+02
1.669597E+02  1.094755E+01  2.363228E+02  1.215148E+02
1.669044E+02  1.095653E+01  2.362367E+02  1.215274E+02
1.668209E+02  1.097008E+01  2.361066E+02  1.215463E+02
1.667411E+02  1.098305E+01  2.359820E+02  1.215643E+02
1.667022E+02  1.098936E+01  2.359214E+02  1.215730E+02
1.666631E+02  1.099571E+01  2.358603E+02  1.215818E+02
1.665967E+02  1.100652E+01  2.357566E+02  1.215967E+02
1.665321E+02  1.101702E+01  2.356555E+02  1.216111E+02
1.664691E+02  1.102728E+01  2.355568E+02  1.216252E+02
1.664066E+02  1.103747E+01  2.354589E+02  1.216391E+02
1.663181E+02  1.105187E+01  2.353202E+02  1.216587E+02
1.662346E+02  1.106548E+01  2.351891E+02  1.216772E+02
1.661449E+02  1.108011E+01  2.350481E+02  1.216969E+02
1.660608E+02  1.109383E+01  2.349158E+02  1.217154E+02
1.659654E+02  1.110939E+01  2.347657E+02  1.217362E+02
1.658738E+02  1.112434E+01  2.346213E+02  1.217562E+02
1.657888E+02  1.113824E+01  2.344872E+02  1.217747E+02
1.657102E+02  1.115110E+01  2.343630E+02  1.217917E+02
1.656571E+02  1.115976E+01  2.342792E+02  1.218031E+02
1.656040E+02  1.116844E+01  2.341952E+02  1.218145E+02
1.655444E+02  1.117819E+01  2.341008E+02  1.218273E+02
1.654853E+02  1.118787E+01  2.340072E+02  1.218400E+02
1.654203E+02  1.119852E+01  2.339042E+02  1.218539E+02
1.653581E+02  1.120870E+01  2.338055E+02  1.218672E+02
1.652979E+02  1.121855E+01  2.337101E+02  1.218799E+02
1.652646E+02  1.122401E+01  2.336571E+02  1.218870E+02
1.652312E+02  1.122951E+01  2.336040E+02  1.218941E+02
1.651706E+02  1.123944E+01  2.335076E+02  1.219069E+02
1.651025E+02  1.125059E+01  2.333994E+02  1.219213E+02
1.650365E+02  1.126142E+01  2.332942E+02  1.219351E+02
1.649952E+02  1.126820E+01  2.332284E+02  1.219438E+02
1.649539E+02  1.127499E+01  2.331625E+02  1.219525E+02
1.648719E+02  1.128845E+01  2.330318E+02  1.219696E+02
1.648319E+02  1.129502E+01  2.329679E+02  1.219779E+02
1.647918E+02  1.130161E+01  2.329038E+02  1.219863E+02
1.647488E+02  1.130867E+01  2.328352E+02  1.219952E+02
1.647057E+02  1.131575E+01  2.327663E+02  1.220041E+02
1.646188E+02  1.133005E+01  2.326272E+02  1.220221E+02
1.645352E+02  1.134383E+01  2.324931E+02  1.220393E+02
1.644626E+02  1.135578E+01  2.323768E+02  1.220542E+02
1.643938E+02  1.136708E+01  2.322665E+02  1.220682E+02
1.643182E+02  1.137954E+01  2.321451E+02  1.220837E+02
1.642357E+02  1.139313E+01  2.320125E+02  1.221004E+02
1.641130E+02  1.141338E+01  2.318149E+02  1.221253E+02
1.640594E+02  1.142223E+01  2.317286E+02  1.221361E+02
1.640058E+02  1.143108E+01  2.316421E+02  1.221468E+02
1.639476E+02  1.144068E+01  2.315483E+02  1.221585E+02
1.638869E+02  1.145070E+01  2.314503E+02  1.221707E+02
1.638535E+02  1.145623E+01  2.313963E+02  1.221773E+02
1.638200E+02  1.146178E+01  2.313420E+02  1.221840E+02
1.637693E+02  1.147014E+01  2.312601E+02  1.221941E+02
1.636936E+02  1.148266E+01  2.311376E+02  1.222091E+02
1.636301E+02  1.149318E+01  2.310347E+02  1.222217E+02
1.635701E+02  1.150309E+01  2.309376E+02  1.222335E+02
1.635089E+02  1.151323E+01  2.308382E+02  1.222455E+02
1.634499E+02  1.152300E+01  2.307425E+02  1.222571E+02
1.633979E+02  1.153160E+01  2.306581E+02  1.222673E+02
1.633481E+02  1.153986E+01  2.305771E+02  1.222770E+02
1.632975E+02  1.154825E+01  2.304948E+02  1.222869E+02
1.632583E+02  1.155476E+01  2.304309E+02  1.222945E+02
1.632188E+02  1.156129E+01  2.303669E+02  1.223021E+02
1.631309E+02  1.157590E+01  2.302235E+02  1.223192E+02
1.630387E+02  1.159121E+01  2.300729E+02  1.223369E+02
1.629965E+02  1.159819E+01  2.300044E+02  1.223450E+02
1.629544E+02  1.160519E+01  2.299355E+02  1.223531E+02
1.628900E+02  1.161589E+01  2.298302E+02  1.223654E+02
1.628282E+02  1.162617E+01  2.297291E+02  1.223772E+02
1.627898E+02  1.163255E+01  2.296662E+02  1.223845E+02
1.627514E+02  1.163895E+01  2.296034E+02  1.223918E+02
1.626932E+02  1.164864E+01  2.295079E+02  1.224028E+02
1.626245E+02  1.166005E+01  2.293954E+02  1.224158E+02
1.625531E+02  1.167197E+01  2.292781E+02  1.224292E+02
1.624552E+02  1.168825E+01  2.291175E+02  1.224476E+02
1.623654E+02  1.170322E+01  2.289697E+02  1.224644E+02
1.622838E+02  1.171682E+01  2.288354E+02  1.224795E+02
1.622088E+02  1.172934E+01  2.287118E+02  1.224934E+02
1.621542E+02  1.173846E+01  2.286216E+02  1.225035E+02
1.620994E+02  1.174761E+01  2.285312E+02  1.225136E+02
1.620360E+02  1.175818E+01  2.284266E+02  1.225252E+02
1.619751E+02  1.176838E+01  2.283258E+02  1.225364E+02
1.619158E+02  1.177828E+01  2.282278E+02  1.225472E+02
1.618821E+02  1.178392E+01  2.281720E+02  1.225534E+02
1.618482E+02  1.178959E+01  2.281158E+02  1.225595E+02
1.618044E+02  1.179691E+01  2.280434E+02  1.225675E+02
1.617821E+02  1.180065E+01  2.280064E+02  1.225715E+02
1.617599E+02  1.180438E+01  2.279694E+02  1.225755E+02
1.616865E+02  1.181665E+01  2.278478E+02  1.225888E+02
1.616359E+02  1.182513E+01  2.277637E+02  1.225979E+02
1.615852E+02  1.183364E+01  2.276795E+02  1.226070E+02
1.615328E+02  1.184240E+01  2.275925E+02  1.226164E+02
1.614821E+02  1.185091E+01  2.275081E+02  1.226255E+02
1.614114E+02  1.186275E+01  2.273904E+02  1.226381E+02
1.613773E+02  1.186848E+01  2.273336E+02  1.226441E+02
1.613431E+02  1.187421E+01  2.272767E+02  1.226502E+02
1.613096E+02  1.187984E+01  2.272207E+02  1.226561E+02
1.612759E+02  1.188550E+01  2.271646E+02  1.226621E+02
1.612300E+02  1.189321E+01  2.270880E+02  1.226702E+02
1.611608E+02  1.190483E+01  2.269724E+02  1.226823E+02
1.610956E+02  1.191578E+01  2.268635E+02  1.226938E+02
1.610264E+02  1.192741E+01  2.267478E+02  1.227059E+02
1.609610E+02  1.193840E+01  2.266384E+02  1.227172E+02
1.609196E+02  1.194537E+01  2.265689E+02  1.227245E+02
1.608779E+02  1.195239E+01  2.264991E+02  1.227317E+02
1.608353E+02  1.195954E+01  2.264277E+02  1.227390E+02
1.607926E+02  1.196675E+01  2.263560E+02  1.227464E+02
1.607309E+02  1.197714E+01  2.262523E+02  1.227570E+02
1.606670E+02  1.198791E+01  2.261450E+02  1.227680E+02
1.605921E+02  1.200053E+01  2.260191E+02  1.227808E+02
1.605292E+02  1.201116E+01  2.259131E+02  1.227915E+02
1.604764E+02  1.202006E+01  2.258242E+02  1.228005E+02
1.604252E+02  1.202869E+01  2.257379E+02  1.228092E+02
1.603280E+02  1.204511E+01  2.255740E+02  1.228255E+02
1.602773E+02  1.205367E+01  2.254884E+02  1.228341E+02
1.602265E+02  1.206225E+01  2.254025E+02  1.228426E+02
1.601666E+02  1.207238E+01  2.253012E+02  1.228526E+02
1.601048E+02  1.208282E+01  2.251967E+02  1.228629E+02
1.600326E+02  1.209502E+01  2.250745E+02  1.228749E+02
1.599716E+02  1.210536E+01  2.249710E+02  1.228849E+02
1.599132E+02  1.211524E+01  2.248720E+02  1.228946E+02
1.598649E+02  1.212343E+01  2.247899E+02  1.229025E+02
1.598164E+02  1.213164E+01  2.247076E+02  1.229105E+02
1.597836E+02  1.213719E+01  2.246520E+02  1.229158E+02
1.597508E+02  1.214277E+01  2.245960E+02  1.229212E+02
1.597046E+02  1.215059E+01  2.245175E+02  1.229287E+02
1.596530E+02  1.215935E+01  2.244296E+02  1.229371E+02
1.596156E+02  1.216569E+01  2.243659E+02  1.229432E+02
1.595781E+02  1.217205E+01  2.243021E+02  1.229492E+02
1.595410E+02  1.217834E+01  2.242389E+02  1.229552E+02
1.594777E+02  1.218910E+01  2.241309E+02  1.229654E+02
1.594122E+02  1.220024E+01  2.240190E+02  1.229759E+02
1.593529E+02  1.221031E+01  2.239177E+02  1.229854E+02
1.593243E+02  1.221517E+01  2.238688E+02  1.229900E+02
1.592956E+02  1.222003E+01  2.238198E+02  1.229945E+02
1.592527E+02  1.222736E+01  2.237463E+02  1.230014E+02
1.592274E+02  1.223164E+01  2.237030E+02  1.230054E+02
1.592021E+02  1.223594E+01  2.236598E+02  1.230094E+02
1.591567E+02  1.224368E+01  2.235819E+02  1.230166E+02
1.591110E+02  1.225146E+01  2.235036E+02  1.230238E+02
1.590547E+02  1.226104E+01  2.234070E+02  1.230326E+02
1.589933E+02  1.227150E+01  2.233017E+02  1.230422E+02
1.589363E+02  1.228121E+01  2.232038E+02  1.230512E+02
1.588768E+02  1.229136E+01  2.231015E+02  1.230604E+02
1.588204E+02  1.230099E+01  2.230044E+02  1.230692E+02
1.587615E+02  1.231103E+01  2.229031E+02  1.230783E+02
1.587057E+02  1.232053E+01  2.228070E+02  1.230869E+02
1.586827E+02  1.232448E+01  2.227673E+02  1.230904E+02
1.586597E+02  1.232841E+01  2.227276E+02  1.230940E+02
1.586068E+02  1.233744E+01  2.226365E+02  1.231021E+02
1.585537E+02  1.234651E+01  2.225447E+02  1.231102E+02
1.584998E+02  1.235574E+01  2.224515E+02  1.231184E+02
1.584453E+02  1.236505E+01  2.223574E+02  1.231267E+02
1.583583E+02  1.237992E+01  2.222069E+02  1.231398E+02
1.582833E+02  1.239277E+01  2.220769E+02  1.231511E+02
1.582490E+02  1.239862E+01  2.220177E+02  1.231562E+02
1.582148E+02  1.240449E+01  2.219583E+02  1.231614E+02
1.581743E+02  1.241145E+01  2.218879E+02  1.231674E+02
1.581344E+02  1.241827E+01  2.218188E+02  1.231734E+02
1.580744E+02  1.242855E+01  2.217146E+02  1.231823E+02
1.580117E+02  1.243931E+01  2.216055E+02  1.231916E+02
1.579814E+02  1.244452E+01  2.215527E+02  1.231960E+02
1.579510E+02  1.244973E+01  2.214999E+02  1.232005E+02
1.578985E+02  1.245875E+01  2.214085E+02  1.232082E+02
1.578648E+02  1.246454E+01  2.213497E+02  1.232132E+02
1.578310E+02  1.247032E+01  2.212909E+02  1.232181E+02
1.578018E+02  1.247534E+01  2.212401E+02  1.232224E+02
1.577733E+02  1.248025E+01  2.211903E+02  1.232265E+02
1.577150E+02  1.249025E+01  2.210887E+02  1.232350E+02
1.576573E+02  1.250016E+01  2.209879E+02  1.232434E+02
1.575985E+02  1.251030E+01  2.208849E+02  1.232519E+02
1.575433E+02  1.251977E+01  2.207885E+02  1.232598E+02
1.575162E+02  1.252445E+01  2.207411E+02  1.232637E+02
1.574891E+02  1.252910E+01  2.206938E+02  1.232676E+02
1.574508E+02  1.253572E+01  2.206265E+02  1.232731E+02
1.574122E+02  1.254235E+01  2.205589E+02  1.232786E+02
1.573668E+02  1.255018E+01  2.204793E+02  1.232850E+02
1.573076E+02  1.256038E+01  2.203754E+02  1.232934E+02
1.572685E+02  1.256713E+01  2.203068E+02  1.232989E+02
1.572292E+02  1.257389E+01  2.202379E+02  1.233045E+02
1.571913E+02  1.258044E+01  2.201712E+02  1.233098E+02
1.571532E+02  1.258701E+01  2.201043E+02  1.233152E+02
1.571236E+02  1.259211E+01  2.200523E+02  1.233193E+02
1.570941E+02  1.259721E+01  2.200003E+02  1.233234E+02
1.570648E+02  1.260227E+01  2.199488E+02  1.233275E+02
1.570370E+02  1.260707E+01  2.198997E+02  1.233314E+02
1.569939E+02  1.261453E+01  2.198238E+02  1.233374E+02
1.569573E+02  1.262084E+01  2.197593E+02  1.233424E+02
1.569207E+02  1.262717E+01  2.196947E+02  1.233475E+02
1.568680E+02  1.263628E+01  2.196018E+02  1.233547E+02
1.568151E+02  1.264542E+01  2.195083E+02  1.233620E+02
1.567852E+02  1.265059E+01  2.194556E+02  1.233661E+02
1.567553E+02  1.265577E+01  2.194027E+02  1.233702E+02
1.567165E+02  1.266249E+01  2.193340E+02  1.233755E+02
1.566776E+02  1.266923E+01  2.192652E+02  1.233808E+02
1.566354E+02  1.267653E+01  2.191905E+02  1.233865E+02
1.566057E+02  1.268167E+01  2.191379E+02  1.233906E+02
1.565758E+02  1.268685E+01  2.190849E+02  1.233946E+02
1.565416E+02  1.269280E+01  2.190242E+02  1.233992E+02
1.565078E+02  1.269865E+01  2.189643E+02  1.234038E+02
1.564612E+02  1.270672E+01  2.188817E+02  1.234100E+02
1.564159E+02  1.271456E+01  2.188014E+02  1.234161E+02
1.563709E+02  1.272240E+01  2.187212E+02  1.234221E+02
1.563234E+02  1.273065E+01  2.186368E+02  1.234284E+02
1.562695E+02  1.274000E+01  2.185410E+02  1.234355E+02
1.562201E+02  1.274857E+01  2.184531E+02  1.234421E+02
1.561736E+02  1.275665E+01  2.183703E+02  1.234482E+02
1.561304E+02  1.276417E+01  2.182932E+02  1.234538E+02
1.561095E+02  1.276779E+01  2.182561E+02  1.234566E+02
1.560887E+02  1.277142E+01  2.182189E+02  1.234593E+02
1.560396E+02  1.277998E+01  2.181311E+02  1.234657E+02
1.559923E+02  1.278819E+01  2.180468E+02  1.234719E+02
1.559426E+02  1.279683E+01  2.179582E+02  1.234783E+02
1.558897E+02  1.280607E+01  2.178634E+02  1.234851E+02
1.558611E+02  1.281103E+01  2.178123E+02  1.234888E+02
1.558325E+02  1.281601E+01  2.177612E+02  1.234925E+02
1.557983E+02  1.282198E+01  2.176998E+02  1.234969E+02
1.557647E+02  1.282783E+01  2.176398E+02  1.235012E+02
1.557285E+02  1.283412E+01  2.175750E+02  1.235058E+02
1.556937E+02  1.284020E+01  2.175126E+02  1.235102E+02
1.556569E+02  1.284664E+01  2.174464E+02  1.235149E+02
1.556214E+02  1.285282E+01  2.173828E+02  1.235194E+02
1.555782E+02  1.286034E+01  2.173054E+02  1.235248E+02
1.555046E+02  1.287320E+01  2.171732E+02  1.235341E+02
1.554702E+02  1.287923E+01  2.171111E+02  1.235384E+02
1.554355E+02  1.288527E+01  2.170488E+02  1.235427E+02
1.553933E+02  1.289266E+01  2.169727E+02  1.235480E+02
1.553578E+02  1.289888E+01  2.169088E+02  1.235524E+02
1.553230E+02  1.290494E+01  2.168462E+02  1.235567E+02
1.552690E+02  1.291440E+01  2.167488E+02  1.235634E+02
1.552385E+02  1.291973E+01  2.166938E+02  1.235672E+02
1.552081E+02  1.292506E+01  2.166389E+02  1.235709E+02
1.551630E+02  1.293295E+01  2.165576E+02  1.235764E+02
1.551196E+02  1.294057E+01  2.164790E+02  1.235817E+02
1.550767E+02  1.294805E+01  2.164017E+02  1.235870E+02
1.550217E+02  1.295769E+01  2.163022E+02  1.235936E+02
1.549748E+02  1.296593E+01  2.162172E+02  1.235993E+02
1.549328E+02  1.297329E+01  2.161412E+02  1.236044E+02
1.548919E+02  1.298049E+01  2.160669E+02  1.236093E+02
1.548337E+02  1.299071E+01  2.159614E+02  1.236163E+02
1.548047E+02  1.299576E+01  2.159090E+02  1.236197E+02
1.547757E+02  1.300086E+01  2.158563E+02  1.236232E+02
1.547401E+02  1.300712E+01  2.157916E+02  1.236274E+02
1.547050E+02  1.301330E+01  2.157279E+02  1.236316E+02
1.546692E+02  1.301959E+01  2.156627E+02  1.236358E+02
1.546332E+02  1.302591E+01  2.155972E+02  1.236400E+02
1.545903E+02  1.303345E+01  2.155193E+02  1.236451E+02
1.545463E+02  1.304122E+01  2.154390E+02  1.236502E+02
1.545070E+02  1.304810E+01  2.153676E+02  1.236548E+02
1.544672E+02  1.305513E+01  2.152949E+02  1.236594E+02
1.544258E+02  1.306242E+01  2.152194E+02  1.236643E+02
1.543784E+02  1.307076E+01  2.151330E+02  1.236697E+02
1.543570E+02  1.307452E+01  2.150940E+02  1.236722E+02
1.543358E+02  1.307828E+01  2.150551E+02  1.236746E+02
1.542987E+02  1.308481E+01  2.149873E+02  1.236789E+02
1.542656E+02  1.309064E+01  2.149269E+02  1.236827E+02
1.542336E+02  1.309629E+01  2.148683E+02  1.236863E+02
1.542121E+02  1.310008E+01  2.148291E+02  1.236888E+02
1.541906E+02  1.310386E+01  2.147898E+02  1.236912E+02
1.541559E+02  1.310999E+01  2.147262E+02  1.236952E+02
1.540892E+02  1.312175E+01  2.146042E+02  1.237027E+02
1.540301E+02  1.313221E+01  2.144956E+02  1.237094E+02
1.540102E+02  1.313573E+01  2.144591E+02  1.237116E+02
1.539902E+02  1.313925E+01  2.144225E+02  1.237138E+02
1.539322E+02  1.314950E+01  2.143160E+02  1.237203E+02
1.538997E+02  1.315525E+01  2.142563E+02  1.237239E+02
1.538671E+02  1.316103E+01  2.141963E+02  1.237276E+02
1.538458E+02  1.316478E+01  2.141572E+02  1.237299E+02
1.538244E+02  1.316856E+01  2.141179E+02  1.237323E+02
1.537946E+02  1.317385E+01  2.140629E+02  1.237356E+02
1.537638E+02  1.317930E+01  2.140063E+02  1.237390E+02
1.537248E+02  1.318620E+01  2.139346E+02  1.237432E+02
1.536858E+02  1.319311E+01  2.138627E+02  1.237475E+02
1.536435E+02  1.320061E+01  2.137847E+02  1.237521E+02
1.536154E+02  1.320558E+01  2.137329E+02  1.237552E+02
1.535874E+02  1.321055E+01  2.136811E+02  1.237582E+02
1.535570E+02  1.321595E+01  2.136250E+02  1.237615E+02
1.535266E+02  1.322132E+01  2.135690E+02  1.237648E+02
1.534685E+02  1.323164E+01  2.134616E+02  1.237710E+02
1.534153E+02  1.324108E+01  2.133632E+02  1.237767E+02
1.533921E+02  1.324519E+01  2.133204E+02  1.237792E+02
1.533690E+02  1.324931E+01  2.132775E+02  1.237816E+02
1.533218E+02  1.325769E+01  2.131901E+02  1.237866E+02
1.532939E+02  1.326264E+01  2.131385E+02  1.237896E+02
1.532658E+02  1.326764E+01  2.130864E+02  1.237925E+02
1.532340E+02  1.327329E+01  2.130274E+02  1.237959E+02
1.532019E+02  1.327899E+01  2.129680E+02  1.237993E+02
1.531591E+02  1.328661E+01  2.128884E+02  1.238037E+02
1.531386E+02  1.329025E+01  2.128505E+02  1.238059E+02
1.531181E+02  1.329392E+01  2.128122E+02  1.238080E+02
1.530741E+02  1.330175E+01  2.127304E+02  1.238126E+02
1.530305E+02  1.330951E+01  2.126494E+02  1.238171E+02
1.529900E+02  1.331673E+01  2.125740E+02  1.238213E+02
1.529716E+02  1.331998E+01  2.125400E+02  1.238232E+02
1.529534E+02  1.332323E+01  2.125061E+02  1.238250E+02
1.529212E+02  1.332898E+01  2.124461E+02  1.238283E+02
1.528900E+02  1.333455E+01  2.123879E+02  1.238315E+02
1.528566E+02  1.334049E+01  2.123257E+02  1.238349E+02
1.528242E+02  1.334627E+01  2.122653E+02  1.238382E+02
1.527937E+02  1.335171E+01  2.122085E+02  1.238413E+02
1.527677E+02  1.335636E+01  2.121598E+02  1.238439E+02
1.527424E+02  1.336088E+01  2.121126E+02  1.238465E+02
1.527022E+02  1.336806E+01  2.120374E+02  1.238505E+02
1.526555E+02  1.337639E+01  2.119502E+02  1.238552E+02
1.526329E+02  1.338043E+01  2.119079E+02  1.238575E+02
1.526101E+02  1.338450E+01  2.118653E+02  1.238597E+02
1.525838E+02  1.338920E+01  2.118161E+02  1.238623E+02
1.525540E+02  1.339452E+01  2.117604E+02  1.238653E+02
1.525249E+02  1.339973E+01  2.117058E+02  1.238682E+02
1.524965E+02  1.340483E+01  2.116525E+02  1.238710E+02
1.524685E+02  1.340981E+01  2.116002E+02  1.238737E+02
1.524383E+02  1.341523E+01  2.115434E+02  1.238767E+02
1.524096E+02  1.342036E+01  2.114897E+02  1.238795E+02
1.523832E+02  1.342509E+01  2.114402E+02  1.238821E+02
1.523570E+02  1.342977E+01  2.113909E+02  1.238846E+02
1.523308E+02  1.343448E+01  2.113416E+02  1.238872E+02
1.522821E+02  1.344320E+01  2.112503E+02  1.238919E+02
1.522605E+02  1.344705E+01  2.112098E+02  1.238939E+02
1.522391E+02  1.345092E+01  2.111694E+02  1.238960E+02
1.522021E+02  1.345754E+01  2.110998E+02  1.238995E+02
1.521623E+02  1.346467E+01  2.110249E+02  1.239034E+02
1.521185E+02  1.347253E+01  2.109425E+02  1.239075E+02
1.520902E+02  1.347763E+01  2.108890E+02  1.239102E+02
1.520618E+02  1.348272E+01  2.108356E+02  1.239129E+02
1.520322E+02  1.348804E+01  2.107797E+02  1.239157E+02
1.520031E+02  1.349325E+01  2.107248E+02  1.239184E+02
1.519741E+02  1.349847E+01  2.106701E+02  1.239212E+02
1.519448E+02  1.350372E+01  2.106148E+02  1.239239E+02
1.519167E+02  1.350876E+01  2.105618E+02  1.239265E+02
1.518858E+02  1.351433E+01  2.105034E+02  1.239294E+02
1.518547E+02  1.351992E+01  2.104445E+02  1.239323E+02
1.518230E+02  1.352563E+01  2.103845E+02  1.239352E+02
1.517918E+02  1.353124E+01  2.103256E+02  1.239381E+02
1.517543E+02  1.353798E+01  2.102546E+02  1.239415E+02
1.517358E+02  1.354133E+01  2.102194E+02  1.239432E+02
1.517173E+02  1.354468E+01  2.101843E+02  1.239449E+02
1.516846E+02  1.355053E+01  2.101225E+02  1.239479E+02
1.516450E+02  1.355768E+01  2.100474E+02  1.239515E+02
1.516264E+02  1.356104E+01  2.100121E+02  1.239532E+02
1.516078E+02  1.356440E+01  2.099767E+02  1.239549E+02
1.515699E+02  1.357121E+01  2.099048E+02  1.239583E+02
1.515332E+02  1.357783E+01  2.098352E+02  1.239616E+02
1.515012E+02  1.358360E+01  2.097744E+02  1.239645E+02
1.514702E+02  1.358920E+01  2.097154E+02  1.239672E+02
1.514383E+02  1.359495E+01  2.096548E+02  1.239701E+02
1.514091E+02  1.360023E+01  2.095992E+02  1.239727E+02
1.513797E+02  1.360552E+01  2.095433E+02  1.239753E+02
1.513491E+02  1.361105E+01  2.094850E+02  1.239779E+02
1.513102E+02  1.361810E+01  2.094107E+02  1.239814E+02
1.512864E+02  1.362239E+01  2.093654E+02  1.239835E+02
1.512625E+02  1.362672E+01  2.093198E+02  1.239855E+02
1.512457E+02  1.362975E+01  2.092878E+02  1.239870E+02
1.512288E+02  1.363280E+01  2.092557E+02  1.239885E+02
1.512032E+02  1.363744E+01  2.092067E+02  1.239907E+02
1.511776E+02  1.364207E+01  2.091578E+02  1.239929E+02
1.511507E+02  1.364694E+01  2.091064E+02  1.239952E+02
1.511374E+02  1.364934E+01  2.090810E+02  1.239964E+02
1.511242E+02  1.365172E+01  2.090558E+02  1.239975E+02
1.511008E+02  1.365595E+01  2.090112E+02  1.239995E+02
1.510783E+02  1.366004E+01  2.089681E+02  1.240015E+02
1.510540E+02  1.366444E+01  2.089216E+02  1.240035E+02
1.510296E+02  1.366885E+01  2.088750E+02  1.240056E+02
1.509978E+02  1.367462E+01  2.088141E+02  1.240083E+02
1.509764E+02  1.367851E+01  2.087730E+02  1.240101E+02
1.509549E+02  1.368241E+01  2.087319E+02  1.240119E+02
1.509222E+02  1.368832E+01  2.086693E+02  1.240147E+02
1.508913E+02  1.369393E+01  2.086100E+02  1.240173E+02
1.508474E+02  1.370190E+01  2.085258E+02  1.240210E+02
1.508265E+02  1.370568E+01  2.084858E+02  1.240227E+02
1.508057E+02  1.370946E+01  2.084458E+02  1.240244E+02
1.507719E+02  1.371559E+01  2.083810E+02  1.240272E+02
1.507396E+02  1.372147E+01  2.083188E+02  1.240299E+02
1.507169E+02  1.372557E+01  2.082752E+02  1.240318E+02
1.506940E+02  1.372975E+01  2.082312E+02  1.240337E+02
1.506690E+02  1.373429E+01  2.081831E+02  1.240357E+02
1.506435E+02  1.373893E+01  2.081341E+02  1.240378E+02
1.506106E+02  1.374490E+01  2.080708E+02  1.240405E+02
1.505817E+02  1.375018E+01  2.080149E+02  1.240428E+02
1.505538E+02  1.375523E+01  2.079613E+02  1.240451E+02
1.505346E+02  1.375872E+01  2.079244E+02  1.240466E+02
1.505155E+02  1.376221E+01  2.078874E+02  1.240482E+02
1.504873E+02  1.376735E+01  2.078330E+02  1.240504E+02
1.504595E+02  1.377240E+01  2.077795E+02  1.240526E+02
1.504331E+02  1.377720E+01  2.077286E+02  1.240547E+02
1.504060E+02  1.378214E+01  2.076762E+02  1.240569E+02
1.503762E+02  1.378758E+01  2.076186E+02  1.240593E+02
1.503463E+02  1.379303E+01  2.075608E+02  1.240616E+02
1.503240E+02  1.379707E+01  2.075179E+02  1.240634E+02
1.503020E+02  1.380109E+01  2.074753E+02  1.240651E+02
1.502707E+02  1.380678E+01  2.074149E+02  1.240676E+02
1.502423E+02  1.381200E+01  2.073596E+02  1.240698E+02
1.502084E+02  1.381819E+01  2.072940E+02  1.240724E+02
1.501744E+02  1.382440E+01  2.072281E+02  1.240750E+02
1.501563E+02  1.382769E+01  2.071931E+02  1.240764E+02
1.501382E+02  1.383102E+01  2.071578E+02  1.240778E+02
1.501113E+02  1.383592E+01  2.071058E+02  1.240799E+02
1.500842E+02  1.384085E+01  2.070534E+02  1.240820E+02
1.500551E+02  1.384617E+01  2.069968E+02  1.240842E+02
