# HSM/GeV  HNSM/GeV  HS/GeV  T/GeV
2.460732E+02  1.149158E-04  -2.229045E+02  0.000000E+00
2.460732E+02  6.645176E-04  -2.229031E+02  3.129357E-01
2.460725E+02  6.885872E-04  -2.229028E+02  2.312936E+00
2.460715E+02  7.311265E-04  -2.229018E+02  4.312936E+00
2.460695E+02  1.651972E-03  -2.228982E+02  6.312936E+00
2.460662E+02  3.128347E-03  -2.228925E+02  8.417248E+00
2.460619E+02  5.116625E-03  -2.228850E+02  1.036345E+01
2.460566E+02  7.509053E-03  -2.228762E+02  1.209438E+01
2.460503E+02  1.036523E-02  -2.228658E+02  1.369221E+01
2.460430E+02  1.361801E-02  -2.228541E+02  1.515822E+01
2.460345E+02  1.730524E-02  -2.228409E+02  1.650860E+01
2.460248E+02  2.151075E-02  -2.228260E+02  1.777841E+01
2.460138E+02  2.608703E-02  -2.228096E+02  1.896199E+01
2.460014E+02  3.122406E-02  -2.227913E+02  2.008806E+01
2.459875E+02  3.683878E-02  -2.227712E+02  2.116451E+01
2.459719E+02  4.299991E-02  -2.227490E+02  2.220103E+01
2.459546E+02  4.967312E-02  -2.227250E+02  2.319511E+01
2.459354E+02  5.687397E-02  -2.226989E+02  2.415889E+01
2.459146E+02  6.456829E-02  -2.226710E+02  2.508474E+01
2.458917E+02  7.277166E-02  -2.226410E+02  2.598412E+01
2.458672E+02  8.140935E-02  -2.226094E+02  2.684772E+01
2.458405E+02  9.060061E-02  -2.225756E+02  2.769665E+01
2.458117E+02  1.003122E-01  -2.225398E+02  2.852652E+01
2.457803E+02  1.106708E-01  -2.225014E+02  2.934913E+01
2.457479E+02  1.210809E-01  -2.224627E+02  3.012218E+01
2.457137E+02  1.318543E-01  -2.224224E+02  3.087304E+01
2.456776E+02  1.430797E-01  -2.223803E+02  3.160950E+01
2.456381E+02  1.550834E-01  -2.223351E+02  3.235368E+01
2.455955E+02  1.677553E-01  -2.222873E+02  3.309826E+01
2.455512E+02  1.806764E-01  -2.222383E+02  3.381818E+01
2.455055E+02  1.938133E-01  -2.221883E+02  3.451363E+01
2.454579E+02  2.072616E-01  -2.221370E+02  3.519249E+01
2.454082E+02  2.209952E-01  -2.220843E+02  3.585822E+01
2.453552E+02  2.354579E-01  -2.220288E+02  3.652795E+01
2.453004E+02  2.501487E-01  -2.219722E+02  3.718246E+01
2.452429E+02  2.653590E-01  -2.219134E+02  3.783158E+01
2.451862E+02  2.801080E-01  -2.218562E+02  3.843872E+01
2.451243E+02  2.960149E-01  -2.217943E+02  3.907017E+01
2.450608E+02  3.120691E-01  -2.217317E+02  3.968578E+01
2.449975E+02  3.278726E-01  -2.216699E+02  4.027142E+01
2.449293E+02  3.447172E-01  -2.216038E+02  4.087528E+01
2.448592E+02  3.617994E-01  -2.215366E+02  4.146843E+01
2.447854E+02  3.795372E-01  -2.214667E+02  4.206578E+01
2.447108E+02  3.972797E-01  -2.213965E+02  4.264548E+01
2.446382E+02  4.143257E-01  -2.213289E+02  4.318706E+01
2.445598E+02  4.325754E-01  -2.212564E+02  4.375053E+01
2.444814E+02  4.506132E-01  -2.211846E+02  4.429295E+01
2.444035E+02  4.683271E-01  -2.211138E+02  4.481276E+01
2.443210E+02  4.869541E-01  -2.210393E+02  4.534520E+01
2.442399E+02  5.050939E-01  -2.209664E+02  4.585130E+01
2.441523E+02  5.244780E-01  -2.208885E+02  4.637975E+01
2.440648E+02  5.437163E-01  -2.208110E+02  4.689133E+01
2.439770E+02  5.628436E-01  -2.207338E+02  4.738906E+01
2.438848E+02  5.827384E-01  -2.206532E+02  4.789529E+01
2.437900E+02  6.030383E-01  -2.205709E+02  4.840057E+01
2.436896E+02  6.243796E-01  -2.204841E+02  4.891993E+01
2.435899E+02  6.454494E-01  -2.203983E+02  4.942083E+01
2.434829E+02  6.678281E-01  -2.203069E+02  4.994273E+01
2.433777E+02  6.897004E-01  -2.202174E+02  5.044126E+01
2.432707E+02  7.118020E-01  -2.201269E+02  5.093428E+01
2.431694E+02  7.325426E-01  -2.200416E+02  5.138954E+01
2.430617E+02  7.545133E-01  -2.199513E+02  5.186105E+01
2.429529E+02  7.765427E-01  -2.198604E+02  5.232586E+01
2.428367E+02  7.999228E-01  -2.197639E+02  5.280965E+01
2.427278E+02  8.217076E-01  -2.196736E+02  5.325283E+01
2.426240E+02  8.423627E-01  -2.195880E+02  5.366559E+01
2.425089E+02  8.651687E-01  -2.194932E+02  5.411372E+01
2.423864E+02  8.892949E-01  -2.193929E+02  5.457914E+01
2.422662E+02  9.128876E-01  -2.192945E+02  5.502630E+01
2.421508E+02  9.354209E-01  -2.192004E+02  5.544640E+01
2.420313E+02  9.586257E-01  -2.191034E+02  5.587220E+01
2.419194E+02  9.802352E-01  -2.190128E+02  5.626295E+01
2.417959E+02  1.004046E+00  -2.189129E+02  5.668642E+01
2.416600E+02  1.030106E+00  -2.188033E+02  5.714251E+01
2.415294E+02  1.055069E+00  -2.186982E+02  5.757226E+01
2.414052E+02  1.078680E+00  -2.185986E+02  5.797238E+01
2.412723E+02  1.103888E+00  -2.184921E+02  5.839337E+01
2.411451E+02  1.127921E+00  -2.183905E+02  5.878835E+01
2.410140E+02  1.152600E+00  -2.182858E+02  5.918855E+01
2.408887E+02  1.176115E+00  -2.181860E+02  5.956438E+01
2.407708E+02  1.198155E+00  -2.180924E+02  5.991208E+01
2.406345E+02  1.223611E+00  -2.179840E+02  6.030790E+01
2.404864E+02  1.251125E+00  -2.178667E+02  6.073030E+01
2.403459E+02  1.277188E+00  -2.177555E+02  6.112395E+01
2.402093E+02  1.302467E+00  -2.176474E+02  6.150056E+01
2.400810E+02  1.326147E+00  -2.175461E+02  6.184858E+01
2.399473E+02  1.350738E+00  -2.174407E+02  6.220604E+01
2.398111E+02  1.375750E+00  -2.173333E+02  6.256495E+01
2.396789E+02  1.400014E+00  -2.172290E+02  6.290821E+01
2.395309E+02  1.427033E+00  -2.171127E+02  6.328648E+01
2.393910E+02  1.452557E+00  -2.170027E+02  6.363884E+01
2.392282E+02  1.482209E+00  -2.168747E+02  6.404284E+01
2.390740E+02  1.510238E+00  -2.167536E+02  6.441927E+01
2.389183E+02  1.538482E+00  -2.166314E+02  6.479370E+01
2.387665E+02  1.565969E+00  -2.165123E+02  6.515349E+01
2.386101E+02  1.594217E+00  -2.163896E+02  6.551893E+01
2.384656E+02  1.620275E+00  -2.162764E+02  6.585175E+01
2.383114E+02  1.648052E+00  -2.161555E+02  6.620240E+01
2.381591E+02  1.675438E+00  -2.160362E+02  6.654396E+01
2.380094E+02  1.702343E+00  -2.159189E+02  6.687554E+01
2.378431E+02  1.732192E+00  -2.157885E+02  6.723881E+01
2.376718E+02  1.762866E+00  -2.156544E+02  6.760812E+01
2.375073E+02  1.792338E+00  -2.155254E+02  6.795745E+01
2.373549E+02  1.819580E+00  -2.154059E+02  6.827726E+01
2.371907E+02  1.848916E+00  -2.152772E+02  6.861749E+01
2.370349E+02  1.876716E+00  -2.151551E+02  6.893641E+01
2.368745E+02  1.905283E+00  -2.150293E+02  6.926073E+01
2.367025E+02  1.935941E+00  -2.148943E+02  6.960457E+01
2.365353E+02  1.965686E+00  -2.147631E+02  6.993429E+01
2.363755E+02  1.994116E+00  -2.146376E+02  7.024592E+01
2.362215E+02  2.021510E+00  -2.145166E+02  7.054309E+01
2.360491E+02  2.052086E+00  -2.143811E+02  7.087141E+01
2.358867E+02  2.080929E+00  -2.142534E+02  7.117757E+01
2.357313E+02  2.108503E+00  -2.141311E+02  7.146741E+01
2.355582E+02  2.139239E+00  -2.139947E+02  7.178659E+01
2.353974E+02  2.167746E+00  -2.138680E+02  7.207993E+01
2.352223E+02  2.198772E+00  -2.137299E+02  7.239592E+01
2.350593E+02  2.227655E+00  -2.136013E+02  7.268693E+01
2.349040E+02  2.255175E+00  -2.134785E+02  7.296152E+01
2.347408E+02  2.284074E+00  -2.133495E+02  7.324706E+01
2.345473E+02  2.318348E+00  -2.131964E+02  7.358215E+01
2.343587E+02  2.351736E+00  -2.130470E+02  7.390488E+01
2.341620E+02  2.386583E+00  -2.128910E+02  7.423772E+01
2.339853E+02  2.417880E+00  -2.127506E+02  7.453352E+01
2.338189E+02  2.447395E+00  -2.126182E+02  7.480940E+01
2.336603E+02  2.475430E+00  -2.124922E+02  7.506967E+01
2.334810E+02  2.507192E+00  -2.123494E+02  7.536126E+01
2.333132E+02  2.536905E+00  -2.122156E+02  7.563153E+01
2.331264E+02  2.569989E+00  -2.120665E+02  7.592963E+01
2.329508E+02  2.601109E+00  -2.119261E+02  7.620702E+01
2.327667E+02  2.633763E+00  -2.117787E+02  7.649504E+01
2.325989E+02  2.663498E+00  -2.116443E+02  7.675504E+01
2.324239E+02  2.694520E+00  -2.115039E+02  7.702401E+01
2.322405E+02  2.727072E+00  -2.113565E+02  7.730330E+01
2.320528E+02  2.760397E+00  -2.112054E+02  7.758639E+01
2.318726E+02  2.792371E+00  -2.110603E+02  7.785557E+01
2.317032E+02  2.822479E+00  -2.109236E+02  7.810651E+01
2.315087E+02  2.857059E+00  -2.107664E+02  7.839197E+01
2.313236E+02  2.889970E+00  -2.106166E+02  7.866132E+01
2.311324E+02  2.923980E+00  -2.104616E+02  7.893695E+01
2.309399E+02  2.958240E+00  -2.103054E+02  7.921181E+01
2.307560E+02  2.991033E+00  -2.101558E+02  7.947216E+01
2.305779E+02  3.022774E+00  -2.100108E+02  7.972221E+01
2.303809E+02  3.057907E+00  -2.098501E+02  7.999642E+01
2.301960E+02  3.090904E+00  -2.096990E+02  8.025152E+01
2.300312E+02  3.120336E+00  -2.095641E+02  8.047727E+01
2.298507E+02  3.152618E+00  -2.094162E+02  8.072236E+01
2.296649E+02  3.185853E+00  -2.092636E+02  8.097286E+01
2.294981E+02  3.215711E+00  -2.091264E+02  8.119576E+01
2.292987E+02  3.251459E+00  -2.089621E+02  8.146035E+01
2.291020E+02  3.286737E+00  -2.087998E+02  8.171910E+01
2.289261E+02  3.318286E+00  -2.086544E+02  8.194858E+01
2.287416E+02  3.351417E+00  -2.085017E+02  8.218752E+01
2.285660E+02  3.382981E+00  -2.083561E+02  8.241313E+01
2.283917E+02  3.414330E+00  -2.082113E+02  8.263550E+01
2.282120E+02  3.446712E+00  -2.080616E+02  8.286319E+01
2.280009E+02  3.484776E+00  -2.078856E+02  8.312842E+01
2.278460E+02  3.512708E+00  -2.077562E+02  8.332166E+01
2.277389E+02  3.532044E+00  -2.076666E+02  8.345456E+01
2.276314E+02  3.551501E+00  -2.075765E+02  8.358746E+01
2.274120E+02  3.591155E+00  -2.073925E+02  8.385675E+01
2.272192E+02  3.626057E+00  -2.072305E+02  8.409148E+01
2.270064E+02  3.664637E+00  -2.070512E+02  8.434856E+01
2.268023E+02  3.701678E+00  -2.068790E+02  8.459320E+01
2.266275E+02  3.733421E+00  -2.067312E+02  8.480105E+01
2.264680E+02  3.762432E+00  -2.065960E+02  8.498959E+01
2.262898E+02  3.794857E+00  -2.064448E+02  8.519889E+01
2.260928E+02  3.830769E+00  -2.062772E+02  8.542869E+01
2.259008E+02  3.865789E+00  -2.061137E+02  8.565093E+01
2.257300E+02  3.896990E+00  -2.059679E+02  8.584738E+01
2.255299E+02  3.933605E+00  -2.057967E+02  8.607608E+01
2.253227E+02  3.971521E+00  -2.056191E+02  8.631099E+01
2.252129E+02  3.991641E+00  -2.055249E+02  8.643470E+01
2.251028E+02  4.011852E+00  -2.054302E+02  8.655840E+01
2.249134E+02  4.046605E+00  -2.052672E+02  8.676990E+01
2.246978E+02  4.086241E+00  -2.050811E+02  8.700897E+01
2.244676E+02  4.128638E+00  -2.048819E+02  8.726219E+01
2.242175E+02  4.174777E+00  -2.046650E+02  8.753507E+01
2.239878E+02  4.217175E+00  -2.044653E+02  8.778358E+01
2.237796E+02  4.255692E+00  -2.042839E+02  8.800702E+01
2.235800E+02  4.292656E+00  -2.041095E+02  8.821985E+01
2.233470E+02  4.335889E+00  -2.039054E+02  8.846646E+01
2.232226E+02  4.359013E+00  -2.037962E+02  8.859736E+01
2.230976E+02  4.382248E+00  -2.036864E+02  8.872826E+01
2.228816E+02  4.422427E+00  -2.034963E+02  8.895322E+01
2.226782E+02  4.460366E+00  -2.033168E+02  8.916364E+01
2.224966E+02  4.494297E+00  -2.031561E+02  8.935025E+01
2.222952E+02  4.531931E+00  -2.029776E+02  8.955598E+01
2.221195E+02  4.564818E+00  -2.028216E+02  8.973428E+01
2.219588E+02  4.594974E+00  -2.026785E+02  8.989653E+01
2.217844E+02  4.627690E+00  -2.025230E+02  9.007162E+01
2.216253E+02  4.657606E+00  -2.023808E+02  9.023050E+01
2.214442E+02  4.691642E+00  -2.022188E+02  9.041029E+01
2.212557E+02  4.727175E+00  -2.020497E+02  9.059642E+01
2.210683E+02  4.762552E+00  -2.018812E+02  9.078042E+01
2.208904E+02  4.796133E+00  -2.017210E+02  9.095389E+01
2.207122E+02  4.829902E+00  -2.015600E+02  9.112693E+01
2.205222E+02  4.865898E+00  -2.013881E+02  9.131022E+01
2.204028E+02  4.888546E+00  -2.012800E+02  9.142474E+01
2.202831E+02  4.911286E+00  -2.011712E+02  9.153926E+01
2.200813E+02  4.949670E+00  -2.009877E+02  9.173133E+01
2.199051E+02  4.983209E+00  -2.008271E+02  9.189812E+01
2.197015E+02  5.022071E+00  -2.006410E+02  9.208970E+01
2.194852E+02  5.063347E+00  -2.004432E+02  9.229173E+01
2.192831E+02  5.102063E+00  -2.002575E+02  9.247951E+01
2.190714E+02  5.142607E+00  -2.000628E+02  9.267491E+01
2.188837E+02  5.178676E+00  -1.998895E+02  9.284708E+01
2.187153E+02  5.211070E+00  -1.997338E+02  9.300083E+01
2.185371E+02  5.245368E+00  -1.995688E+02  9.316251E+01
2.184235E+02  5.267283E+00  -1.994633E+02  9.326526E+01
2.183094E+02  5.289298E+00  -1.993573E+02  9.336801E+01
2.180900E+02  5.331704E+00  -1.991530E+02  9.356474E+01
2.179111E+02  5.366305E+00  -1.989861E+02  9.372411E+01
2.177453E+02  5.398507E+00  -1.988308E+02  9.387118E+01
2.176300E+02  5.420865E+00  -1.987228E+02  9.397298E+01
2.175143E+02  5.443315E+00  -1.986144E+02  9.407478E+01
2.173140E+02  5.482295E+00  -1.984260E+02  9.425026E+01
2.171128E+02  5.521513E+00  -1.982364E+02  9.442550E+01
2.169346E+02  5.556304E+00  -1.980680E+02  9.457988E+01
2.167425E+02  5.593830E+00  -1.978863E+02  9.474538E+01
2.165671E+02  5.628191E+00  -1.977198E+02  9.489565E+01
2.164101E+02  5.658991E+00  -1.975705E+02  9.502967E+01
2.163062E+02  5.679407E+00  -1.974714E+02  9.511793E+01
2.162020E+02  5.699866E+00  -1.973721E+02  9.520618E+01
2.160138E+02  5.736892E+00  -1.971923E+02  9.536501E+01
2.158055E+02  5.777937E+00  -1.969929E+02  9.553976E+01
2.156072E+02  5.817096E+00  -1.968025E+02  9.570520E+01
2.154434E+02  5.849472E+00  -1.966449E+02  9.584118E+01
2.153263E+02  5.872676E+00  -1.965320E+02  9.593803E+01
2.152087E+02  5.895970E+00  -1.964185E+02  9.603488E+01
2.150185E+02  5.933702E+00  -1.962346E+02  9.619095E+01
2.148471E+02  5.967828E+00  -1.960683E+02  9.633090E+01
2.146598E+02  6.005102E+00  -1.958864E+02  9.648308E+01
2.144812E+02  6.040740E+00  -1.957124E+02  9.662744E+01
2.143057E+02  6.075804E+00  -1.955411E+02  9.676862E+01
2.141099E+02  6.114988E+00  -1.953496E+02  9.692529E+01
2.139003E+02  6.156992E+00  -1.951441E+02  9.709210E+01
2.137008E+02  6.197043E+00  -1.949479E+02  9.724995E+01
2.135019E+02  6.237106E+00  -1.947517E+02  9.740651E+01
2.132996E+02  6.277859E+00  -1.945519E+02  9.756483E+01
2.131204E+02  6.314054E+00  -1.943743E+02  9.770439E+01
2.129482E+02  6.348887E+00  -1.942033E+02  9.783787E+01
2.127905E+02  6.380823E+00  -1.940465E+02  9.795952E+01
2.126915E+02  6.400929E+00  -1.939477E+02  9.803571E+01
2.125921E+02  6.421100E+00  -1.938486E+02  9.811191E+01
2.124142E+02  6.457236E+00  -1.936708E+02  9.824780E+01
2.123136E+02  6.477752E+00  -1.935700E+02  9.832440E+01
2.122127E+02  6.498288E+00  -1.934688E+02  9.840100E+01
2.120258E+02  6.536438E+00  -1.932810E+02  9.854231E+01
2.119245E+02  6.557101E+00  -1.931791E+02  9.861865E+01
2.118229E+02  6.577893E+00  -1.930767E+02  9.869499E+01
2.116330E+02  6.616774E+00  -1.928850E+02  9.883710E+01
2.115286E+02  6.638196E+00  -1.927792E+02  9.891494E+01
2.114238E+02  6.659682E+00  -1.926732E+02  9.899277E+01
2.112385E+02  6.697782E+00  -1.924852E+02  9.913002E+01
2.111382E+02  6.718432E+00  -1.923831E+02  9.920405E+01
2.110375E+02  6.739162E+00  -1.922807E+02  9.927808E+01
2.108666E+02  6.774403E+00  -1.921064E+02  9.940341E+01
2.107121E+02  6.806328E+00  -1.919485E+02  9.951612E+01
2.105344E+02  6.843139E+00  -1.917664E+02  9.964538E+01
2.103615E+02  6.878960E+00  -1.915890E+02  9.977041E+01
2.101772E+02  6.917228E+00  -1.913993E+02  9.990319E+01
2.099764E+02  6.959005E+00  -1.911922E+02  1.000470E+02
2.097368E+02  7.008962E+00  -1.909443E+02  1.002177E+02
2.095471E+02  7.048573E+00  -1.907476E+02  1.003521E+02
2.094223E+02  7.074706E+00  -1.906178E+02  1.004401E+02
2.092972E+02  7.100889E+00  -1.904876E+02  1.005281E+02
2.090845E+02  7.145536E+00  -1.902656E+02  1.006770E+02
2.088972E+02  7.184925E+00  -1.900696E+02  1.008075E+02
2.087185E+02  7.222558E+00  -1.898822E+02  1.009314E+02
2.085566E+02  7.256730E+00  -1.897119E+02  1.010431E+02
2.083762E+02  7.294848E+00  -1.895219E+02  1.011671E+02
2.082130E+02  7.329416E+00  -1.893495E+02  1.012787E+02
2.080512E+02  7.363713E+00  -1.891784E+02  1.013889E+02
2.078798E+02  7.400116E+00  -1.889966E+02  1.015052E+02
2.077133E+02  7.435544E+00  -1.888196E+02  1.016177E+02
2.076087E+02  7.457843E+00  -1.887082E+02  1.016881E+02
2.075038E+02  7.480199E+00  -1.885963E+02  1.017584E+02
2.073242E+02  7.518541E+00  -1.884045E+02  1.018786E+02
2.071659E+02  7.552442E+00  -1.882349E+02  1.019840E+02
2.070070E+02  7.586488E+00  -1.880644E+02  1.020894E+02
2.067628E+02  7.638895E+00  -1.878018E+02  1.022504E+02
2.065391E+02  7.687080E+00  -1.875602E+02  1.023972E+02
2.063479E+02  7.728331E+00  -1.873532E+02  1.025220E+02
2.061481E+02  7.771479E+00  -1.871365E+02  1.026516E+02
2.060483E+02  7.793087E+00  -1.870280E+02  1.027161E+02
2.059483E+02  7.814748E+00  -1.869192E+02  1.027806E+02
2.057232E+02  7.863604E+00  -1.866735E+02  1.029252E+02
2.055513E+02  7.901022E+00  -1.864853E+02  1.030352E+02
2.053961E+02  7.934812E+00  -1.863152E+02  1.031339E+02
2.052434E+02  7.968114E+00  -1.861474E+02  1.032307E+02
2.051206E+02  7.994965E+00  -1.860122E+02  1.033083E+02
2.049974E+02  8.021915E+00  -1.858764E+02  1.033859E+02
2.047476E+02  8.076665E+00  -1.856002E+02  1.035425E+02
2.045048E+02  8.130067E+00  -1.853308E+02  1.036937E+02
2.044086E+02  8.151252E+00  -1.852238E+02  1.037534E+02
2.043121E+02  8.172503E+00  -1.851165E+02  1.038131E+02
2.041447E+02  8.209444E+00  -1.849298E+02  1.039164E+02
2.039504E+02  8.252398E+00  -1.847126E+02  1.040356E+02
2.037615E+02  8.294300E+00  -1.845007E+02  1.041510E+02
2.035709E+02  8.336601E+00  -1.842866E+02  1.042669E+02
2.034143E+02  8.371426E+00  -1.841102E+02  1.043617E+02
2.032948E+02  8.398017E+00  -1.839754E+02  1.044337E+02
2.031751E+02  8.424733E+00  -1.838400E+02  1.045058E+02
2.029751E+02  8.469416E+00  -1.836134E+02  1.046255E+02
2.027918E+02  8.510446E+00  -1.834052E+02  1.047348E+02
2.026222E+02  8.548499E+00  -1.832120E+02  1.048354E+02
2.025210E+02  8.571221E+00  -1.830966E+02  1.048953E+02
2.024195E+02  8.594039E+00  -1.829807E+02  1.049552E+02
2.022435E+02  8.633683E+00  -1.827792E+02  1.050586E+02
2.020554E+02  8.676129E+00  -1.825633E+02  1.051687E+02
2.019112E+02  8.708740E+00  -1.823974E+02  1.052527E+02
2.017784E+02  8.738800E+00  -1.822444E+02  1.053298E+02
2.016222E+02  8.774219E+00  -1.820640E+02  1.054201E+02
2.015321E+02  8.794654E+00  -1.819599E+02  1.054721E+02
2.014418E+02  8.815173E+00  -1.818553E+02  1.055240E+02
2.012825E+02  8.851451E+00  -1.816704E+02  1.056154E+02
2.011625E+02  8.878802E+00  -1.815309E+02  1.056840E+02
2.010421E+02  8.906298E+00  -1.813906E+02  1.057526E+02
2.008458E+02  8.951155E+00  -1.811617E+02  1.058640E+02
2.006695E+02  8.991546E+00  -1.809554E+02  1.059636E+02
2.005204E+02  9.025776E+00  -1.807805E+02  1.060475E+02
2.004167E+02  9.049633E+00  -1.806586E+02  1.061056E+02
2.003126E+02  9.073558E+00  -1.805362E+02  1.061638E+02
2.001625E+02  9.108166E+00  -1.803592E+02  1.062475E+02
2.000275E+02  9.139311E+00  -1.801998E+02  1.063225E+02
1.998719E+02  9.175280E+00  -1.800157E+02  1.064086E+02
1.997174E+02  9.211048E+00  -1.798325E+02  1.064938E+02
1.996157E+02  9.234621E+00  -1.797117E+02  1.065497E+02
1.995137E+02  9.258334E+00  -1.795903E+02  1.066055E+02
1.993393E+02  9.298891E+00  -1.793823E+02  1.067008E+02
1.991668E+02  9.339055E+00  -1.791763E+02  1.067945E+02
1.989642E+02  9.386343E+00  -1.789335E+02  1.069042E+02
1.987875E+02  9.427706E+00  -1.787212E+02  1.069993E+02
1.985853E+02  9.475125E+00  -1.784775E+02  1.071077E+02
1.983822E+02  9.522834E+00  -1.782322E+02  1.072160E+02
1.981977E+02  9.566293E+00  -1.780087E+02  1.073139E+02
1.981191E+02  9.584819E+00  -1.779133E+02  1.073554E+02
1.980403E+02  9.603439E+00  -1.778175E+02  1.073970E+02
1.978604E+02  9.645982E+00  -1.775985E+02  1.074916E+02
1.976463E+02  9.696698E+00  -1.773371E+02  1.076036E+02
1.974277E+02  9.748615E+00  -1.770695E+02  1.077174E+02
1.973256E+02  9.772942E+00  -1.769440E+02  1.077703E+02
1.972232E+02  9.797325E+00  -1.768182E+02  1.078232E+02
1.970496E+02  9.838780E+00  -1.766043E+02  1.079126E+02
1.968625E+02  9.883504E+00  -1.763733E+02  1.080086E+02
1.967283E+02  9.915668E+00  -1.762071E+02  1.080771E+02
1.966031E+02  9.945731E+00  -1.760518E+02  1.081408E+02
1.964865E+02  9.973718E+00  -1.759071E+02  1.081999E+02
1.963578E+02  1.000470E+01  -1.757468E+02  1.082650E+02
1.962394E+02  1.003324E+01  -1.755992E+02  1.083247E+02
1.961584E+02  1.005281E+01  -1.754981E+02  1.083654E+02
1.960773E+02  1.007236E+01  -1.753968E+02  1.084061E+02
1.959378E+02  1.010613E+01  -1.752220E+02  1.084759E+02
1.958213E+02  1.013431E+01  -1.750760E+02  1.085339E+02
1.957045E+02  1.016266E+01  -1.749292E+02  1.085920E+02
1.955741E+02  1.019432E+01  -1.747651E+02  1.086566E+02
1.954433E+02  1.022615E+01  -1.746000E+02  1.087212E+02
1.952846E+02  1.026481E+01  -1.743995E+02  1.087993E+02
1.951418E+02  1.029969E+01  -1.742186E+02  1.088693E+02
1.950133E+02  1.033109E+01  -1.740555E+02  1.089320E+02
1.948844E+02  1.036267E+01  -1.738916E+02  1.089948E+02
1.947531E+02  1.039487E+01  -1.737243E+02  1.090584E+02
1.946324E+02  1.042450E+01  -1.735703E+02  1.091168E+02
1.944999E+02  1.045710E+01  -1.734009E+02  1.091806E+02
1.943532E+02  1.049327E+01  -1.732129E+02  1.092510E+02
1.942060E+02  1.052959E+01  -1.730238E+02  1.093215E+02
1.940408E+02  1.057045E+01  -1.728112E+02  1.094001E+02
1.938963E+02  1.060624E+01  -1.726249E+02  1.094686E+02
1.937911E+02  1.063239E+01  -1.724888E+02  1.095184E+02
1.936856E+02  1.065860E+01  -1.723522E+02  1.095681E+02
1.935321E+02  1.069678E+01  -1.721532E+02  1.096402E+02
1.933933E+02  1.073138E+01  -1.719728E+02  1.097052E+02
1.932908E+02  1.075699E+01  -1.718392E+02  1.097530E+02
1.931939E+02  1.078119E+01  -1.717130E+02  1.097981E+02
1.931107E+02  1.080203E+01  -1.716043E+02  1.098367E+02
1.930273E+02  1.082291E+01  -1.714953E+02  1.098753E+02
1.928845E+02  1.085875E+01  -1.713082E+02  1.099413E+02
1.927550E+02  1.089130E+01  -1.711383E+02  1.100008E+02
1.926058E+02  1.092885E+01  -1.709421E+02  1.100692E+02
1.924737E+02  1.096215E+01  -1.707680E+02  1.101295E+02
1.923381E+02  1.099643E+01  -1.705889E+02  1.101912E+02
1.922745E+02  1.101252E+01  -1.705048E+02  1.102201E+02
1.922108E+02  1.102864E+01  -1.704204E+02  1.102489E+02
1.920672E+02  1.106503E+01  -1.702300E+02  1.103138E+02
1.919355E+02  1.109847E+01  -1.700551E+02  1.103731E+02
1.918378E+02  1.112328E+01  -1.699252E+02  1.104169E+02
1.917400E+02  1.114819E+01  -1.697947E+02  1.104607E+02
1.915675E+02  1.119217E+01  -1.695644E+02  1.105376E+02
1.914138E+02  1.123144E+01  -1.693586E+02  1.106058E+02
1.912852E+02  1.126434E+01  -1.691861E+02  1.106626E+02
1.911563E+02  1.129741E+01  -1.690127E+02  1.107195E+02
1.909325E+02  1.135488E+01  -1.687112E+02  1.108176E+02
1.906908E+02  1.141720E+01  -1.683841E+02  1.109229E+02
1.904194E+02  1.148735E+01  -1.680156E+02  1.110403E+02
1.901850E+02  1.154817E+01  -1.676960E+02  1.111411E+02
1.900536E+02  1.158234E+01  -1.675163E+02  1.111972E+02
1.899337E+02  1.161355E+01  -1.673521E+02  1.112483E+02
1.898012E+02  1.164813E+01  -1.671702E+02  1.113045E+02
1.897335E+02  1.166579E+01  -1.670772E+02  1.113332E+02
1.896657E+02  1.168354E+01  -1.669838E+02  1.113619E+02
1.894429E+02  1.174185E+01  -1.666767E+02  1.114556E+02
1.893213E+02  1.177378E+01  -1.665086E+02  1.115065E+02
1.892094E+02  1.180320E+01  -1.663536E+02  1.115532E+02
1.891067E+02  1.183026E+01  -1.662110E+02  1.115960E+02
1.890036E+02  1.185743E+01  -1.660677E+02  1.116388E+02
1.887859E+02  1.191495E+01  -1.657644E+02  1.117287E+02
1.886768E+02  1.194381E+01  -1.656121E+02  1.117736E+02
1.885723E+02  1.197153E+01  -1.654658E+02  1.118164E+02
1.884750E+02  1.199736E+01  -1.653295E+02  1.118562E+02
1.883818E+02  1.202215E+01  -1.651986E+02  1.118942E+02
1.882815E+02  1.204887E+01  -1.650575E+02  1.119350E+02
1.882060E+02  1.206894E+01  -1.649515E+02  1.119656E+02
1.881304E+02  1.208913E+01  -1.648448E+02  1.119962E+02
1.880187E+02  1.211895E+01  -1.646872E+02  1.120413E+02
1.879353E+02  1.214129E+01  -1.645692E+02  1.120749E+02
1.878516E+02  1.216367E+01  -1.644509E+02  1.121084E+02
1.877001E+02  1.220428E+01  -1.642362E+02  1.121691E+02
1.875931E+02  1.223305E+01  -1.640840E+02  1.122117E+02
1.874858E+02  1.226191E+01  -1.639313E+02  1.122544E+02
1.873186E+02  1.230700E+01  -1.636927E+02  1.123206E+02
1.871796E+02  1.234450E+01  -1.634941E+02  1.123754E+02
1.870513E+02  1.237921E+01  -1.633103E+02  1.124257E+02
1.869678E+02  1.240186E+01  -1.631904E+02  1.124584E+02
1.868839E+02  1.242460E+01  -1.630699E+02  1.124911E+02
1.867195E+02  1.246928E+01  -1.628331E+02  1.125551E+02
1.866471E+02  1.248898E+01  -1.627287E+02  1.125832E+02
1.865747E+02  1.250869E+01  -1.626241E+02  1.126112E+02
1.864643E+02  1.253882E+01  -1.624644E+02  1.126538E+02
1.863536E+02  1.256909E+01  -1.623039E+02  1.126964E+02
1.861771E+02  1.261740E+01  -1.620475E+02  1.127640E+02
1.860299E+02  1.265778E+01  -1.618332E+02  1.128200E+02
1.858821E+02  1.269839E+01  -1.616176E+02  1.128761E+02
1.857687E+02  1.272963E+01  -1.614517E+02  1.129190E+02
1.856570E+02  1.276045E+01  -1.612879E+02  1.129610E+02
1.855808E+02  1.278148E+01  -1.611762E+02  1.129897E+02
1.855044E+02  1.280264E+01  -1.610638E+02  1.130183E+02
1.853718E+02  1.283932E+01  -1.608688E+02  1.130678E+02
1.852294E+02  1.287884E+01  -1.606587E+02  1.131208E+02
1.850975E+02  1.291550E+01  -1.604637E+02  1.131697E+02
1.850316E+02  1.293383E+01  -1.603661E+02  1.131940E+02
1.849655E+02  1.295229E+01  -1.602680E+02  1.132184E+02
1.848773E+02  1.297687E+01  -1.601372E+02  1.132508E+02
1.848186E+02  1.299326E+01  -1.600500E+02  1.132724E+02
1.847599E+02  1.300968E+01  -1.599626E+02  1.132939E+02
1.846556E+02  1.303884E+01  -1.598073E+02  1.133320E+02
1.845602E+02  1.306557E+01  -1.596650E+02  1.133667E+02
1.844485E+02  1.309691E+01  -1.594980E+02  1.134073E+02
1.843463E+02  1.312564E+01  -1.593450E+02  1.134443E+02
1.842366E+02  1.315652E+01  -1.591805E+02  1.134839E+02
1.841060E+02  1.319335E+01  -1.589842E+02  1.135308E+02
1.839899E+02  1.322610E+01  -1.588096E+02  1.135723E+02
1.838590E+02  1.326313E+01  -1.586121E+02  1.136190E+02
1.837382E+02  1.329744E+01  -1.584292E+02  1.136620E+02
1.836431E+02  1.332443E+01  -1.582852E+02  1.136956E+02
1.835534E+02  1.334993E+01  -1.581492E+02  1.137273E+02
1.834558E+02  1.337773E+01  -1.580009E+02  1.137616E+02
1.833579E+02  1.340562E+01  -1.578519E+02  1.137960E+02
1.832000E+02  1.345070E+01  -1.576113E+02  1.138511E+02
1.830660E+02  1.348908E+01  -1.574063E+02  1.138978E+02
1.829419E+02  1.352469E+01  -1.572161E+02  1.139408E+02
1.828285E+02  1.355727E+01  -1.570420E+02  1.139799E+02
1.827158E+02  1.358969E+01  -1.568687E+02  1.140187E+02
1.826250E+02  1.361588E+01  -1.567288E+02  1.140498E+02
1.825338E+02  1.364218E+01  -1.565881E+02  1.140810E+02
1.824375E+02  1.367001E+01  -1.564393E+02  1.141138E+02
1.823467E+02  1.369630E+01  -1.562988E+02  1.141446E+02
1.822729E+02  1.371769E+01  -1.561844E+02  1.141696E+02
1.821990E+02  1.373914E+01  -1.560696E+02  1.141946E+02
1.820505E+02  1.378227E+01  -1.558388E+02  1.142446E+02
1.819760E+02  1.380395E+01  -1.557228E+02  1.142696E+02
1.819014E+02  1.382570E+01  -1.556063E+02  1.142946E+02
1.817897E+02  1.385830E+01  -1.554318E+02  1.143319E+02
1.816776E+02  1.389105E+01  -1.552565E+02  1.143692E+02
1.815733E+02  1.392160E+01  -1.550928E+02  1.144037E+02
1.814335E+02  1.396263E+01  -1.548731E+02  1.144499E+02
1.813089E+02  1.399924E+01  -1.546769E+02  1.144908E+02
1.812622E+02  1.401298E+01  -1.546032E+02  1.145061E+02
1.812153E+02  1.402677E+01  -1.545293E+02  1.145214E+02
1.811132E+02  1.405692E+01  -1.543678E+02  1.145547E+02
1.810175E+02  1.408518E+01  -1.542163E+02  1.145859E+02
1.809178E+02  1.411464E+01  -1.540582E+02  1.146182E+02
1.808257E+02  1.414191E+01  -1.539120E+02  1.146479E+02
1.807440E+02  1.416618E+01  -1.537819E+02  1.146743E+02
1.806664E+02  1.418922E+01  -1.536583E+02  1.146992E+02
1.805452E+02  1.422526E+01  -1.534649E+02  1.147380E+02
1.804390E+02  1.425690E+01  -1.532951E+02  1.147719E+02
1.803417E+02  1.428595E+01  -1.531393E+02  1.148028E+02
1.802429E+02  1.431544E+01  -1.529808E+02  1.148341E+02
1.801528E+02  1.434248E+01  -1.528358E+02  1.148625E+02
1.800538E+02  1.437211E+01  -1.526765E+02  1.148937E+02
1.799625E+02  1.439953E+01  -1.525293E+02  1.149223E+02
1.798418E+02  1.443585E+01  -1.523342E+02  1.149601E+02
1.797205E+02  1.447238E+01  -1.521379E+02  1.149978E+02
1.796593E+02  1.449083E+01  -1.520388E+02  1.150168E+02
1.795980E+02  1.450938E+01  -1.519392E+02  1.150357E+02
1.794992E+02  1.453922E+01  -1.517787E+02  1.150662E+02
1.794035E+02  1.456826E+01  -1.516227E+02  1.150957E+02
1.793558E+02  1.458270E+01  -1.515450E+02  1.151103E+02
1.793082E+02  1.459714E+01  -1.514673E+02  1.151249E+02
1.791899E+02  1.463308E+01  -1.512741E+02  1.151611E+02
1.790844E+02  1.466522E+01  -1.511013E+02  1.151931E+02
1.789841E+02  1.469581E+01  -1.509367E+02  1.152235E+02
1.788908E+02  1.472429E+01  -1.507835E+02  1.152517E+02
1.788076E+02  1.474974E+01  -1.506465E+02  1.152768E+02
1.787318E+02  1.477301E+01  -1.505214E+02  1.152996E+02
1.786154E+02  1.480868E+01  -1.503294E+02  1.153344E+02
1.785010E+02  1.484382E+01  -1.501402E+02  1.153684E+02
1.784387E+02  1.486301E+01  -1.500369E+02  1.153870E+02
1.783763E+02  1.488226E+01  -1.499333E+02  1.154055E+02
1.783220E+02  1.489896E+01  -1.498433E+02  1.154215E+02
1.782556E+02  1.491949E+01  -1.497327E+02  1.154411E+02
1.781890E+02  1.494008E+01  -1.496219E+02  1.154607E+02
1.781261E+02  1.495952E+01  -1.495172E+02  1.154792E+02
1.780630E+02  1.497905E+01  -1.494120E+02  1.154976E+02
1.779950E+02  1.500020E+01  -1.492981E+02  1.155175E+02
1.779325E+02  1.501956E+01  -1.491937E+02  1.155358E+02
1.778698E+02  1.503904E+01  -1.490888E+02  1.155540E+02
1.778166E+02  1.505557E+01  -1.489997E+02  1.155694E+02
1.777633E+02  1.507216E+01  -1.489103E+02  1.155849E+02
1.776637E+02  1.510320E+01  -1.487430E+02  1.156136E+02
1.775708E+02  1.513224E+01  -1.485866E+02  1.156404E+02
1.774470E+02  1.517094E+01  -1.483779E+02  1.156759E+02
1.773463E+02  1.520248E+01  -1.482078E+02  1.157046E+02
1.772959E+02  1.521828E+01  -1.481226E+02  1.157189E+02
1.772454E+02  1.523419E+01  -1.480369E+02  1.157333E+02
1.771514E+02  1.526370E+01  -1.478777E+02  1.157599E+02
1.771042E+02  1.527855E+01  -1.477975E+02  1.157732E+02
1.770571E+02  1.529342E+01  -1.477174E+02  1.157865E+02
1.769999E+02  1.531145E+01  -1.476201E+02  1.158026E+02
1.769445E+02  1.532894E+01  -1.475258E+02  1.158182E+02
1.768506E+02  1.535859E+01  -1.473657E+02  1.158445E+02
1.767642E+02  1.538595E+01  -1.472181E+02  1.158686E+02
1.767252E+02  1.539832E+01  -1.471514E+02  1.158795E+02
1.766861E+02  1.541069E+01  -1.470846E+02  1.158903E+02
1.766221E+02  1.543099E+01  -1.469750E+02  1.159081E+02
1.765477E+02  1.545465E+01  -1.468474E+02  1.159287E+02
1.764777E+02  1.547690E+01  -1.467272E+02  1.159480E+02
1.764258E+02  1.549342E+01  -1.466380E+02  1.159623E+02
1.763739E+02  1.551001E+01  -1.465485E+02  1.159765E+02
1.763185E+02  1.552766E+01  -1.464532E+02  1.159917E+02
1.762630E+02  1.554540E+01  -1.463575E+02  1.160069E+02
1.762049E+02  1.556392E+01  -1.462573E+02  1.160228E+02
1.761477E+02  1.558226E+01  -1.461584E+02  1.160383E+02
1.760921E+02  1.560006E+01  -1.460622E+02  1.160534E+02
1.760363E+02  1.561798E+01  -1.459655E+02  1.160685E+02
1.759757E+02  1.563744E+01  -1.458604E+02  1.160850E+02
1.759159E+02  1.565661E+01  -1.457568E+02  1.161011E+02
1.758695E+02  1.567153E+01  -1.456762E+02  1.161136E+02
1.758230E+02  1.568651E+01  -1.455953E+02  1.161261E+02
1.757539E+02  1.570879E+01  -1.454749E+02  1.161446E+02
1.756870E+02  1.573036E+01  -1.453584E+02  1.161625E+02
1.755715E+02  1.576765E+01  -1.451569E+02  1.161932E+02
1.754422E+02  1.580953E+01  -1.449305E+02  1.162275E+02
1.753793E+02  1.582992E+01  -1.448203E+02  1.162441E+02
1.753162E+02  1.585040E+01  -1.447096E+02  1.162607E+02
1.752492E+02  1.587221E+01  -1.445918E+02  1.162783E+02
1.751856E+02  1.589292E+01  -1.444798E+02  1.162950E+02
1.751227E+02  1.591339E+01  -1.443691E+02  1.163114E+02
1.750636E+02  1.593265E+01  -1.442650E+02  1.163268E+02
1.750057E+02  1.595159E+01  -1.441626E+02  1.163419E+02
1.749511E+02  1.596942E+01  -1.440662E+02  1.163560E+02
1.748827E+02  1.599180E+01  -1.439451E+02  1.163737E+02
1.748141E+02  1.601427E+01  -1.438236E+02  1.163914E+02
1.747338E+02  1.604064E+01  -1.436810E+02  1.164121E+02
1.745614E+02  1.609734E+01  -1.433744E+02  1.164562E+02
1.744747E+02  1.612591E+01  -1.432198E+02  1.164783E+02
1.743876E+02  1.615464E+01  -1.430643E+02  1.165003E+02
1.742961E+02  1.618489E+01  -1.429007E+02  1.165234E+02
1.742105E+02  1.621326E+01  -1.427471E+02  1.165450E+02
1.741302E+02  1.623992E+01  -1.426029E+02  1.165651E+02
1.740554E+02  1.626473E+01  -1.424685E+02  1.165838E+02
1.739535E+02  1.629865E+01  -1.422850E+02  1.166091E+02
1.738647E+02  1.632824E+01  -1.421248E+02  1.166312E+02
1.738154E+02  1.634473E+01  -1.420356E+02  1.166433E+02
1.737661E+02  1.636119E+01  -1.419465E+02  1.166555E+02
1.737186E+02  1.637705E+01  -1.418606E+02  1.166672E+02
1.736683E+02  1.639390E+01  -1.417694E+02  1.166795E+02
1.735731E+02  1.642581E+01  -1.415966E+02  1.167028E+02
1.735448E+02  1.643529E+01  -1.415453E+02  1.167097E+02
1.735166E+02  1.644478E+01  -1.414940E+02  1.167166E+02
1.734443E+02  1.646908E+01  -1.413623E+02  1.167342E+02
1.733804E+02  1.649054E+01  -1.412461E+02  1.167497E+02
1.733194E+02  1.651113E+01  -1.411346E+02  1.167645E+02
1.732661E+02  1.652911E+01  -1.410373E+02  1.167773E+02
1.732136E+02  1.654680E+01  -1.409415E+02  1.167899E+02
1.731164E+02  1.657969E+01  -1.407633E+02  1.168133E+02
1.730293E+02  1.660916E+01  -1.406037E+02  1.168340E+02
1.729886E+02  1.662297E+01  -1.405289E+02  1.168437E+02
1.729479E+02  1.663680E+01  -1.404541E+02  1.168534E+02
1.728948E+02  1.665484E+01  -1.403563E+02  1.168660E+02
1.728441E+02  1.667206E+01  -1.402630E+02  1.168780E+02
1.727549E+02  1.670242E+01  -1.400985E+02  1.168990E+02
1.726716E+02  1.673083E+01  -1.399446E+02  1.169186E+02
1.725944E+02  1.675721E+01  -1.398017E+02  1.169367E+02
1.725245E+02  1.678109E+01  -1.396723E+02  1.169530E+02
1.724174E+02  1.681781E+01  -1.394733E+02  1.169779E+02
1.723701E+02  1.683404E+01  -1.393854E+02  1.169888E+02
1.723229E+02  1.685028E+01  -1.392975E+02  1.169997E+02
1.722729E+02  1.686746E+01  -1.392044E+02  1.170113E+02
1.722248E+02  1.688398E+01  -1.391148E+02  1.170223E+02
1.721623E+02  1.690552E+01  -1.389980E+02  1.170366E+02
1.721067E+02  1.692472E+01  -1.388940E+02  1.170494E+02
1.720527E+02  1.694334E+01  -1.387931E+02  1.170617E+02
1.719758E+02  1.696994E+01  -1.386489E+02  1.170792E+02
1.719025E+02  1.699531E+01  -1.385114E+02  1.170958E+02
1.718522E+02  1.701273E+01  -1.384169E+02  1.171071E+02
1.718017E+02  1.703026E+01  -1.383219E+02  1.171185E+02
1.717352E+02  1.705338E+01  -1.381966E+02  1.171335E+02
1.716684E+02  1.707661E+01  -1.380707E+02  1.171484E+02
1.716111E+02  1.709653E+01  -1.379626E+02  1.171612E+02
1.715841E+02  1.710600E+01  -1.379114E+02  1.171672E+02
1.715570E+02  1.711547E+01  -1.378601E+02  1.171733E+02
1.715028E+02  1.713432E+01  -1.377578E+02  1.171853E+02
1.714484E+02  1.715334E+01  -1.376547E+02  1.171973E+02
1.713687E+02  1.718123E+01  -1.375035E+02  1.172149E+02
1.712951E+02  1.720704E+01  -1.373636E+02  1.172311E+02
1.712184E+02  1.723393E+01  -1.372177E+02  1.172479E+02
1.711456E+02  1.725958E+01  -1.370787E+02  1.172638E+02
1.711122E+02  1.727133E+01  -1.370150E+02  1.172711E+02
1.710787E+02  1.728313E+01  -1.369511E+02  1.172784E+02
1.709920E+02  1.731365E+01  -1.367855E+02  1.172972E+02
1.709544E+02  1.732694E+01  -1.367135E+02  1.173053E+02
1.709167E+02  1.734026E+01  -1.366412E+02  1.173134E+02
1.708556E+02  1.736189E+01  -1.365239E+02  1.173266E+02
1.707946E+02  1.738351E+01  -1.364067E+02  1.173397E+02
1.707103E+02  1.741337E+01  -1.362447E+02  1.173577E+02
1.706563E+02  1.743253E+01  -1.361409E+02  1.173692E+02
1.706022E+02  1.745178E+01  -1.360365E+02  1.173807E+02
1.705560E+02  1.746822E+01  -1.359473E+02  1.173904E+02
1.704953E+02  1.748987E+01  -1.358299E+02  1.174033E+02
1.704381E+02  1.751028E+01  -1.357193E+02  1.174153E+02
1.703831E+02  1.752989E+01  -1.356128E+02  1.174268E+02
1.703301E+02  1.754885E+01  -1.355100E+02  1.174379E+02
1.702782E+02  1.756746E+01  -1.354091E+02  1.174488E+02
1.702336E+02  1.758343E+01  -1.353225E+02  1.174581E+02
1.701903E+02  1.759892E+01  -1.352384E+02  1.174670E+02
1.701404E+02  1.761688E+01  -1.351411E+02  1.174774E+02
1.700932E+02  1.763384E+01  -1.350491E+02  1.174872E+02
1.700407E+02  1.765270E+01  -1.349468E+02  1.174980E+02
1.699854E+02  1.767264E+01  -1.348386E+02  1.175093E+02
1.699324E+02  1.769177E+01  -1.347349E+02  1.175202E+02
1.699045E+02  1.770180E+01  -1.346805E+02  1.175259E+02
1.698767E+02  1.771185E+01  -1.346259E+02  1.175316E+02
1.698292E+02  1.772903E+01  -1.345328E+02  1.175413E+02
1.697756E+02  1.774841E+01  -1.344277E+02  1.175522E+02
1.697262E+02  1.776630E+01  -1.343306E+02  1.175622E+02
1.696803E+02  1.778293E+01  -1.342404E+02  1.175715E+02
1.696087E+02  1.780892E+01  -1.340994E+02  1.175859E+02
1.695728E+02  1.782199E+01  -1.340286E+02  1.175931E+02
1.695368E+02  1.783506E+01  -1.339576E+02  1.176003E+02
1.694629E+02  1.786199E+01  -1.338116E+02  1.176151E+02
1.694049E+02  1.788313E+01  -1.336969E+02  1.176267E+02
1.693467E+02  1.790438E+01  -1.335816E+02  1.176382E+02
1.692818E+02  1.792809E+01  -1.334531E+02  1.176510E+02
1.692199E+02  1.795077E+01  -1.333301E+02  1.176633E+02
1.691640E+02  1.797124E+01  -1.332190E+02  1.176742E+02
1.691101E+02  1.799107E+01  -1.331115E+02  1.176848E+02
1.690688E+02  1.800622E+01  -1.330292E+02  1.176929E+02
1.690275E+02  1.802139E+01  -1.329469E+02  1.177009E+02
1.689830E+02  1.803780E+01  -1.328580E+02  1.177096E+02
1.689383E+02  1.805424E+01  -1.327688E+02  1.177182E+02
1.688933E+02  1.807083E+01  -1.326788E+02  1.177270E+02
1.688493E+02  1.808708E+01  -1.325906E+02  1.177355E+02
1.687979E+02  1.810609E+01  -1.324876E+02  1.177454E+02
1.687407E+02  1.812724E+01  -1.323727E+02  1.177563E+02
1.686759E+02  1.815123E+01  -1.322427E+02  1.177687E+02
1.685989E+02  1.817979E+01  -1.320878E+02  1.177834E+02
1.685651E+02  1.819240E+01  -1.320194E+02  1.177898E+02
1.685312E+02  1.820502E+01  -1.319510E+02  1.177962E+02
1.685102E+02  1.821278E+01  -1.319088E+02  1.178002E+02
1.684893E+02  1.822060E+01  -1.318665E+02  1.178041E+02
1.684448E+02  1.823717E+01  -1.317765E+02  1.178126E+02
1.684030E+02  1.825276E+01  -1.316921E+02  1.178204E+02
1.683632E+02  1.826761E+01  -1.316115E+02  1.178279E+02
1.683026E+02  1.829032E+01  -1.314884E+02  1.178392E+02
1.682399E+02  1.831369E+01  -1.313615E+02  1.178509E+02
1.681991E+02  1.832896E+01  -1.312788E+02  1.178584E+02
1.681584E+02  1.834426E+01  -1.311958E+02  1.178660E+02
1.681179E+02  1.835945E+01  -1.311134E+02  1.178735E+02
1.680694E+02  1.837767E+01  -1.310146E+02  1.178824E+02
1.680066E+02  1.840130E+01  -1.308865E+02  1.178940E+02
1.679705E+02  1.841486E+01  -1.308128E+02  1.179006E+02
1.679344E+02  1.842845E+01  -1.307391E+02  1.179072E+02
1.678887E+02  1.844573E+01  -1.306455E+02  1.179155E+02
1.678333E+02  1.846664E+01  -1.305320E+02  1.179256E+02
1.677695E+02  1.849079E+01  -1.304011E+02  1.179372E+02
1.677082E+02  1.851397E+01  -1.302754E+02  1.179482E+02
1.676543E+02  1.853445E+01  -1.301644E+02  1.179579E+02
1.676286E+02  1.854418E+01  -1.301116E+02  1.179625E+02
1.676029E+02  1.855393E+01  -1.300587E+02  1.179671E+02
1.675790E+02  1.856302E+01  -1.300095E+02  1.179714E+02
1.675550E+02  1.857212E+01  -1.299600E+02  1.179757E+02
1.675330E+02  1.858049E+01  -1.299146E+02  1.179796E+02
1.675109E+02  1.858891E+01  -1.298690E+02  1.179835E+02
1.674606E+02  1.860813E+01  -1.297649E+02  1.179925E+02
1.674124E+02  1.862646E+01  -1.296654E+02  1.180010E+02
1.673804E+02  1.863868E+01  -1.295992E+02  1.180067E+02
1.673484E+02  1.865093E+01  -1.295328E+02  1.180123E+02
1.673053E+02  1.866737E+01  -1.294436E+02  1.180199E+02
1.672718E+02  1.868016E+01  -1.293742E+02  1.180258E+02
1.672383E+02  1.869300E+01  -1.293045E+02  1.180316E+02
1.672002E+02  1.870765E+01  -1.292253E+02  1.180383E+02
1.671626E+02  1.872210E+01  -1.291469E+02  1.180448E+02
1.671026E+02  1.874514E+01  -1.290221E+02  1.180553E+02
1.670737E+02  1.875625E+01  -1.289618E+02  1.180603E+02
1.670447E+02  1.876741E+01  -1.289013E+02  1.180653E+02
1.670181E+02  1.877763E+01  -1.288458E+02  1.180699E+02
1.669916E+02  1.878784E+01  -1.287905E+02  1.180744E+02
1.669506E+02  1.880366E+01  -1.287047E+02  1.180815E+02
1.669131E+02  1.881812E+01  -1.286264E+02  1.180879E+02
1.668742E+02  1.883313E+01  -1.285450E+02  1.180946E+02
1.668313E+02  1.884973E+01  -1.284550E+02  1.181019E+02
1.667905E+02  1.886551E+01  -1.283695E+02  1.181088E+02
1.667502E+02  1.888117E+01  -1.282847E+02  1.181156E+02
1.667112E+02  1.889627E+01  -1.282027E+02  1.181223E+02
1.666740E+02  1.891072E+01  -1.281244E+02  1.181285E+02
1.666382E+02  1.892459E+01  -1.280492E+02  1.181345E+02
1.666020E+02  1.893867E+01  -1.279729E+02  1.181406E+02
1.665689E+02  1.895155E+01  -1.279031E+02  1.181462E+02
1.665358E+02  1.896446E+01  -1.278332E+02  1.181517E+02
1.664976E+02  1.897932E+01  -1.277527E+02  1.181581E+02
1.664606E+02  1.899380E+01  -1.276742E+02  1.181642E+02
1.664275E+02  1.900673E+01  -1.276041E+02  1.181697E+02
1.663956E+02  1.901920E+01  -1.275366E+02  1.181750E+02
1.663400E+02  1.904094E+01  -1.274187E+02  1.181842E+02
1.663064E+02  1.905412E+01  -1.273473E+02  1.181897E+02
1.662728E+02  1.906725E+01  -1.272761E+02  1.181952E+02
1.662382E+02  1.908085E+01  -1.272025E+02  1.182009E+02
1.662187E+02  1.908846E+01  -1.271612E+02  1.182041E+02
1.661992E+02  1.909614E+01  -1.271196E+02  1.182073E+02
1.661645E+02  1.910980E+01  -1.270456E+02  1.182129E+02
1.660945E+02  1.913732E+01  -1.268965E+02  1.182243E+02
1.660629E+02  1.914977E+01  -1.268290E+02  1.182294E+02
1.660310E+02  1.916237E+01  -1.267608E+02  1.182346E+02
1.660017E+02  1.917392E+01  -1.266982E+02  1.182393E+02
1.659715E+02  1.918584E+01  -1.266336E+02  1.182441E+02
1.659393E+02  1.919853E+01  -1.265648E+02  1.182493E+02
1.659084E+02  1.921077E+01  -1.264985E+02  1.182542E+02
1.658788E+02  1.922247E+01  -1.264352E+02  1.182590E+02
1.658345E+02  1.924005E+01  -1.263399E+02  1.182660E+02
1.657953E+02  1.925559E+01  -1.262557E+02  1.182723E+02
1.657760E+02  1.926325E+01  -1.262143E+02  1.182753E+02
1.657566E+02  1.927092E+01  -1.261727E+02  1.182784E+02
1.657270E+02  1.928273E+01  -1.261088E+02  1.182831E+02
1.656973E+02  1.929453E+01  -1.260449E+02  1.182878E+02
1.656570E+02  1.931053E+01  -1.259581E+02  1.182941E+02
1.656212E+02  1.932479E+01  -1.258809E+02  1.182997E+02
1.655861E+02  1.933881E+01  -1.258050E+02  1.183052E+02
1.655527E+02  1.935213E+01  -1.257329E+02  1.183104E+02
1.655197E+02  1.936532E+01  -1.256615E+02  1.183155E+02
1.655036E+02  1.937172E+01  -1.256268E+02  1.183180E+02
1.654876E+02  1.937814E+01  -1.255920E+02  1.183205E+02
1.654498E+02  1.939327E+01  -1.255101E+02  1.183264E+02
1.654119E+02  1.940846E+01  -1.254279E+02  1.183322E+02
1.653657E+02  1.942697E+01  -1.253277E+02  1.183393E+02
1.653409E+02  1.943689E+01  -1.252740E+02  1.183431E+02
1.653164E+02  1.944671E+01  -1.252207E+02  1.183469E+02
1.652872E+02  1.945846E+01  -1.251572E+02  1.183514E+02
1.652601E+02  1.946936E+01  -1.250981E+02  1.183555E+02
1.652375E+02  1.947845E+01  -1.250489E+02  1.183589E+02
1.652144E+02  1.948776E+01  -1.249985E+02  1.183625E+02
1.651716E+02  1.950499E+01  -1.249053E+02  1.183689E+02
1.651315E+02  1.952114E+01  -1.248177E+02  1.183750E+02
1.651041E+02  1.953220E+01  -1.247579E+02  1.183791E+02
1.650767E+02  1.954328E+01  -1.246980E+02  1.183833E+02
1.650560E+02  1.955166E+01  -1.246526E+02  1.183864E+02
1.650352E+02  1.956004E+01  -1.246072E+02  1.183895E+02
1.649885E+02  1.957893E+01  -1.245050E+02  1.183965E+02
1.649666E+02  1.958783E+01  -1.244569E+02  1.183997E+02
1.649447E+02  1.959669E+01  -1.244088E+02  1.184030E+02
1.649038E+02  1.961331E+01  -1.243190E+02  1.184091E+02
1.648510E+02  1.963472E+01  -1.242031E+02  1.184169E+02
1.648220E+02  1.964653E+01  -1.241392E+02  1.184212E+02
1.647928E+02  1.965838E+01  -1.240751E+02  1.184255E+02
1.647678E+02  1.966856E+01  -1.240199E+02  1.184292E+02
1.647560E+02  1.967337E+01  -1.239939E+02  1.184309E+02
1.647442E+02  1.967817E+01  -1.239679E+02  1.184326E+02
1.647265E+02  1.968539E+01  -1.239288E+02  1.184352E+02
1.647087E+02  1.969265E+01  -1.238896E+02  1.184378E+02
1.646888E+02  1.970077E+01  -1.238456E+02  1.184407E+02
1.646621E+02  1.971169E+01  -1.237866E+02  1.184446E+02
1.646355E+02  1.972253E+01  -1.237279E+02  1.184485E+02
1.646044E+02  1.973526E+01  -1.236590E+02  1.184530E+02
1.645889E+02  1.974158E+01  -1.236248E+02  1.184552E+02
1.645733E+02  1.974798E+01  -1.235902E+02  1.184575E+02
1.645476E+02  1.975850E+01  -1.235333E+02  1.184612E+02
1.645288E+02  1.976619E+01  -1.234916E+02  1.184639E+02
1.645100E+02  1.977391E+01  -1.234500E+02  1.184666E+02
1.644846E+02  1.978435E+01  -1.233935E+02  1.184703E+02
1.644586E+02  1.979502E+01  -1.233358E+02  1.184740E+02
1.644272E+02  1.980792E+01  -1.232660E+02  1.184785E+02
1.643995E+02  1.981932E+01  -1.232044E+02  1.184825E+02
1.643722E+02  1.983049E+01  -1.231439E+02  1.184863E+02
1.643416E+02  1.984310E+01  -1.230757E+02  1.184907E+02
1.643164E+02  1.985352E+01  -1.230194E+02  1.184942E+02
1.642912E+02  1.986386E+01  -1.229634E+02  1.184978E+02
1.642527E+02  1.987978E+01  -1.228773E+02  1.185032E+02
1.642335E+02  1.988771E+01  -1.228345E+02  1.185060E+02
1.642143E+02  1.989565E+01  -1.227915E+02  1.185087E+02
1.641834E+02  1.990840E+01  -1.227226E+02  1.185130E+02
1.641555E+02  1.991996E+01  -1.226601E+02  1.185169E+02
1.641273E+02  1.993163E+01  -1.225969E+02  1.185208E+02
1.640958E+02  1.994467E+01  -1.225265E+02  1.185252E+02
1.640647E+02  1.995760E+01  -1.224566E+02  1.185295E+02
1.640347E+02  1.997004E+01  -1.223893E+02  1.185337E+02
1.640057E+02  1.998211E+01  -1.223241E+02  1.185377E+02
1.639806E+02  1.999249E+01  -1.222679E+02  1.185412E+02
1.639554E+02  2.000301E+01  -1.222110E+02  1.185446E+02
1.639341E+02  2.001185E+01  -1.221633E+02  1.185475E+02
1.639023E+02  2.002506E+01  -1.220918E+02  1.185519E+02
1.638865E+02  2.003170E+01  -1.220560E+02  1.185541E+02
1.638706E+02  2.003831E+01  -1.220202E+02  1.185562E+02
1.638191E+02  2.005982E+01  -1.219041E+02  1.185632E+02
1.637716E+02  2.007966E+01  -1.217968E+02  1.185697E+02
1.637458E+02  2.009045E+01  -1.217384E+02  1.185732E+02
1.637198E+02  2.010132E+01  -1.216798E+02  1.185767E+02
1.636965E+02  2.011112E+01  -1.216268E+02  1.185798E+02
1.636730E+02  2.012095E+01  -1.215737E+02  1.185829E+02
1.636501E+02  2.013059E+01  -1.215216E+02  1.185860E+02
1.636228E+02  2.014201E+01  -1.214599E+02  1.185897E+02
1.635787E+02  2.016054E+01  -1.213597E+02  1.185955E+02
1.635472E+02  2.017380E+01  -1.212881E+02  1.185997E+02
1.635155E+02  2.018711E+01  -1.212162E+02  1.186039E+02
1.634963E+02  2.019522E+01  -1.211724E+02  1.186065E+02
1.634770E+02  2.020334E+01  -1.211285E+02  1.186090E+02
1.634278E+02  2.022407E+01  -1.210165E+02  1.186155E+02
1.634002E+02  2.023577E+01  -1.209534E+02  1.186191E+02
1.633724E+02  2.024754E+01  -1.208899E+02  1.186227E+02
1.633474E+02  2.025808E+01  -1.208330E+02  1.186260E+02
1.633218E+02  2.026893E+01  -1.207743E+02  1.186293E+02
1.633038E+02  2.027655E+01  -1.207332E+02  1.186317E+02
1.632857E+02  2.028419E+01  -1.206919E+02  1.186340E+02
1.632675E+02  2.029192E+01  -1.206501E+02  1.186363E+02
1.632499E+02  2.029940E+01  -1.206097E+02  1.186386E+02
1.632171E+02  2.031332E+01  -1.205346E+02  1.186428E+02
1.631856E+02  2.032671E+01  -1.204623E+02  1.186469E+02
1.631544E+02  2.033997E+01  -1.203907E+02  1.186509E+02
1.631353E+02  2.034809E+01  -1.203469E+02  1.186533E+02
1.631161E+02  2.035624E+01  -1.203028E+02  1.186558E+02
1.630981E+02  2.036393E+01  -1.202613E+02  1.186581E+02
1.630800E+02  2.037167E+01  -1.202196E+02  1.186604E+02
1.630603E+02  2.038001E+01  -1.201745E+02  1.186629E+02
1.630407E+02  2.038841E+01  -1.201292E+02  1.186654E+02
1.630270E+02  2.039430E+01  -1.200974E+02  1.186671E+02
1.630132E+02  2.040017E+01  -1.200658E+02  1.186689E+02
1.629924E+02  2.040902E+01  -1.200179E+02  1.186715E+02
1.629695E+02  2.041884E+01  -1.199649E+02  1.186744E+02
1.629474E+02  2.042825E+01  -1.199141E+02  1.186771E+02
1.629268E+02  2.043708E+01  -1.198665E+02  1.186797E+02
1.629063E+02  2.044587E+01  -1.198190E+02  1.186823E+02
1.628907E+02  2.045252E+01  -1.197832E+02  1.186842E+02
1.628752E+02  2.045921E+01  -1.197471E+02  1.186862E+02
1.628342E+02  2.047679E+01  -1.196522E+02  1.186913E+02
1.627850E+02  2.049788E+01  -1.195384E+02  1.186974E+02
1.627420E+02  2.051640E+01  -1.194385E+02  1.187027E+02
1.627220E+02  2.052503E+01  -1.193919E+02  1.187051E+02
1.627019E+02  2.053369E+01  -1.193452E+02  1.187076E+02
1.626773E+02  2.054429E+01  -1.192880E+02  1.187106E+02
1.626527E+02  2.055487E+01  -1.192310E+02  1.187136E+02
1.626363E+02  2.056193E+01  -1.191928E+02  1.187156E+02
1.626201E+02  2.056896E+01  -1.191549E+02  1.187176E+02
1.626070E+02  2.057462E+01  -1.191244E+02  1.187192E+02
1.625939E+02  2.058028E+01  -1.190939E+02  1.187208E+02
1.625578E+02  2.059589E+01  -1.190097E+02  1.187251E+02
1.625272E+02  2.060912E+01  -1.189383E+02  1.187288E+02
1.624991E+02  2.062131E+01  -1.188726E+02  1.187322E+02
1.624868E+02  2.062661E+01  -1.188440E+02  1.187337E+02
1.624746E+02  2.063195E+01  -1.188153E+02  1.187352E+02
1.624462E+02  2.064421E+01  -1.187491E+02  1.187386E+02
1.624165E+02  2.065714E+01  -1.186793E+02  1.187421E+02
1.623881E+02  2.066949E+01  -1.186128E+02  1.187455E+02
1.623052E+02  2.070553E+01  -1.184185E+02  1.187553E+02
1.622674E+02  2.072206E+01  -1.183294E+02  1.187597E+02
1.622484E+02  2.073032E+01  -1.182849E+02  1.187620E+02
1.622294E+02  2.073866E+01  -1.182399E+02  1.187642E+02
1.622010E+02  2.075104E+01  -1.181732E+02  1.187675E+02
1.621755E+02  2.076218E+01  -1.181131E+02  1.187705E+02
1.621511E+02  2.077286E+01  -1.180555E+02  1.187733E+02
1.621288E+02  2.078263E+01  -1.180029E+02  1.187759E+02
1.621065E+02  2.079240E+01  -1.179502E+02  1.187785E+02
1.620858E+02  2.080145E+01  -1.179014E+02  1.187809E+02
1.620654E+02  2.081046E+01  -1.178530E+02  1.187832E+02
1.620183E+02  2.083110E+01  -1.177417E+02  1.187886E+02
1.619932E+02  2.084213E+01  -1.176823E+02  1.187915E+02
1.619680E+02  2.085320E+01  -1.176226E+02  1.187943E+02
1.619542E+02  2.085929E+01  -1.175899E+02  1.187959E+02
1.619405E+02  2.086532E+01  -1.175573E+02  1.187975E+02
1.619268E+02  2.087137E+01  -1.175248E+02  1.187990E+02
1.619132E+02  2.087739E+01  -1.174924E+02  1.188006E+02
1.618802E+02  2.089192E+01  -1.174141E+02  1.188043E+02
1.618643E+02  2.089898E+01  -1.173761E+02  1.188061E+02
1.618483E+02  2.090602E+01  -1.173382E+02  1.188079E+02
1.618213E+02  2.091798E+01  -1.172738E+02  1.188109E+02
1.617952E+02  2.092947E+01  -1.172119E+02  1.188138E+02
1.617768E+02  2.093762E+01  -1.171681E+02  1.188159E+02
1.617584E+02  2.094576E+01  -1.171242E+02  1.188179E+02
1.617393E+02  2.095421E+01  -1.170786E+02  1.188201E+02
1.617202E+02  2.096270E+01  -1.170330E+02  1.188222E+02
1.617037E+02  2.097001E+01  -1.169936E+02  1.188240E+02
1.616871E+02  2.097739E+01  -1.169539E+02  1.188258E+02
1.616670E+02  2.098634E+01  -1.169057E+02  1.188281E+02
1.616485E+02  2.099450E+01  -1.168617E+02  1.188301E+02
1.616297E+02  2.100287E+01  -1.168166E+02  1.188322E+02
1.616089E+02  2.101212E+01  -1.167668E+02  1.188344E+02
1.615813E+02  2.102440E+01  -1.167008E+02  1.188374E+02
1.615520E+02  2.103746E+01  -1.166305E+02  1.188406E+02
1.615373E+02  2.104405E+01  -1.165950E+02  1.188423E+02
1.615225E+02  2.105062E+01  -1.165597E+02  1.188439E+02
1.615048E+02  2.105852E+01  -1.165171E+02  1.188458E+02
1.614875E+02  2.106625E+01  -1.164756E+02  1.188476E+02
1.614543E+02  2.108104E+01  -1.163959E+02  1.188512E+02
1.614382E+02  2.108824E+01  -1.163573E+02  1.188529E+02
1.614223E+02  2.109536E+01  -1.163189E+02  1.188547E+02
1.614031E+02  2.110398E+01  -1.162725E+02  1.188567E+02
1.613801E+02  2.111426E+01  -1.162171E+02  1.188592E+02
1.613580E+02  2.112419E+01  -1.161638E+02  1.188615E+02
1.613357E+02  2.113415E+01  -1.161102E+02  1.188639E+02
1.613109E+02  2.114530E+01  -1.160503E+02  1.188665E+02
1.612848E+02  2.115702E+01  -1.159872E+02  1.188693E+02
1.612720E+02  2.116281E+01  -1.159561E+02  1.188706E+02
1.612590E+02  2.116861E+01  -1.159248E+02  1.188720E+02
1.612435E+02  2.117560E+01  -1.158873E+02  1.188736E+02
1.612279E+02  2.118260E+01  -1.158496E+02  1.188752E+02
1.612088E+02  2.119122E+01  -1.158032E+02  1.188773E+02
1.611989E+02  2.119566E+01  -1.157794E+02  1.188783E+02
1.611891E+02  2.120011E+01  -1.157555E+02  1.188793E+02
1.611694E+02  2.120897E+01  -1.157078E+02  1.188814E+02
1.611469E+02  2.121913E+01  -1.156532E+02  1.188837E+02
1.611246E+02  2.122918E+01  -1.155991E+02  1.188860E+02
1.611020E+02  2.123938E+01  -1.155442E+02  1.188884E+02
1.610777E+02  2.125032E+01  -1.154854E+02  1.188908E+02
1.610512E+02  2.126235E+01  -1.154207E+02  1.188936E+02
1.610278E+02  2.127294E+01  -1.153638E+02  1.188960E+02
1.610169E+02  2.127787E+01  -1.153373E+02  1.188971E+02
1.610062E+02  2.128276E+01  -1.153110E+02  1.188982E+02
1.609903E+02  2.128993E+01  -1.152725E+02  1.188998E+02
1.609751E+02  2.129682E+01  -1.152354E+02  1.189013E+02
1.609546E+02  2.130616E+01  -1.151853E+02  1.189034E+02
1.609333E+02  2.131581E+01  -1.151334E+02  1.189056E+02
1.609190E+02  2.132232E+01  -1.150984E+02  1.189070E+02
1.609047E+02  2.132883E+01  -1.150635E+02  1.189085E+02
1.608911E+02  2.133501E+01  -1.150302E+02  1.189098E+02
1.608776E+02  2.134111E+01  -1.149974E+02  1.189112E+02
1.608595E+02  2.134940E+01  -1.149530E+02  1.189130E+02
1.608433E+02  2.135673E+01  -1.149135E+02  1.189146E+02
1.608204E+02  2.136716E+01  -1.148574E+02  1.189169E+02
1.608056E+02  2.137394E+01  -1.148211E+02  1.189184E+02
1.607906E+02  2.138074E+01  -1.147845E+02  1.189199E+02
1.607761E+02  2.138736E+01  -1.147489E+02  1.189213E+02
1.607597E+02  2.139488E+01  -1.147086E+02  1.189230E+02
1.607395E+02  2.140411E+01  -1.146589E+02  1.189250E+02
1.607249E+02  2.141078E+01  -1.146231E+02  1.189264E+02
1.607104E+02  2.141739E+01  -1.145876E+02  1.189278E+02
1.606829E+02  2.142997E+01  -1.145200E+02  1.189305E+02
1.606562E+02  2.144226E+01  -1.144541E+02  1.189331E+02
1.606294E+02  2.145449E+01  -1.143883E+02  1.189358E+02
1.605942E+02  2.147064E+01  -1.143016E+02  1.189392E+02
1.605618E+02  2.148552E+01  -1.142217E+02  1.189423E+02
1.605218E+02  2.150394E+01  -1.141228E+02  1.189462E+02
1.605026E+02  2.151275E+01  -1.140755E+02  1.189480E+02
1.604834E+02  2.152158E+01  -1.140281E+02  1.189498E+02
1.604663E+02  2.152950E+01  -1.139857E+02  1.189515E+02
1.604494E+02  2.153727E+01  -1.139439E+02  1.189531E+02
1.604383E+02  2.154241E+01  -1.139163E+02  1.189541E+02
1.604273E+02  2.154750E+01  -1.138890E+02  1.189552E+02
1.604171E+02  2.155217E+01  -1.138639E+02  1.189562E+02
1.604068E+02  2.155693E+01  -1.138383E+02  1.189571E+02
1.603912E+02  2.156416E+01  -1.137996E+02  1.189586E+02
1.603706E+02  2.157368E+01  -1.137485E+02  1.189605E+02
1.603507E+02  2.158288E+01  -1.136991E+02  1.189624E+02
1.603288E+02  2.159301E+01  -1.136448E+02  1.189645E+02
1.603069E+02  2.160318E+01  -1.135902E+02  1.189665E+02
1.602813E+02  2.161501E+01  -1.135267E+02  1.189689E+02
1.602620E+02  2.162400E+01  -1.134785E+02  1.189707E+02
1.602522E+02  2.162849E+01  -1.134544E+02  1.189716E+02
1.602425E+02  2.163300E+01  -1.134302E+02  1.189725E+02
1.602199E+02  2.164352E+01  -1.133737E+02  1.189746E+02
1.601936E+02  2.165575E+01  -1.133082E+02  1.189770E+02
1.601659E+02  2.166862E+01  -1.132392E+02  1.189796E+02
1.601396E+02  2.168088E+01  -1.131733E+02  1.189820E+02
1.601260E+02  2.168721E+01  -1.131394E+02  1.189832E+02
1.601125E+02  2.169346E+01  -1.131059E+02  1.189844E+02
1.600936E+02  2.170232E+01  -1.130584E+02  1.189862E+02
1.600758E+02  2.171063E+01  -1.130138E+02  1.189878E+02
1.600641E+02  2.171608E+01  -1.129846E+02  1.189888E+02
1.600525E+02  2.172151E+01  -1.129555E+02  1.189899E+02
1.600321E+02  2.173103E+01  -1.129044E+02  1.189917E+02
1.600119E+02  2.174047E+01  -1.128538E+02  1.189935E+02
1.599933E+02  2.174918E+01  -1.128071E+02  1.189952E+02
1.599746E+02  2.175789E+01  -1.127604E+02  1.189968E+02
1.599623E+02  2.176369E+01  -1.127293E+02  1.189979E+02
1.599501E+02  2.176941E+01  -1.126987E+02  1.189990E+02
1.599324E+02  2.177772E+01  -1.126541E+02  1.190006E+02
1.599168E+02  2.178502E+01  -1.126150E+02  1.190020E+02
1.599022E+02  2.179190E+01  -1.125781E+02  1.190033E+02
1.598825E+02  2.180117E+01  -1.125285E+02  1.190050E+02
1.598603E+02  2.181156E+01  -1.124728E+02  1.190070E+02
1.598490E+02  2.181687E+01  -1.124444E+02  1.190079E+02
1.598379E+02  2.182209E+01  -1.124164E+02  1.190089E+02
1.598200E+02  2.183057E+01  -1.123710E+02  1.190105E+02
1.598027E+02  2.183872E+01  -1.123273E+02  1.190120E+02
1.597838E+02  2.184761E+01  -1.122796E+02  1.190136E+02
1.597517E+02  2.186269E+01  -1.121988E+02  1.190164E+02
1.597350E+02  2.187060E+01  -1.121564E+02  1.190179E+02
1.597182E+02  2.187852E+01  -1.121140E+02  1.190193E+02
1.597041E+02  2.188523E+01  -1.120781E+02  1.190205E+02
1.596864E+02  2.189354E+01  -1.120336E+02  1.190220E+02
1.596763E+02  2.189834E+01  -1.120078E+02  1.190229E+02
1.596662E+02  2.190309E+01  -1.119824E+02  1.190238E+02
1.596489E+02  2.191128E+01  -1.119385E+02  1.190252E+02
1.596331E+02  2.191875E+01  -1.118985E+02  1.190266E+02
1.596079E+02  2.193072E+01  -1.118344E+02  1.190287E+02
1.595971E+02  2.193589E+01  -1.118068E+02  1.190296E+02
1.595862E+02  2.194098E+01  -1.117795E+02  1.190305E+02
1.595709E+02  2.194826E+01  -1.117406E+02  1.190318E+02
1.595569E+02  2.195494E+01  -1.117048E+02  1.190330E+02
1.595428E+02  2.196164E+01  -1.116690E+02  1.190342E+02
1.595248E+02  2.197017E+01  -1.116232E+02  1.190357E+02
1.595066E+02  2.197881E+01  -1.115769E+02  1.190372E+02
1.594974E+02  2.198323E+01  -1.115533E+02  1.190380E+02
1.594882E+02  2.198756E+01  -1.115301E+02  1.190387E+02
1.594723E+02  2.199516E+01  -1.114895E+02  1.190400E+02
1.594550E+02  2.200339E+01  -1.114455E+02  1.190415E+02
1.594454E+02  2.200797E+01  -1.114209E+02  1.190423E+02
1.594356E+02  2.201262E+01  -1.113960E+02  1.190431E+02
1.594230E+02  2.201867E+01  -1.113637E+02  1.190441E+02
1.594092E+02  2.202522E+01  -1.113286E+02  1.190452E+02
1.593962E+02  2.203145E+01  -1.112952E+02  1.190463E+02
1.593814E+02  2.203848E+01  -1.112575E+02  1.190475E+02
1.593671E+02  2.204533E+01  -1.112210E+02  1.190487E+02
1.593513E+02  2.205293E+01  -1.111803E+02  1.190500E+02
1.593317E+02  2.206228E+01  -1.111303E+02  1.190516E+02
1.593131E+02  2.207119E+01  -1.110826E+02  1.190531E+02
1.593029E+02  2.207608E+01  -1.110565E+02  1.190539E+02
1.592926E+02  2.208098E+01  -1.110302E+02  1.190547E+02
1.592805E+02  2.208678E+01  -1.109992E+02  1.190557E+02
1.592597E+02  2.209678E+01  -1.109457E+02  1.190574E+02
1.592214E+02  2.211516E+01  -1.108474E+02  1.190604E+02
1.592039E+02  2.212358E+01  -1.108024E+02  1.190618E+02
1.591863E+02  2.213204E+01  -1.107571E+02  1.190632E+02
1.591754E+02  2.213727E+01  -1.107291E+02  1.190641E+02
1.591643E+02  2.214259E+01  -1.107006E+02  1.190649E+02
1.591485E+02  2.215021E+01  -1.106599E+02  1.190662E+02
1.591346E+02  2.215690E+01  -1.106242E+02  1.190673E+02
1.591227E+02  2.216262E+01  -1.105936E+02  1.190682E+02
1.591116E+02  2.216799E+01  -1.105650E+02  1.190691E+02
1.590963E+02  2.217536E+01  -1.105255E+02  1.190703E+02
1.590810E+02  2.218273E+01  -1.104860E+02  1.190715E+02
1.590707E+02  2.218775E+01  -1.104593E+02  1.190723E+02
1.590606E+02  2.219264E+01  -1.104332E+02  1.190731E+02
1.590445E+02  2.220033E+01  -1.103920E+02  1.190743E+02
1.590266E+02  2.220902E+01  -1.103455E+02  1.190757E+02
1.590094E+02  2.221736E+01  -1.103010E+02  1.190770E+02
1.589912E+02  2.222613E+01  -1.102541E+02  1.190784E+02
1.589655E+02  2.223861E+01  -1.101874E+02  1.190804E+02
1.589409E+02  2.225053E+01  -1.101238E+02  1.190822E+02
1.589293E+02  2.225616E+01  -1.100937E+02  1.190831E+02
1.589178E+02  2.226174E+01  -1.100638E+02  1.190840E+02
1.589046E+02  2.226815E+01  -1.100296E+02  1.190850E+02
1.588902E+02  2.227516E+01  -1.099922E+02  1.190861E+02
1.588752E+02  2.228240E+01  -1.099534E+02  1.190872E+02
1.588598E+02  2.228993E+01  -1.099133E+02  1.190883E+02
1.588447E+02  2.229724E+01  -1.098742E+02  1.190895E+02
1.588252E+02  2.230673E+01  -1.098235E+02  1.190909E+02
1.588075E+02  2.231536E+01  -1.097774E+02  1.190922E+02
1.587995E+02  2.231931E+01  -1.097563E+02  1.190928E+02
1.587913E+02  2.232332E+01  -1.097349E+02  1.190934E+02
1.587807E+02  2.232846E+01  -1.097074E+02  1.190942E+02
1.587737E+02  2.233183E+01  -1.096894E+02  1.190947E+02
1.587669E+02  2.233519E+01  -1.096715E+02  1.190953E+02
1.587471E+02  2.234483E+01  -1.096200E+02  1.190967E+02
1.587285E+02  2.235392E+01  -1.095715E+02  1.190981E+02
1.587093E+02  2.236331E+01  -1.095214E+02  1.190995E+02
1.586981E+02  2.236880E+01  -1.094921E+02  1.191003E+02
1.586869E+02  2.237424E+01  -1.094630E+02  1.191011E+02
1.586671E+02  2.238399E+01  -1.094109E+02  1.191025E+02
1.586497E+02  2.239247E+01  -1.093657E+02  1.191038E+02
1.586403E+02  2.239709E+01  -1.093411E+02  1.191045E+02
1.586310E+02  2.240163E+01  -1.093167E+02  1.191051E+02
1.586145E+02  2.240969E+01  -1.092737E+02  1.191063E+02
1.585990E+02  2.241736E+01  -1.092328E+02  1.191074E+02
1.585838E+02  2.242483E+01  -1.091930E+02  1.191085E+02
1.585645E+02  2.243429E+01  -1.091425E+02  1.191099E+02
1.585440E+02  2.244435E+01  -1.090888E+02  1.191114E+02
1.585336E+02  2.244950E+01  -1.090613E+02  1.191121E+02
1.585233E+02  2.245454E+01  -1.090344E+02  1.191128E+02
1.585070E+02  2.246261E+01  -1.089914E+02  1.191140E+02
1.584932E+02  2.246936E+01  -1.089554E+02  1.191149E+02
1.584794E+02  2.247615E+01  -1.089191E+02  1.191159E+02
1.584649E+02  2.248335E+01  -1.088807E+02  1.191169E+02
1.584508E+02  2.249025E+01  -1.088439E+02  1.191179E+02
1.584294E+02  2.250082E+01  -1.087875E+02  1.191194E+02
1.584189E+02  2.250602E+01  -1.087598E+02  1.191201E+02
1.584081E+02  2.251134E+01  -1.087314E+02  1.191208E+02
1.583964E+02  2.251712E+01  -1.087006E+02  1.191216E+02
1.583849E+02  2.252287E+01  -1.086700E+02  1.191224E+02
1.583761E+02  2.252718E+01  -1.086469E+02  1.191231E+02
1.583672E+02  2.253162E+01  -1.086233E+02  1.191237E+02
1.583579E+02  2.253622E+01  -1.085987E+02  1.191243E+02
1.583489E+02  2.254066E+01  -1.085750E+02  1.191249E+02
1.583362E+02  2.254695E+01  -1.085415E+02  1.191258E+02
1.583255E+02  2.255226E+01  -1.085132E+02  1.191265E+02
1.583151E+02  2.255742E+01  -1.084857E+02  1.191272E+02
1.582963E+02  2.256675E+01  -1.084360E+02  1.191285E+02
1.582797E+02  2.257497E+01  -1.083921E+02  1.191296E+02
1.582571E+02  2.258616E+01  -1.083324E+02  1.191311E+02
1.582451E+02  2.259217E+01  -1.083004E+02  1.191319E+02
1.582391E+02  2.259513E+01  -1.082847E+02  1.191323E+02
1.582332E+02  2.259808E+01  -1.082689E+02  1.191327E+02
1.582153E+02  2.260696E+01  -1.082216E+02  1.191339E+02
1.581987E+02  2.261520E+01  -1.081776E+02  1.191350E+02
1.581803E+02  2.262439E+01  -1.081286E+02  1.191362E+02
1.581712E+02  2.262890E+01  -1.081047E+02  1.191368E+02
1.581621E+02  2.263347E+01  -1.080803E+02  1.191374E+02
1.581510E+02  2.263898E+01  -1.080510E+02  1.191381E+02
1.581403E+02  2.264436E+01  -1.080223E+02  1.191389E+02
1.581292E+02  2.264991E+01  -1.079928E+02  1.191396E+02
1.581180E+02  2.265549E+01  -1.079630E+02  1.191403E+02
1.581061E+02  2.266141E+01  -1.079315E+02  1.191411E+02
1.580947E+02  2.266713E+01  -1.079010E+02  1.191418E+02
1.580833E+02  2.267283E+01  -1.078707E+02  1.191426E+02
1.580696E+02  2.267971E+01  -1.078341E+02  1.191434E+02
1.580576E+02  2.268566E+01  -1.078023E+02  1.191442E+02
1.580457E+02  2.269164E+01  -1.077705E+02  1.191450E+02
1.580335E+02  2.269774E+01  -1.077379E+02  1.191458E+02
1.580221E+02  2.270346E+01  -1.077075E+02  1.191465E+02
1.580128E+02  2.270810E+01  -1.076828E+02  1.191471E+02
1.580036E+02  2.271271E+01  -1.076582E+02  1.191477E+02
1.579941E+02  2.271749E+01  -1.076328E+02  1.191483E+02
1.579790E+02  2.272506E+01  -1.075924E+02  1.191492E+02
1.579646E+02  2.273235E+01  -1.075537E+02  1.191501E+02
1.579526E+02  2.273837E+01  -1.075216E+02  1.191509E+02
1.579404E+02  2.274445E+01  -1.074892E+02  1.191517E+02
1.579294E+02  2.275001E+01  -1.074596E+02  1.191523E+02
1.579184E+02  2.275553E+01  -1.074303E+02  1.191530E+02
1.579065E+02  2.276150E+01  -1.073984E+02  1.191538E+02
1.578983E+02  2.276565E+01  -1.073764E+02  1.191543E+02
1.578902E+02  2.276975E+01  -1.073545E+02  1.191548E+02
1.578806E+02  2.277455E+01  -1.073289E+02  1.191554E+02
1.578721E+02  2.277886E+01  -1.073061E+02  1.191559E+02
1.578575E+02  2.278619E+01  -1.072670E+02  1.191568E+02
1.578507E+02  2.278963E+01  -1.072487E+02  1.191572E+02
1.578441E+02  2.279296E+01  -1.072310E+02  1.191576E+02
1.578321E+02  2.279900E+01  -1.071988E+02  1.191584E+02
1.578170E+02  2.280662E+01  -1.071582E+02  1.191593E+02
1.578021E+02  2.281417E+01  -1.071181E+02  1.191602E+02
1.577820E+02  2.282432E+01  -1.070641E+02  1.191614E+02
1.577714E+02  2.282967E+01  -1.070356E+02  1.191621E+02
1.577609E+02  2.283499E+01  -1.070073E+02  1.191627E+02
1.577482E+02  2.284146E+01  -1.069730E+02  1.191635E+02
1.577327E+02  2.284931E+01  -1.069311E+02  1.191644E+02
1.577178E+02  2.285685E+01  -1.068911E+02  1.191653E+02
1.577100E+02  2.286078E+01  -1.068702E+02  1.191658E+02
1.577024E+02  2.286463E+01  -1.068497E+02  1.191662E+02
1.576907E+02  2.287055E+01  -1.068182E+02  1.191669E+02
1.576794E+02  2.287633E+01  -1.067875E+02  1.191676E+02
1.576720E+02  2.288005E+01  -1.067676E+02  1.191680E+02
1.576646E+02  2.288385E+01  -1.067475E+02  1.191685E+02
1.576559E+02  2.288823E+01  -1.067242E+02  1.191690E+02
1.576254E+02  2.290373E+01  -1.066417E+02  1.191708E+02
1.576184E+02  2.290726E+01  -1.066229E+02  1.191712E+02
1.576114E+02  2.291088E+01  -1.066037E+02  1.191716E+02
1.576032E+02  2.291503E+01  -1.065816E+02  1.191721E+02
1.575917E+02  2.292089E+01  -1.065504E+02  1.191727E+02
1.575807E+02  2.292651E+01  -1.065206E+02  1.191734E+02
1.575692E+02  2.293236E+01  -1.064895E+02  1.191740E+02
1.575537E+02  2.294027E+01  -1.064474E+02  1.191749E+02
1.575403E+02  2.294711E+01  -1.064111E+02  1.191757E+02
1.575268E+02  2.295400E+01  -1.063745E+02  1.191765E+02
1.575180E+02  2.295848E+01  -1.063506E+02  1.191770E+02
1.575093E+02  2.296293E+01  -1.063270E+02  1.191775E+02
1.574954E+02  2.297002E+01  -1.062893E+02  1.191783E+02
1.574816E+02  2.297709E+01  -1.062517E+02  1.191790E+02
1.574747E+02  2.298062E+01  -1.062329E+02  1.191794E+02
1.574677E+02  2.298417E+01  -1.062141E+02  1.191798E+02
1.574590E+02  2.298864E+01  -1.061903E+02  1.191803E+02
1.574502E+02  2.299315E+01  -1.061664E+02  1.191808E+02
1.574410E+02  2.299788E+01  -1.061413E+02  1.191813E+02
1.574314E+02  2.300279E+01  -1.061152E+02  1.191819E+02
1.574181E+02  2.300960E+01  -1.060790E+02  1.191826E+02
1.574087E+02  2.301439E+01  -1.060535E+02  1.191831E+02
1.573994E+02  2.301919E+01  -1.060281E+02  1.191836E+02
1.573902E+02  2.302390E+01  -1.060030E+02  1.191842E+02
1.573791E+02  2.302958E+01  -1.059728E+02  1.191848E+02
1.573656E+02  2.303655E+01  -1.059358E+02  1.191855E+02
1.573518E+02  2.304362E+01  -1.058983E+02  1.191863E+02
1.573378E+02  2.305086E+01  -1.058598E+02  1.191870E+02
1.573314E+02  2.305408E+01  -1.058427E+02  1.191874E+02
1.573251E+02  2.305738E+01  -1.058252E+02  1.191877E+02
1.573163E+02  2.306186E+01  -1.058014E+02  1.191882E+02
1.573071E+02  2.306663E+01  -1.057761E+02  1.191887E+02
1.572990E+02  2.307078E+01  -1.057540E+02  1.191891E+02
1.572914E+02  2.307469E+01  -1.057333E+02  1.191896E+02
1.572827E+02  2.307919E+01  -1.057094E+02  1.191900E+02
1.572751E+02  2.308309E+01  -1.056887E+02  1.191904E+02
1.572678E+02  2.308687E+01  -1.056686E+02  1.191908E+02
1.572561E+02  2.309290E+01  -1.056366E+02  1.191915E+02
1.572450E+02  2.309862E+01  -1.056062E+02  1.191921E+02
1.572313E+02  2.310568E+01  -1.055687E+02  1.191928E+02
1.572180E+02  2.311253E+01  -1.055324E+02  1.191935E+02
1.572110E+02  2.311617E+01  -1.055130E+02  1.191939E+02
1.572037E+02  2.311995E+01  -1.054930E+02  1.191942E+02
1.571945E+02  2.312471E+01  -1.054677E+02  1.191947E+02
1.571848E+02  2.312972E+01  -1.054411E+02  1.191952E+02
1.571708E+02  2.313697E+01  -1.054026E+02  1.191960E+02
1.571637E+02  2.314064E+01  -1.053832E+02  1.191963E+02
1.571566E+02  2.314433E+01  -1.053636E+02  1.191967E+02
1.571484E+02  2.314857E+01  -1.053411E+02  1.191971E+02
1.571402E+02  2.315282E+01  -1.053185E+02  1.191976E+02
1.571356E+02  2.315522E+01  -1.053058E+02  1.191978E+02
1.571307E+02  2.315773E+01  -1.052925E+02  1.191981E+02
1.571200E+02  2.316325E+01  -1.052631E+02  1.191986E+02
1.571145E+02  2.316616E+01  -1.052478E+02  1.191989E+02
1.571088E+02  2.316907E+01  -1.052324E+02  1.191992E+02
1.571031E+02  2.317205E+01  -1.052165E+02  1.191995E+02
1.570976E+02  2.317491E+01  -1.052013E+02  1.191998E+02
1.570861E+02  2.318088E+01  -1.051697E+02  1.192004E+02
1.570716E+02  2.318838E+01  -1.051299E+02  1.192011E+02
1.570632E+02  2.319278E+01  -1.051065E+02  1.192015E+02
1.570548E+02  2.319715E+01  -1.050834E+02  1.192020E+02
1.570452E+02  2.320212E+01  -1.050570E+02  1.192024E+02
1.570386E+02  2.320552E+01  -1.050389E+02  1.192028E+02
1.570318E+02  2.320908E+01  -1.050201E+02  1.192031E+02
1.570268E+02  2.321170E+01  -1.050062E+02  1.192034E+02
1.570217E+02  2.321434E+01  -1.049922E+02  1.192036E+02
1.570107E+02  2.322007E+01  -1.049618E+02  1.192042E+02
1.570047E+02  2.322318E+01  -1.049453E+02  1.192045E+02
1.569987E+02  2.322632E+01  -1.049286E+02  1.192048E+02
1.569922E+02  2.322969E+01  -1.049107E+02  1.192051E+02
1.569858E+02  2.323303E+01  -1.048930E+02  1.192054E+02
1.569769E+02  2.323770E+01  -1.048683E+02  1.192059E+02
1.569686E+02  2.324205E+01  -1.048453E+02  1.192063E+02
1.569603E+02  2.324636E+01  -1.048224E+02  1.192067E+02
1.569517E+02  2.325085E+01  -1.047985E+02  1.192071E+02
1.569404E+02  2.325676E+01  -1.047672E+02  1.192077E+02
1.569295E+02  2.326244E+01  -1.047371E+02  1.192082E+02
1.569188E+02  2.326801E+01  -1.047076E+02  1.192087E+02
1.569082E+02  2.327355E+01  -1.046782E+02  1.192092E+02
1.569021E+02  2.327673E+01  -1.046613E+02  1.192095E+02
1.568961E+02  2.327988E+01  -1.046446E+02  1.192098E+02
1.568873E+02  2.328448E+01  -1.046203E+02  1.192103E+02
1.568832E+02  2.328660E+01  -1.046090E+02  1.192105E+02
1.568791E+02  2.328880E+01  -1.045973E+02  1.192107E+02
1.568699E+02  2.329364E+01  -1.045717E+02  1.192111E+02
1.568617E+02  2.329791E+01  -1.045491E+02  1.192115E+02
1.568537E+02  2.330207E+01  -1.045270E+02  1.192119E+02
1.568433E+02  2.330755E+01  -1.044980E+02  1.192124E+02
1.568330E+02  2.331291E+01  -1.044696E+02  1.192129E+02
1.568224E+02  2.331849E+01  -1.044400E+02  1.192134E+02
1.568121E+02  2.332393E+01  -1.044112E+02  1.192139E+02
1.568014E+02  2.332952E+01  -1.043815E+02  1.192144E+02
1.567903E+02  2.333536E+01  -1.043507E+02  1.192149E+02
1.567795E+02  2.334100E+01  -1.043207E+02  1.192154E+02
1.567675E+02  2.334734E+01  -1.042871E+02  1.192160E+02
1.567611E+02  2.335067E+01  -1.042695E+02  1.192163E+02
1.567549E+02  2.335400E+01  -1.042520E+02  1.192165E+02
1.567478E+02  2.335773E+01  -1.042321E+02  1.192169E+02
1.567403E+02  2.336169E+01  -1.042112E+02  1.192172E+02
1.567331E+02  2.336545E+01  -1.041912E+02  1.192176E+02
1.567255E+02  2.336945E+01  -1.041700E+02  1.192179E+02
1.567161E+02  2.337437E+01  -1.041439E+02  1.192183E+02
1.567044E+02  2.338052E+01  -1.041114E+02  1.192189E+02
1.566911E+02  2.338756E+01  -1.040741E+02  1.192195E+02
1.566850E+02  2.339076E+01  -1.040571E+02  1.192198E+02
1.566788E+02  2.339402E+01  -1.040399E+02  1.192200E+02
1.566616E+02  2.340312E+01  -1.039917E+02  1.192208E+02
1.566533E+02  2.340751E+01  -1.039684E+02  1.192212E+02
1.566449E+02  2.341195E+01  -1.039449E+02  1.192216E+02
1.566390E+02  2.341507E+01  -1.039284E+02  1.192219E+02
1.566331E+02  2.341819E+01  -1.039119E+02  1.192221E+02
1.566252E+02  2.342238E+01  -1.038897E+02  1.192225E+02
1.566164E+02  2.342704E+01  -1.038651E+02  1.192229E+02
1.566059E+02  2.343257E+01  -1.038358E+02  1.192233E+02
1.566012E+02  2.343504E+01  -1.038227E+02  1.192235E+02
1.565968E+02  2.343740E+01  -1.038102E+02  1.192237E+02
1.565867E+02  2.344272E+01  -1.037821E+02  1.192242E+02
1.565813E+02  2.344556E+01  -1.037669E+02  1.192244E+02
1.565757E+02  2.344854E+01  -1.037512E+02  1.192247E+02
1.565674E+02  2.345293E+01  -1.037280E+02  1.192250E+02
1.565588E+02  2.345747E+01  -1.037039E+02  1.192254E+02
1.565533E+02  2.346039E+01  -1.036885E+02  1.192257E+02
1.565481E+02  2.346315E+01  -1.036739E+02  1.192259E+02
1.565401E+02  2.346747E+01  -1.036511E+02  1.192262E+02
1.565360E+02  2.346960E+01  -1.036398E+02  1.192264E+02
1.565320E+02  2.347177E+01  -1.036283E+02  1.192266E+02
1.565237E+02  2.347612E+01  -1.036052E+02  1.192270E+02
1.565186E+02  2.347882E+01  -1.035909E+02  1.192272E+02
1.565135E+02  2.348154E+01  -1.035766E+02  1.192274E+02
1.565071E+02  2.348492E+01  -1.035587E+02  1.192277E+02
1.565003E+02  2.348854E+01  -1.035395E+02  1.192280E+02
1.564931E+02  2.349239E+01  -1.035192E+02  1.192283E+02
1.564856E+02  2.349639E+01  -1.034980E+02  1.192286E+02
1.564770E+02  2.350098E+01  -1.034737E+02  1.192290E+02
1.564711E+02  2.350405E+01  -1.034575E+02  1.192292E+02
1.564652E+02  2.350725E+01  -1.034405E+02  1.192295E+02
1.564578E+02  2.351114E+01  -1.034200E+02  1.192298E+02
1.564522E+02  2.351417E+01  -1.034039E+02  1.192300E+02
1.564463E+02  2.351729E+01  -1.033873E+02  1.192303E+02
1.564394E+02  2.352097E+01  -1.033679E+02  1.192306E+02
1.564347E+02  2.352348E+01  -1.033547E+02  1.192308E+02
1.564300E+02  2.352599E+01  -1.033414E+02  1.192310E+02
1.564226E+02  2.352992E+01  -1.033206E+02  1.192313E+02
1.564152E+02  2.353387E+01  -1.032997E+02  1.192316E+02
1.564077E+02  2.353789E+01  -1.032785E+02  1.192319E+02
1.564005E+02  2.354173E+01  -1.032582E+02  1.192322E+02
1.563958E+02  2.354419E+01  -1.032452E+02  1.192324E+02
1.563914E+02  2.354653E+01  -1.032327E+02  1.192326E+02
1.563828E+02  2.355115E+01  -1.032083E+02  1.192329E+02
1.563741E+02  2.355580E+01  -1.031838E+02  1.192333E+02
1.563691E+02  2.355846E+01  -1.031697E+02  1.192335E+02
1.563640E+02  2.356118E+01  -1.031552E+02  1.192337E+02
1.563567E+02  2.356510E+01  -1.031346E+02  1.192340E+02
1.563492E+02  2.356912E+01  -1.031133E+02  1.192343E+02
1.563410E+02  2.357345E+01  -1.030904E+02  1.192346E+02
1.563337E+02  2.357738E+01  -1.030696E+02  1.192349E+02
1.563260E+02  2.358151E+01  -1.030478E+02  1.192352E+02
1.563187E+02  2.358543E+01  -1.030270E+02  1.192355E+02
1.563108E+02  2.358966E+01  -1.030048E+02  1.192359E+02
1.563029E+02  2.359388E+01  -1.029824E+02  1.192362E+02
1.562947E+02  2.359828E+01  -1.029591E+02  1.192365E+02
1.562862E+02  2.360283E+01  -1.029351E+02  1.192369E+02
1.562741E+02  2.360933E+01  -1.029007E+02  1.192373E+02
1.562687E+02  2.361220E+01  -1.028856E+02  1.192375E+02
1.562634E+02  2.361510E+01  -1.028703E+02  1.192378E+02
1.562584E+02  2.361774E+01  -1.028563E+02  1.192380E+02
1.562531E+02  2.362057E+01  -1.028413E+02  1.192382E+02
1.562436E+02  2.362570E+01  -1.028142E+02  1.192385E+02
1.562311E+02  2.363237E+01  -1.027790E+02  1.192390E+02
1.562248E+02  2.363581E+01  -1.027608E+02  1.192393E+02
1.562185E+02  2.363921E+01  -1.027429E+02  1.192395E+02
1.562069E+02  2.364544E+01  -1.027100E+02  1.192400E+02
1.561953E+02  2.365159E+01  -1.026774E+02  1.192404E+02
1.561904E+02  2.365426E+01  -1.026633E+02  1.192406E+02
1.561855E+02  2.365694E+01  -1.026492E+02  1.192408E+02
1.561784E+02  2.366082E+01  -1.026287E+02  1.192411E+02
1.561703E+02  2.366506E+01  -1.026061E+02  1.192414E+02
1.561618E+02  2.366970E+01  -1.025818E+02  1.192417E+02
1.561511E+02  2.367543E+01  -1.025514E+02  1.192421E+02
1.561455E+02  2.367846E+01  -1.025355E+02  1.192423E+02
1.561399E+02  2.368147E+01  -1.025195E+02  1.192426E+02
1.561317E+02  2.368592E+01  -1.024961E+02  1.192429E+02
1.561236E+02  2.369028E+01  -1.024730E+02  1.192432E+02
1.561145E+02  2.369520E+01  -1.024471E+02  1.192435E+02
1.561054E+02  2.370009E+01  -1.024212E+02  1.192438E+02
1.560970E+02  2.370467E+01  -1.023970E+02  1.192442E+02
1.560880E+02  2.370950E+01  -1.023716E+02  1.192445E+02
1.560796E+02  2.371401E+01  -1.023477E+02  1.192448E+02
1.560729E+02  2.371766E+01  -1.023284E+02  1.192451E+02
1.560646E+02  2.372213E+01  -1.023048E+02  1.192454E+02
1.560582E+02  2.372564E+01  -1.022863E+02  1.192456E+02
1.560515E+02  2.372923E+01  -1.022673E+02  1.192458E+02
1.560458E+02  2.373231E+01  -1.022510E+02  1.192461E+02
1.560376E+02  2.373675E+01  -1.022276E+02  1.192464E+02
1.560283E+02  2.374183E+01  -1.022008E+02  1.192467E+02
1.560238E+02  2.374427E+01  -1.021880E+02  1.192469E+02
1.560195E+02  2.374657E+01  -1.021758E+02  1.192470E+02
1.560111E+02  2.375114E+01  -1.021517E+02  1.192473E+02
1.560072E+02  2.375326E+01  -1.021405E+02  1.192475E+02
1.560032E+02  2.375538E+01  -1.021292E+02  1.192476E+02
1.559957E+02  2.375947E+01  -1.021077E+02  1.192479E+02
1.559888E+02  2.376324E+01  -1.020878E+02  1.192481E+02
1.559809E+02  2.376751E+01  -1.020653E+02  1.192484E+02
1.559739E+02  2.377134E+01  -1.020450E+02  1.192487E+02
1.559698E+02  2.377358E+01  -1.020332E+02  1.192488E+02
1.559654E+02  2.377594E+01  -1.020208E+02  1.192490E+02
1.559598E+02  2.377899E+01  -1.020047E+02  1.192492E+02
1.559525E+02  2.378295E+01  -1.019838E+02  1.192494E+02
1.559452E+02  2.378689E+01  -1.019629E+02  1.192497E+02
1.559412E+02  2.378909E+01  -1.019514E+02  1.192498E+02
1.559371E+02  2.379136E+01  -1.019394E+02  1.192500E+02
1.559303E+02  2.379499E+01  -1.019202E+02  1.192502E+02
1.559224E+02  2.379930E+01  -1.018975E+02  1.192505E+02
1.559140E+02  2.380392E+01  -1.018731E+02  1.192508E+02
1.559093E+02  2.380644E+01  -1.018598E+02  1.192509E+02
1.559045E+02  2.380901E+01  -1.018462E+02  1.192511E+02
1.558907E+02  2.381655E+01  -1.018065E+02  1.192516E+02
1.558842E+02  2.382010E+01  -1.017877E+02  1.192518E+02
1.558777E+02  2.382365E+01  -1.017690E+02  1.192520E+02
1.558715E+02  2.382705E+01  -1.017511E+02  1.192522E+02
1.558653E+02  2.383045E+01  -1.017332E+02  1.192524E+02
1.558582E+02  2.383432E+01  -1.017127E+02  1.192527E+02
1.558492E+02  2.383920E+01  -1.016870E+02  1.192530E+02
1.558404E+02  2.384399E+01  -1.016618E+02  1.192533E+02
1.558359E+02  2.384643E+01  -1.016488E+02  1.192534E+02
1.558314E+02  2.384896E+01  -1.016356E+02  1.192536E+02
1.558251E+02  2.385239E+01  -1.016175E+02  1.192538E+02
1.558186E+02  2.385593E+01  -1.015988E+02  1.192540E+02
1.558116E+02  2.385978E+01  -1.015785E+02  1.192542E+02
1.558055E+02  2.386309E+01  -1.015610E+02  1.192544E+02
1.557984E+02  2.386697E+01  -1.015405E+02  1.192547E+02
1.557920E+02  2.387047E+01  -1.015221E+02  1.192549E+02
1.557846E+02  2.387452E+01  -1.015007E+02  1.192551E+02
1.557774E+02  2.387848E+01  -1.014798E+02  1.192554E+02
1.557709E+02  2.388203E+01  -1.014611E+02  1.192556E+02
1.557668E+02  2.388425E+01  -1.014494E+02  1.192557E+02
1.557627E+02  2.388654E+01  -1.014374E+02  1.192558E+02
1.557562E+02  2.389009E+01  -1.014187E+02  1.192561E+02
1.557496E+02  2.389372E+01  -1.013995E+02  1.192563E+02
1.557419E+02  2.389792E+01  -1.013774E+02  1.192565E+02
1.557347E+02  2.390186E+01  -1.013566E+02  1.192567E+02
1.557280E+02  2.390551E+01  -1.013373E+02  1.192570E+02
1.557214E+02  2.390917E+01  -1.013180E+02  1.192572E+02
1.557150E+02  2.391270E+01  -1.012995E+02  1.192574E+02
1.557090E+02  2.391592E+01  -1.012824E+02  1.192576E+02
1.557020E+02  2.391981E+01  -1.012620E+02  1.192578E+02
1.556960E+02  2.392314E+01  -1.012445E+02  1.192580E+02
1.556899E+02  2.392644E+01  -1.012271E+02  1.192582E+02
1.556829E+02  2.393029E+01  -1.012067E+02  1.192584E+02
1.556794E+02  2.393225E+01  -1.011964E+02  1.192585E+02
1.556757E+02  2.393427E+01  -1.011858E+02  1.192586E+02
1.556699E+02  2.393746E+01  -1.011689E+02  1.192588E+02
1.556629E+02  2.394131E+01  -1.011487E+02  1.192590E+02
1.556572E+02  2.394445E+01  -1.011322E+02  1.192592E+02
1.556515E+02  2.394753E+01  -1.011158E+02  1.192594E+02
1.556449E+02  2.395122E+01  -1.010965E+02  1.192596E+02
1.556396E+02  2.395409E+01  -1.010812E+02  1.192597E+02
1.556334E+02  2.395759E+01  -1.010629E+02  1.192599E+02
1.556273E+02  2.396092E+01  -1.010454E+02  1.192601E+02
1.556216E+02  2.396407E+01  -1.010288E+02  1.192603E+02
1.556161E+02  2.396710E+01  -1.010129E+02  1.192604E+02
1.556107E+02  2.397007E+01  -1.009972E+02  1.192606E+02
1.556044E+02  2.397355E+01  -1.009789E+02  1.192608E+02
1.555981E+02  2.397701E+01  -1.009606E+02  1.192610E+02
1.555906E+02  2.398116E+01  -1.009388E+02  1.192612E+02
1.555831E+02  2.398528E+01  -1.009171E+02  1.192614E+02
1.555793E+02  2.398737E+01  -1.009060E+02  1.192616E+02
1.555756E+02  2.398947E+01  -1.008950E+02  1.192617E+02
1.555709E+02  2.399200E+01  -1.008816E+02  1.192618E+02
1.555663E+02  2.399462E+01  -1.008679E+02  1.192619E+02
1.555604E+02  2.399782E+01  -1.008510E+02  1.192621E+02
1.555545E+02  2.400110E+01  -1.008337E+02  1.192623E+02
1.555481E+02  2.400463E+01  -1.008152E+02  1.192625E+02
1.555420E+02  2.400805E+01  -1.007972E+02  1.192627E+02
1.555362E+02  2.401119E+01  -1.007806E+02  1.192628E+02
1.555302E+02  2.401453E+01  -1.007630E+02  1.192630E+02
1.555247E+02  2.401757E+01  -1.007470E+02  1.192632E+02
1.555194E+02  2.402050E+01  -1.007316E+02  1.192633E+02
1.555135E+02  2.402376E+01  -1.007144E+02  1.192635E+02
1.555072E+02  2.402727E+01  -1.006959E+02  1.192637E+02
1.554994E+02  2.403157E+01  -1.006733E+02  1.192639E+02
1.554953E+02  2.403388E+01  -1.006611E+02  1.192640E+02
1.554911E+02  2.403616E+01  -1.006491E+02  1.192641E+02
